29.99850655,84.00062561,3.062520504,5324,8200,0.22809982299804688
30.00191689,84.1955719,3.063741207,5605,8582,0.22978949546813965
30.00008202,84.39762878,3.060965061,5677,9032,0.22897887229919434
29.99999237,84.59721375,3.061093807,5298,9050,0.2377166748046875
30.00114059,84.79771423,3.062491417,5263,9203,0.2228400707244873
29.99934387,84.99824524,3.062277317,6058,10590,0.2267928123474121
30.00055885,85.19898987,3.06310463,4876,8583,0.22126078605651855
30.00027847,85.39976501,3.061490059,5065,8821,0.22745752334594727
29.99796104,85.60030365,3.062817574,4770,8266,0.22472286224365234
29.99698067,85.79919434,3.061790943,4671,8460,0.2240889072418213
30.00044823,85.99983215,3.06191206,4836,8155,0.2256026268005371
30.00293159,86.1999054,3.062230587,4680,8269,0.23055052757263184
29.99871063,86.39996338,3.06325531,4901,8266,0.2222609519958496
29.99817467,86.5995636,3.062702179,5116,8257,0.23059487342834473
29.99778175,86.80010223,3.061983585,5177,8479,0.2264721393585205
30.00198555,87.00085449,3.061362267,5325,8758,0.22392034530639648
29.99780846,87.20081329,3.062241077,5714,8839,0.2378091812133789
30.00141144,87.40099335,3.062995434,6653,9383,0.22818827629089355
29.99949455,87.60224915,3.062516212,8161,9901,0.2371068000793457
29.99872398,87.80229187,3.062495232,8489,9699,0.2301502227783203
29.99933243,88.00213623,3.062367439,8469,10132,0.22630524635314941
29.99969101,88.20102692,3.063522816,8910,10526,0.22857046127319336
30.00211525,88.40048981,3.060679436,9122,11476,0.2276782989501953
29.99705696,88.60118103,3.062300205,9208,12137,0.2356557846069336
29.99759483,88.80212402,3.061803341,9173,13002,0.2246866226196289
30.00012398,89.00241089,3.062368393,9368,13237,0.23012208938598633
30.19997978,84.01828766,3.062886715,6194,8671,0.22722840309143066
30.19976044,84.19532776,3.061706543,7092,9664,0.22252345085144043
30.19808197,84.39662933,3.062712669,7007,10513,0.22727584838867188
30.20014763,84.5987854,3.061771393,6777,10990,0.22269129753112793
30.20067596,84.79715729,3.062531948,6256,11000,0.22889161109924316
30.19858551,84.99742126,3.062222481,5612,10412,0.22066354751586914
30.20104408,85.19866943,3.062654495,5215,9508,0.2257251739501953
30.20264816,85.40008545,3.061117172,5130,9275,0.22821712493896484
30.20114136,85.59866333,3.061300278,4868,8742,0.22930097579956055
30.19935036,85.79985046,3.062710285,4833,8585,0.22316217422485352
30.19887352,85.99729919,3.061630249,4731,8464,0.22710371017456055
30.20005417,86.20009613,3.062908173,4659,8500,0.23317384719848633
30.19987679,86.39962769,3.063558102,4791,8397,0.22658538818359375
30.20126343,86.59951782,3.060321808,4890,8449,0.22779583930969238
30.19799614,86.7991333,3.062306404,4927,8248,0.2304065227508545
30.19989204,87.00164795,3.062044621,4950,8200,0.22660303115844727
30.2016716,87.19966125,3.062073231,5160,8626,0.22918224334716797
30.20123672,87.40091705,3.062098503,5689,9007,0.22975802421569824
30.19903946,87.60015106,3.061463833,6157,9166,0.2277071475982666
30.19819641,87.80270386,3.062372208,7239,9623,0.22296738624572754
30.1987915,87.99997711,3.063098907,8151,9979,0.22364091873168945
30.20149422,88.20158386,3.062440395,8091,10008,0.22600650787353516
30.19957161,88.3997345,3.061338902,8840,10642,0.21850275993347168
30.19991302,88.59893799,3.061633587,8961,11144,0.22400617599487305
30.20226097,88.80084991,3.062013149,9193,11928,0.23119091987609863
30.19872284,89.0018158,3.062448978,9339,12600,0.232957124710083
30.3993969,84.02311707,3.062439442,7947,9911,0.22275471687316895
30.39934158,84.1960144,3.06144619,9184,11067,0.2265644073486328
30.40196228,84.39874268,3.061973572,9605,12051,0.22323226928710938
30.39951324,84.59816742,3.06161499,8440,12811,0.22667527198791504
30.39986992,84.79949951,3.061877251,8097,13572,0.22887849807739258
30.39955711,84.99795532,3.0616436,7341,13318,0.22813129425048828
30.40116692,85.19904327,3.062386513,6116,12232,0.23120427131652832
30.40014648,85.40159607,3.063220024,5546,10865,0.22911953926086426
30.39666176,85.60071564,3.06273222,5106,9503,0.22626280784606934
30.40044022,85.79869843,3.06196022,4911,9273,0.2332782745361328
30.3999424,85.99728394,3.062277317,4870,8668,0.22337651252746582
30.39792633,86.20103455,3.061985493,4706,8648,0.22957491874694824
30.39967918,86.40248108,3.062966347,4735,8333,0.2407703399658203
30.39986038,86.60014343,3.062142849,4676,8370,0.231886625289917
30.40041542,86.80307007,3.062712669,4714,8383,0.23157501220703125
30.39906693,87.00108337,3.061190128,4865,8213,0.2260885238647461
30.39741707,87.20021057,3.062651634,4933,8421,0.2196977138519287
30.4037838,87.39860535,3.061048508,5036,8242,0.22764992713928223
30.40089226,87.59845734,3.062271118,5175,8548,0.22728347778320312
30.399683,87.80036926,3.061200142,5848,8807,0.23603391647338867
30.39979172,88.00182343,3.062494755,6207,9366,0.22451138496398926
30.40010834,88.19980621,3.061491489,7333,10213,0.22980594635009766
30.39970207,88.3999176,3.061226368,8305,10064,0.224517822265625
30.4003849,88.59690094,3.06150341,8644,10376,0.23429417610168457
30.4005928,88.79965973,3.061317921,8769,10693,0.22841715812683105
30.39927864,89.00154877,3.061584949,8825,11233,0.2216489315032959
30.60016632,84.02675629,3.062372684,9930,10232,0.2258906364440918
30.59698486,84.1975708,3.062422276,9448,10522,0.22889041900634766
30.60050011,84.39602661,3.061536312,8628,10079,0.2268695831298828
30.60049057,84.59671021,3.062682629,8291,10817,0.22586965560913086
30.60003662,84.79881287,3.061109066,8275,12159,0.22577261924743652
30.59673309,84.99871826,3.062373638,8418,14048,0.23668122291564941
30.59783936,85.19815063,3.061275482,7921,16839,0.22427868843078613
30.59924698,85.39628601,3.062090874,7558,15043,0.23219013214111328
30.5999012,85.59825897,3.062272072,6338,12927,0.22194719314575195
30.59916115,85.80025482,3.063003063,5606,10421,0.22457003593444824
30.5980587,86.00048828,3.063101768,5143,9690,0.22647690773010254
30.59828949,86.19858551,3.061120987,4992,8938,0.22652459144592285
30.60105896,86.39996338,3.061579704,4815,8748,0.22341322898864746
30.59812927,86.59980011,3.062418461,4783,8509,0.2290177345275879
30.59932518,86.80011749,3.061986923,4748,8645,0.231187105178833
30.59867096,87.00157166,3.062293053,4798,8295,0.22826170921325684
30.59924316,87.20158386,3.06137991,4772,8223,0.22963500022888184
30.59997368,87.3996048,3.062524319,4955,8307,0.2265641689300537
30.59764671,87.60017395,3.061329842,4862,8428,0.2190103530883789
30.60198593,87.79985046,3.061413765,5074,8441,0.22557306289672852
30.60292244,88.0,3.061725616,5317,8770,0.2302868366241455
30.60138321,88.19957733,3.063276291,5875,9171,0.23081445693969727
30.60021782,88.40158844,3.0612216,6837,9328,0.22810959815979004
30.6008873,88.59916687,3.06124258,7814,10065,0.22148370742797852
30.60236359,88.79904175,3.06287241,7988,9985,0.22290873527526855
30.60132408,89.00061035,3.060505867,8592,10182,0.22765588760375977
30.79751587,84.04181671,3.062357903,10346,10162,0.2233130931854248
30.80023384,84.19547272,3.063560963,9177,9524,0.22583365440368652
30.80163383,84.39552307,3.061543941,9425,11115,0.22409701347351074
30.80015373,84.59814453,3.063375473,9128,12040,0.22856640815734863
30.79872131,84.79852295,3.061404705,8082,12496,0.23275303840637207
30.795784,84.99596405,3.062726498,7729,12670,0.2237851619720459
30.80307007,85.19743347,3.062036991,8540,14700,0.22951006889343262
30.80110359,85.39975739,3.062128544,9391,17820,0.22214317321777344
30.79644585,85.59805298,3.06161499,8644,16738,0.22014474868774414
30.80274391,85.79623413,3.062017918,6965,13640,0.22606515884399414
30.80260658,85.99742126,3.061488152,5780,11820,0.23180723190307617
30.80283356,86.19848633,3.060958385,5326,10215,0.2206559181213379
30.79459381,86.40097046,3.062460423,5078,9379,0.2205660343170166
30.80112839,86.59814453,3.061048031,4967,9125,0.2277233600616455
30.80354118,86.8015213,3.062813759,4712,8851,0.22543573379516602
30.80341721,87.00101471,3.061758041,4798,8611,0.2299635410308838
30.79876137,87.20153809,3.062425137,4713,8599,0.22652697563171387
30.8021183,87.40048218,3.061754227,4679,8468,0.2316884994506836
30.80151176,87.60107422,3.061954498,4805,8314,0.23159050941467285
30.80196381,87.800354,3.062196255,4942,8587,0.24166083335876465
30.801157,87.99880219,3.061294556,4913,8523,0.22306370735168457
30.79911995,88.20213318,3.06193018,5236,8452,0.22736740112304688
30.79778862,88.40141296,3.062371254,5654,8777,0.22479915618896484
30.80307961,88.59980011,3.061567783,6051,9331,0.22398948669433594
30.7993412,88.80137634,3.062297821,6816,9869,0.22992348670959473
30.79922485,89.00099945,3.063021183,7948,9804,0.22915244102478027
30.99829674,84.02230835,3.062531948,9612,10006,0.22438836097717285
31.0034008,84.19784546,3.061187744,11057,11351,0.22399449348449707
31.00053596,84.39972687,3.062166691,11443,13594,0.22766447067260742
30.99800682,84.59551239,3.062576294,10444,13604,0.2273087501525879
30.99757385,84.79795837,3.062813282,9882,13433,0.22796988487243652
30.99938011,84.99854279,3.061590672,8859,13109,0.23852801322937012
30.99839973,85.19917297,3.062795639,7902,12946,0.2284841537475586
31.00186348,85.39938354,3.06240797,8896,13737,0.2283179759979248
30.99934578,85.59942627,3.062632084,9238,15080,0.22833585739135742
30.99639893,85.79920197,3.062631607,8285,16750,0.22629237174987793
30.99837112,85.99775696,3.061686039,7810,14998,0.23569130897521973
30.99962807,86.19864655,3.061890602,6375,12707,0.23188209533691406
31.00117874,86.39874268,3.061565876,5743,11264,0.23192787170410156
31.00240135,86.60118866,3.061954498,5225,10165,0.22430849075317383
30.99968529,86.79998016,3.062516212,4994,9261,0.22623848915100098
31.00230217,86.99901581,3.061872482,4777,8901,0.22699689865112305
30.99953461,87.19881439,3.062420845,4708,8652,0.2195751667022705
30.99780083,87.39877319,3.0618186,4660,8505,0.22137069702148438
31.00037003,87.60069275,3.061367512,4700,8511,0.22588872909545898
31.0036068,87.80137634,3.062577248,4748,8387,0.22768235206604004
31.00123787,88.00124359,3.061545849,4862,8438,0.22903656959533691
30.99922371,88.20259094,3.061974525,4923,8404,0.2360553741455078
31.00037766,88.40098572,3.060994625,5047,8359,0.23110556602478027
30.99894714,88.6001358,3.062402725,5293,8722,0.22166752815246582
30.99890709,88.8006134,3.061657429,5562,9095,0.2255549430847168
31.00164032,89.00250244,3.061691284,6311,9532,0.2245774269104004
31.1982975,84.02536011,3.062288284,10147,10213,0.2253873348236084
31.19675827,84.19702911,3.062397003,11808,13113,0.22804760932922363
31.20075607,84.39598846,3.061999321,10932,14294,0.22336149215698242
31.20319939,84.5977478,3.061859131,10716,14614,0.22869467735290527
31.20069695,84.79966736,3.061830044,9966,14552,0.22141647338867188
31.19691467,84.99676514,3.06165123,9821,13718,0.22508978843688965
31.20151329,85.19837952,3.061650276,9667,13646,0.2251911163330078
31.20029831,85.39897919,3.063100338,8639,13715,0.22828984260559082
31.19958687,85.59846497,3.061067581,8007,13222,0.22151422500610352
31.19971085,85.79852295,3.061291218,8795,14052,0.22274017333984375
31.19857407,85.99902344,3.062365532,8193,14655,0.22768044471740723
31.20145988,86.20022583,3.061212063,8003,16710,0.22551321983337402
31.19889832,86.40150452,3.062490463,7536,14720,0.22594046592712402
31.20055389,86.59921265,3.061425209,6251,12981,0.22993755340576172
31.20126724,86.80010223,3.062364578,5529,10622,0.22991561889648438
31.20051765,87.00024414,3.060946941,4923,9503,0.23131561279296875
31.20150948,87.20066071,3.061382771,4741,8909,0.223524808883667
31.19898796,87.4019165,3.06184721,4704,8606,0.23541593551635742
31.19951057,87.60142517,3.063651085,4627,8402,0.230086088180542
31.19927406,87.80226135,3.062823772,4619,8370,0.22670912742614746
31.19597626,88.001297,3.061242104,4708,8526,0.22348785400390625
31.19817162,88.20068359,3.060924053,4706,8235,0.22860121726989746
31.19872284,88.40209961,3.062308788,4707,8255,0.2224442958831787
31.20313454,88.60182953,3.061340332,4886,8160,0.2364652156829834
31.20351791,88.80099487,3.061271667,5074,8387,0.2310168743133545
31.20191574,89.00263214,3.06257391,5236,8464,0.22912311553955078
31.4005909,84.02734375,3.063560963,10625,11508,0.21907973289489746
31.39937782,84.19346619,3.060842037,10531,13215,0.22499895095825195
31.4011097,84.39873505,3.061896801,10233,13177,0.23144984245300293
31.40054893,84.60098267,3.062737942,9052,13553,0.22809529304504395
31.40120888,84.79894257,3.06299448,9075,13692,0.225799560546875
31.39565659,84.99925995,3.062392235,9211,14071,0.2233295440673828
31.39925194,85.19701385,3.063082218,9606,13917,0.22310805320739746
31.40237808,85.39720154,3.061378956,9020,13183,0.22727584838867188
31.397789,85.59941101,3.06237793,8712,12894,0.2266862392425537
31.39954185,85.79878235,3.0612216,7747,12678,0.22699546813964844
31.39994812,86.00011444,3.061119556,7513,12533,0.23097681999206543
31.4014473,86.19963074,3.062562943,8741,14356,0.22597146034240723
31.39851189,86.39990234,3.062918186,8986,16787,0.22955846786499023
31.397686,86.60251617,3.062277794,8290,17385,0.2264256477355957
31.39990234,86.80173492,3.062253475,7082,14031,0.22493362426757812
31.40053558,86.99688721,3.061254025,5729,12052,0.22557353973388672
31.39963341,87.2006073,3.061625481,5179,9913,0.22777724266052246
31.39852905,87.40365601,3.062211514,4920,9195,0.2216658592224121
31.4006176,87.5986557,3.063090324,4763,9040,0.23077654838562012
31.40301514,87.79988098,3.062966347,4815,8616,0.23055410385131836
31.401371,88.00048828,3.061575413,4768,8672,0.22802519798278809
31.40101433,88.20134735,3.06177187,4799,8320,0.22640085220336914
31.39673042,88.40131378,3.061402321,4752,8401,0.22810029983520508
31.39782333,88.60150909,3.06155014,4753,8333,0.22767043113708496
31.39831543,88.80311584,3.062997818,4837,8369,0.23711919784545898
31.40026665,89.00241089,3.063295364,4978,8349,0.22578096389770508
31.60160255,84.02084351,3.062142849,10959,13318,0.22621464729309082
31.60029221,84.19400024,3.062968731,10381,13315,0.21953082084655762
31.59762001,84.39877319,3.061655521,10237,13633,0.22976469993591309
31.60154152,84.59889984,3.060777664,10040,13852,0.22400641441345215
31.60069656,84.797966,3.0622859,9494,13859,0.2281627655029297
31.59852028,84.996315,3.060932159,9391,13641,0.2212684154510498
31.59972382,85.19696808,3.061226368,8833,13479,0.2271425724029541
31.60059357,85.39763641,3.062399864,8746,13351,0.2228238582611084
31.60026932,85.60115051,3.061408043,8777,12759,0.23653554916381836
31.6004467,85.7995224,3.061065674,8750,12623,0.22916388511657715
31.59827995,85.99937439,3.061476231,8105,12537,0.227675199508667
31.59817123,86.20022583,3.060955048,7775,12951,0.22874808311462402
31.59957695,86.40086365,3.062160015,8194,13775,0.2299506664276123
31.59958076,86.60165405,3.061980724,9551,16023,0.2270963191986084
31.5995388,86.80076599,3.063313484,9377,17792,0.2200779914855957
31.60123444,86.99877167,3.061331272,7613,15496,0.22491884231567383
31.60030365,87.20155334,3.062327862,6114,12555,0.22701048851013184
31.599123,87.3973999,3.061456203,5639,10902,0.228546142578125
31.59893036,87.6015625,3.062589169,5029,9505,0.23232698440551758
31.59981155,87.80054474,3.062553406,4880,9100,0.23162245750427246
31.59996796,88.00209045,3.063576221,4600,8854,0.2226870059967041
31.6029644,88.20068359,3.062308311,4561,8537,0.2274472713470459
31.60280228,88.39863586,3.059988976,4712,8220,0.22864151000976562
31.60054016,88.60150909,3.060570717,4664,8215,0.23067522048950195
31.60200691,88.80175781,3.061262131,4589,8240,0.2298135757446289
31.59906769,89.00084686,3.062239647,4737,8188,0.23208236694335938
31.80257416,84.02912903,3.062592983,10461,13506,0.2247910499572754
31.79767227,84.19550323,3.061673641,10438,13376,0.22609257698059082
31.80012321,84.40011597,3.061646461,10016,13385,0.22780203819274902
31.79995346,84.59671021,3.061601162,9950,13377,0.22187328338623047
31.79890251,84.7973175,3.062371731,9549,13231,0.2272336483001709
31.80106163,84.99816895,3.061746597,9152,13298,0.22377419471740723
31.80211449,85.19850159,3.061995983,9101,13418,0.2211616039276123
31.80048561,85.39710999,3.061616421,8522,12791,0.23229765892028809
31.79996681,85.59902954,3.061199665,8362,12726,0.22962236404418945
31.7999649,85.80136871,3.062300682,8640,13040,0.23363161087036133
31.80207825,85.99909973,3.06188488,8531,12436,0.2234182357788086
31.8011055,86.19993591,3.061558723,8684,13321,0.22935032844543457
31.79937935,86.39883423,3.061850071,8313,13788,0.2319622039794922
31.79991913,86.59857941,3.061692238,8013,14114,0.22995972633361816
31.80152512,86.79853821,3.060966492,8763,14870,0.23047542572021484
31.79881477,87.00143433,3.061161518,9002,15713,0.21988606452941895
31.79915619,87.1995697,3.062905312,8223,16220,0.22444963455200195
31.80164909,87.40103912,3.061740398,7116,13709,0.22801566123962402
31.79748154,87.6003952,3.061989784,5807,11946,0.2300429344177246
31.79948807,87.80116272,3.061395645,5313,10308,0.22544121742248535
31.7970314,88.00218201,3.062726974,4956,9584,0.2293384075164795
31.80336761,88.20101929,3.059751511,5070,9128,0.22565007209777832
31.8003521,88.3993454,3.062192917,4666,8771,0.21912431716918945
31.79532814,88.59985352,3.06119442,4547,8443,0.22866225242614746
31.80125618,88.80079651,3.060264111,4605,8323,0.2340221405029297
31.80198097,88.99996948,3.061583519,4624,8287,0.22589397430419922
32.00234985,84.0212326,3.062865257,10735,13334,0.2256453037261963
31.9999218,84.19615936,3.06163168,10152,13106,0.2272355556488037
31.99963379,84.39654541,3.061889172,10215,13418,0.22765469551086426
31.99853897,84.59811401,3.062032223,10248,13376,0.22655940055847168
32.00091171,84.79819489,3.06223774,9614,13235,0.21985268592834473
32.00158691,84.99752045,3.061471462,9190,12867,0.2254626750946045
32.00199509,85.19932556,3.063341141,8817,13048,0.2232506275177002
31.99994469,85.39675903,3.062188148,8506,12508,0.22905349731445312
31.99856567,85.59951782,3.062498569,8431,13107,0.23228812217712402
32.00125504,85.79907227,3.061544895,8614,13276,0.23195457458496094
32.00063324,86.00113678,3.062080383,8699,13469,0.22259855270385742
32.00224304,86.19934845,3.062045097,9204,14130,0.2208414077758789
31.9983139,86.40116882,3.061925888,9080,13024,0.2242889404296875
31.99641609,86.59980011,3.063013077,8909,13153,0.2335035800933838
31.99926949,86.80075073,3.0626297,7901,13218,0.21861910820007324
32.00257111,86.99837494,3.063854694,7895,13168,0.22047972679138184
31.99881363,87.19923401,3.061500549,8902,14251,0.21795868873596191
31.99604034,87.40057373,3.06311655,7883,15248,0.2256603240966797
31.9993782,87.60014343,3.06082201,7790,16178,0.22878432273864746
32.00099182,87.80106354,3.062717915,6926,13992,0.22809290885925293
32.00323486,88.00003052,3.061779022,5940,12678,0.22873258590698242
31.99872208,88.20068359,3.062160492,5449,10456,0.2252805233001709
31.9982605,88.39936829,3.061362267,5080,9766,0.22806382179260254
32.00175476,88.60138702,3.061707497,5053,9299,0.22270750999450684
32.00024033,88.80177307,3.061553478,4734,8874,0.22646832466125488
31.99837685,88.9994278,3.062551975,4708,8689,0.2285153865814209
32.19982147,84.01792908,3.062529564,10440,13199,0.22728586196899414
32.20114899,84.19695282,3.061458588,10183,13120,0.22762107849121094
32.19910812,84.3949585,3.062819481,10308,13821,0.22748661041259766
32.20180511,84.59716034,3.061466217,10406,13771,0.2306840419769287
32.2017746,84.79795074,3.062313557,9488,13190,0.2246723175048828
32.20040512,84.99832153,3.060153484,9179,12760,0.22914981842041016
32.19684601,85.1995697,3.061188221,9273,12942,0.2265942096710205
32.19784546,85.40005493,3.062543869,9185,12668,0.2277817726135254
32.20059967,85.60107422,3.061976433,8714,12945,0.21866321563720703
32.19837189,85.7984848,3.062707424,8948,13866,0.22870278358459473
32.19918442,85.99900818,3.061711788,9181,14047,0.22992849349975586
32.19759369,86.19924927,3.062802315,9502,14515,0.22793793678283691
32.19768524,86.39993286,3.063517094,9448,14439,0.2272486686706543
32.2009697,86.60037994,3.062026978,9450,13640,0.22299742698669434
32.20288086,86.80348206,3.061994553,9172,12581,0.22998332977294922
32.20124817,87.00086975,3.062147141,8655,13194,0.22727036476135254
32.19908142,87.19963074,3.063092232,7833,13189,0.2283766269683838
32.19628906,87.40002441,3.061774731,8206,13755,0.23149442672729492
32.19956207,87.5991745,3.061347485,8703,15470,0.22629809379577637
32.19930267,87.80125427,3.062122345,8927,18078,0.2258892059326172
32.19880295,87.99993134,3.06257534,8473,17364,0.22530555725097656
32.19644928,88.20045471,3.061775208,6812,14310,0.23049426078796387
32.20077515,88.40232849,3.061146736,5955,11946,0.2320420742034912
32.20272446,88.60087585,3.061864853,5102,10010,0.22740483283996582
32.20112991,88.80275726,3.062307835,4973,9660,0.22806572914123535
32.19990921,89.00001526,3.061271667,4796,9085,0.22126054763793945
32.40436554,84.04289246,3.062722206,9355,11014,0.22457385063171387
32.40427399,84.19607544,3.060789108,9224,11933,0.22582221031188965
32.39897919,84.39752197,3.061924458,9765,12437,0.22430729866027832
32.39735413,84.5982132,3.062639713,9546,12624,0.23176860809326172
32.4004364,84.79721069,3.063234806,9331,12880,0.22687101364135742
32.40468597,85.00027466,3.061831474,9154,12286,0.23571324348449707
32.40432358,85.20114136,3.061502934,8914,12672,0.23197698593139648
32.39764023,85.39741516,3.062057972,8834,12340,0.22211742401123047
32.39717865,85.59909821,3.061429977,9657,13152,0.22788262367248535
32.3985672,85.79872131,3.061530113,9886,14635,0.22624897956848145
32.40392303,85.99834442,3.062198639,9624,14359,0.22950100898742676
32.40005493,86.20152283,3.062414646,9432,14365,0.22836852073669434
32.39844131,86.39881134,3.062049866,9656,14311,0.22749924659729004
32.39820862,86.59938812,3.061512947,9178,13417,0.22035717964172363
32.40399933,86.80010986,3.06135273,8995,12812,0.2242588996887207
32.40076828,87.00080872,3.062540531,8437,12266,0.2264242172241211
32.39846039,87.20195007,3.060516834,8481,12291,0.2268083095550537
32.3976326,87.40008545,3.062936306,8103,13353,0.22847723960876465
32.40013885,87.59871674,3.061244965,8277,13405,0.22813630104064941
32.39762878,87.80323029,3.063079834,9120,14991,0.23369979858398438
32.40109253,88.00175476,3.062149048,9966,17461,0.2244715690612793
32.39974594,88.20323181,3.06188488,8489,18902,0.22829484939575195
32.40161133,88.40048218,3.060851574,7656,15766,0.22398042678833008
32.39938736,88.60166931,3.061618805,6172,12697,0.2292170524597168
32.40029144,88.80169678,3.062865257,5564,11146,0.23643827438354492
32.40111542,89.00061035,3.0619874,5024,9860,0.2300713062286377
32.60096741,84.0201416,3.062730789,8601,10057,0.22765779495239258
32.5982666,84.19719696,3.061772346,8638,10371,0.22216296195983887
32.59862518,84.39653778,3.061270714,8950,11166,0.2325575351715088
32.60071564,84.59762573,3.062976837,9106,12523,0.2289285659790039
32.60019684,84.7978363,3.062318325,9041,12104,0.22784090042114258
32.59840775,84.99996185,3.06248188,8824,12351,0.2279672622680664
32.5994873,85.19934845,3.063166618,9103,12383,0.2288191318511963
32.60245514,85.39664459,3.06155014,8880,12880,0.22723627090454102
32.60163879,85.59801483,3.061932087,9016,12919,0.22930383682250977
32.60205078,85.79928589,3.060869217,10136,13985,0.22840571403503418
32.5976944,85.99851227,3.061990261,9425,14012,0.21823763847351074
32.59557343,86.20178223,3.062657833,9374,14327,0.2307746410369873
32.60049438,86.40074921,3.062535286,9595,14237,0.2296156883239746
32.59928131,86.60061646,3.062152386,9307,13882,0.22788715362548828
32.59701538,86.79909515,3.061477184,8787,12991,0.2204892635345459
32.60231781,87.00210571,3.061325073,8239,12416,0.22448062896728516
32.60180664,87.19949341,3.062841892,8723,12767,0.22664475440979004
32.60155106,87.40094757,3.061784744,8969,13536,0.22679996490478516
32.59888077,87.60027313,3.062525749,9108,14326,0.21979928016662598
32.59977722,87.80055237,3.060973644,8389,14055,0.22589969635009766
32.59886169,88.00074768,3.061992168,8995,14966,0.22938871383666992
32.59716034,88.20238495,3.061852455,10046,16445,0.2242598533630371
32.60248184,88.40013123,3.061009407,9085,16760,0.22484898567199707
32.6027832,88.59913635,3.061133385,8271,16679,0.22233223915100098
32.59768677,88.80064392,3.062427044,7104,14168,0.22623968124389648
32.59994125,88.99949646,3.061161518,5781,12605,0.22570276260375977
32.80090332,84.03465271,3.062858582,7883,9297,0.22472071647644043
32.79986572,84.1964035,3.062315941,8067,9579,0.22622323036193848
32.79974365,84.39794159,3.062445641,8381,10362,0.2248673439025879
32.79866028,84.59875488,3.060876369,8806,10884,0.22512555122375488
32.80057526,84.79721069,3.061930656,8633,11479,0.22394800186157227
32.80104065,84.99701691,3.06208086,8868,12212,0.22146058082580566
32.80052185,85.19895935,3.062608719,8935,12494,0.23015499114990234
32.79841232,85.40100861,3.063148022,9279,13087,0.22545671463012695
32.79953766,85.598526,3.061973095,9659,13986,0.22315645217895508
32.80138397,85.79795074,3.0615201,10420,14595,0.2366476058959961
32.80008698,85.9982605,3.062183857,9980,14056,0.23004150390625
32.80020142,86.19883728,3.061813354,9430,13713,0.22227978706359863
32.79712296,86.40452576,3.063054085,9245,13687,0.22903203964233398
32.80034256,86.60010529,3.061919689,9088,13163,0.23489117622375488
32.80052185,86.80020142,3.061490059,8807,12969,0.22931408882141113
32.80083847,87.00046539,3.061943054,8497,12802,0.2292788028717041
32.80038452,87.1995163,3.061295509,8313,13135,0.22243976593017578
32.79896545,87.40154266,3.061969757,8668,13704,0.22329258918762207
32.79960632,87.6006012,3.06303215,9154,13302,0.22693920135498047
32.79948425,87.80020142,3.061989784,9711,13917,0.22418713569641113
32.79811478,88.00091553,3.06262207,9212,14194,0.22412967681884766
32.79987335,88.19825745,3.061113358,8345,14141,0.2305586338043213
32.80040359,88.40065765,3.06146431,8565,13773,0.2320852279663086
32.79830933,88.59936523,3.061974525,9135,15125,0.22206664085388184
32.79754639,88.80034637,3.061242104,8475,17071,0.22734403610229492
32.80237961,89.00027466,3.062055111,7903,16825,0.22319674491882324
33.00214386,84.02378082,3.062486172,6893,9126,0.22820472717285156
33.00207138,84.19721985,3.062588215,7303,9286,0.23221921920776367
32.99816132,84.39710999,3.05957222,7472,9482,0.23008418083190918
32.99666595,84.59963989,3.062887669,8414,9731,0.22874188423156738
32.9956131,84.7980423,3.063129425,8238,10323,0.2306690216064453
33.00202942,84.99768829,3.061953068,8398,11033,0.2257068157196045
33.00375748,85.19433594,3.061686516,8866,12062,0.22396564483642578
33.003479,85.39740753,3.061298847,9000,12673,0.2359752655029297
33.00110626,85.6007309,3.0621171,9073,13189,0.23055744171142578
32.99741745,85.80097198,3.061998367,9596,13961,0.22670722007751465
33.0022049,85.99974823,3.062353134,9459,13602,0.2232813835144043
33.00375366,86.19867706,3.061722755,9206,13550,0.22687768936157227
32.99702835,86.39953613,3.061382771,9252,13283,0.22568988800048828
33.0005722,86.59754944,3.062318325,9116,12926,0.22481894493103027
33.00097656,86.79888916,3.06193018,8995,12977,0.22338342666625977
32.99774933,86.99765015,3.060941696,8414,13116,0.2211613655090332
32.99536514,87.20108032,3.061608791,8275,12697,0.22794771194458008
32.99947357,87.40018463,3.061199188,8439,12847,0.22674846649169922
32.99923706,87.60184479,3.060935497,8822,13678,0.2249312400817871
32.99901581,87.79882813,3.061852932,9282,14018,0.22461366653442383
33.00065994,87.99990082,3.061313152,9837,13535,0.22191286087036133
32.99970245,88.20043945,3.062488556,9847,13950,0.22878217697143555
33.00076675,88.39984894,3.061788082,9038,14292,0.2300095558166504
32.99871826,88.60050964,3.060546398,8521,13747,0.22763347625732422
33.00035858,88.79963684,3.062018394,8556,14572,0.23239684104919434
33.00081635,89.00274658,3.061594963,9284,16109,0.22528767585754395
33.20176697,84.04155731,3.06282568,5819,8531,0.2298583984375
33.20196533,84.19538116,3.061659336,6195,9054,0.22715163230895996
33.19543076,84.39849854,3.062520027,7584,9720,0.22724413871765137
33.19847107,84.59738159,3.061375141,8070,9594,0.22559285163879395
33.20246124,84.79972839,3.061892509,7943,9447,0.23108935356140137
33.20209503,84.99646759,3.061687469,8422,9893,0.23316287994384766
33.20152283,85.19828796,3.06150198,8712,10738,0.2272799015045166
33.19812775,85.40153503,3.061471462,8941,11671,0.228989839553833
33.19981003,85.60205078,3.062793255,8657,12377,0.22759413719177246
33.20175171,85.79938507,3.062593937,8812,12520,0.22646689414978027
33.20007324,85.99681854,3.06248045,9189,13031,0.2299938201904297
33.19901276,86.19828796,3.062021732,8762,13047,0.22638654708862305
33.1981926,86.39865875,3.06208086,8762,12625,0.22292089462280273
33.20293427,86.59925842,3.061510563,8843,12841,0.226423978805542
33.2002449,86.79948425,3.062978745,8877,12762,0.23625612258911133
33.20082855,87.00053406,3.061740875,8846,12793,0.2416398525238037
33.20101929,87.19960022,3.061604023,8814,12945,0.22205877304077148
33.19911575,87.39935303,3.061764717,9064,13225,0.22359967231750488
33.20199966,87.59874725,3.062661648,8959,13463,0.22824883460998535
33.20436096,87.80344391,3.060961723,8990,13801,0.22502756118774414
33.20084381,88.00028992,3.062147617,9076,14271,0.22482991218566895
33.19610596,88.20281219,3.061671734,9762,14692,0.22499728202819824
33.20133591,88.39798737,3.062138557,9319,13600,0.22051715850830078
33.20346832,88.60292053,3.062019825,9431,13888,0.22700095176696777
33.20065308,88.80250549,3.060902119,8498,13657,0.23517394065856934
33.19976044,89.00109863,3.060967922,8368,13567,0.22448205947875977
33.40351105,84.0268631,3.061628819,5073,7808,0.22673654556274414
33.40174866,84.19526672,3.060868263,5323,8350,0.2203357219696045
33.39729309,84.39741516,3.062995434,5816,8713,0.22606635093688965
33.39995575,84.59830475,3.062838554,6650,9241,0.22751283645629883
33.40111542,84.79808807,3.062475681,7328,9518,0.22774982452392578
33.40041733,84.9977417,3.061522961,7818,9452,0.2228991985321045
33.40109253,85.19622803,3.061326504,8203,9741,0.22599554061889648
33.40254211,85.39781189,3.062905788,8525,9904,0.22011303901672363
33.39903259,85.60063171,3.062341213,8592,10982,0.22566819190979004
33.39745712,85.8006897,3.061998367,8649,11543,0.2284986972808838
33.39723206,85.99924469,3.062951565,8843,12444,0.22404241561889648
33.39883423,86.20000458,3.062560081,8619,12115,0.22502994537353516
33.40248108,86.39865875,3.061718941,8620,12198,0.22528934478759766
33.40045166,86.59925079,3.061817646,8511,12258,0.22944211959838867
33.39925003,86.80047607,3.061394691,8213,12132,0.227219820022583
33.40060425,86.99843597,3.061808109,8311,12075,0.22460436820983887
33.40123367,87.20013428,3.060617447,8593,12376,0.22525668144226074
33.3992157,87.40066528,3.061468601,8774,12941,0.2284531593322754
33.39806366,87.60022736,3.062128544,9054,13124,0.22822022438049316
33.39710236,87.79850006,3.062928677,9038,13287,0.22696161270141602
33.40396881,88.00024414,3.06101656,9064,13653,0.22745203971862793
33.40132141,88.20108032,3.062282562,9032,13788,0.22285056114196777
33.39424133,88.40049744,3.061980247,9001,14009,0.2321479320526123
33.3966217,88.599823,3.0616436,9556,13474,0.22411298751831055
33.40192032,88.7982254,3.061973572,9594,13542,0.22770905494689941
33.40174103,89.0004425,3.06246376,8967,13731,0.2243046760559082
33.59918976,84.02394867,3.062307358,4665,7803,0.23493242263793945
33.59976578,84.19637299,3.061289787,4711,7769,0.22301530838012695
33.60043335,84.39749146,3.062648296,4994,8112,0.23078250885009766
33.60134506,84.59571075,3.061910629,5445,8442,0.22688627243041992
33.59708405,84.8012619,3.062707901,5839,8866,0.225999116897583
33.59976959,84.99887848,3.061809063,6988,9646,0.2248821258544922
33.60053253,85.20091248,3.062718391,8492,9793,0.22510313987731934
33.6009903,85.39867401,3.061991692,8099,9570,0.23691582679748535
33.59863281,85.59735107,3.061496258,8433,9843,0.22884559631347656
33.5978241,85.79985046,3.061432838,8298,10527,0.22391629219055176
33.60157776,85.99802399,3.062190056,8487,10738,0.22533726692199707
33.59909058,86.19921112,3.063048363,8262,11559,0.22850990295410156
33.59632111,86.39749146,3.062212944,8503,12047,0.22034645080566406
33.59989166,86.59719849,3.061366081,8587,12155,0.23033380508422852
33.60197449,86.79790497,3.063163757,8048,11968,0.22014594078063965
33.59753036,86.99951935,3.062573433,8214,11887,0.22612476348876953
33.59899902,87.19913483,3.06207943,8417,12240,0.23136615753173828
33.6006546,87.39968872,3.06105423,8824,12840,0.22849273681640625
33.59894562,87.59739685,3.062942982,9271,13102,0.22615885734558105
33.60058212,87.79914856,3.061420918,9332,13793,0.2238762378692627
33.60041428,88.00209808,3.061537266,9518,14680,0.22587013244628906
33.59881592,88.20082092,3.063326359,9730,14078,0.23247122764587402
33.59975433,88.40209961,3.06252861,9468,14230,0.23433208465576172
33.59989166,88.60050964,3.061443329,9493,14305,0.22397708892822266
33.60147095,88.79930878,3.061206818,9654,14544,0.22563862800598145
33.59727097,88.99987793,3.061676979,9741,14065,0.2237410545349121
33.79950714,84.02458191,3.062002659,4674,8090,0.22836804389953613
33.80295563,84.19689941,3.061719894,4624,8191,0.2217416763305664
33.8010788,84.39866638,3.063249588,4886,8092,0.22742867469787598
33.79994965,84.59773254,3.062232971,5050,8011,0.22177553176879883
33.80079269,84.79721069,3.062064171,5156,8304,0.22522473335266113
33.79934692,85.00096893,3.062814236,5786,8842,0.2247171401977539
33.79910278,85.1975174,3.062376976,6616,9423,0.22442317008972168
33.79762268,85.40116119,3.062653542,7256,9593,0.22671723365783691
33.80059814,85.59791565,3.062681198,8207,9419,0.22573208808898926
33.80381012,85.79758453,3.062592983,7905,9651,0.22432303428649902
33.80139923,85.99888611,3.062083721,7711,9970,0.2296581268310547
33.79972839,86.19965363,3.061463356,7862,10491,0.23012089729309082
33.79857254,86.39899445,3.060644627,8118,11118,0.22376084327697754
33.80095673,86.60046387,3.0623312,8305,11528,0.22731852531433105
33.79878616,86.79940796,3.061435699,7969,11219,0.2195577621459961
33.79950714,86.9980545,3.063644409,7769,11639,0.2265186309814453
33.80156708,87.20032501,3.062028408,8318,12128,0.22833514213562012
33.80072021,87.40029907,3.062562466,8654,12404,0.22542023658752441
33.79941559,87.60084534,3.061809063,9281,12903,0.21850180625915527
33.79903412,87.8015213,3.062560081,9570,13576,0.2177107334136963
33.80091095,88.0002594,3.062114716,9510,13773,0.2278435230255127
33.79953003,88.19888306,3.061169147,9673,13836,0.22519850730895996
33.79969788,88.40052795,3.062227249,9589,14229,0.2274329662322998
33.80228424,88.60037994,3.06156683,9540,14304,0.22318768501281738
33.80130768,88.80017853,3.062704086,9568,14318,0.22708582878112793
33.796772,89.00081635,3.061623573,9642,14731,0.22099041938781738
34.00034332,84.02176666,3.062586784,4526,8235,0.22843241691589355
33.99970245,84.19625854,3.061837196,4631,8048,0.23319792747497559
34.00239563,84.39648438,3.062323093,4689,8035,0.22465753555297852
34.00087738,84.59899902,3.062733173,4885,8088,0.2365562915802002
34.00048447,84.79871368,3.061395645,4900,8118,0.2296297550201416
33.99752045,84.99906921,3.061846733,5180,8193,0.22871661186218262
33.99925995,85.19911194,3.061280251,5247,8588,0.21771764755249023
34.00233078,85.39814758,3.062317848,5825,8695,0.2270669937133789
33.99850082,85.59919739,3.063116074,6608,9171,0.2254960536956787
33.99827576,85.79855347,3.060474396,6958,9431,0.23152637481689453
34.00074768,85.99983215,3.061722755,7210,9338,0.2266368865966797
34.00367737,86.19950867,3.062247276,7880,9713,0.2244253158569336
34.00030518,86.39794922,3.061893463,8154,10207,0.22457671165466309
34.00027466,86.59913635,3.061856747,8236,10680,0.2273855209350586
34.00180054,86.7983551,3.061166763,8492,11393,0.2308964729309082
33.99965286,87.00022125,3.061608791,8710,11923,0.22922325134277344
34.00075531,87.19933319,3.06276226,9118,12739,0.22814083099365234
33.9981308,87.40167236,3.061922073,9363,13132,0.22668075561523438
34.00004959,87.59951019,3.061947346,9355,13268,0.22408485412597656
33.99980164,87.80010986,3.062072277,9582,13723,0.22634410858154297
33.99994659,88.0010376,3.061024189,9730,13658,0.22620415687561035
33.99963379,88.20024109,3.062457085,9609,13803,0.2210400104522705
34.00113678,88.40079498,3.061002731,9832,13803,0.23057866096496582
34.00282288,88.60139465,3.061342716,9602,13958,0.22286558151245117
33.99612045,88.80307007,3.062947273,9373,14103,0.22660279273986816
33.99796677,89.00091553,3.062359333,9595,14428,0.2331242561340332
34.19756317,84.02368164,3.062168598,4739,8360,0.22306442260742188
34.20278168,84.19587708,3.061752319,4559,8164,0.22215795516967773
34.20159912,84.39831543,3.060533524,4606,8182,0.2315654754638672
34.1995163,84.59986877,3.062448502,4653,8220,0.22938179969787598
34.19732285,84.79882812,3.06251049,4605,8132,0.22740626335144043
34.2016449,84.99992371,3.061071396,4842,8118,0.22211956977844238
34.20318604,85.19807434,3.062270641,4933,8327,0.2228994369506836
34.20204163,85.39825439,3.061844826,5033,8118,0.2273414134979248
34.19846344,85.59938049,3.062566757,5338,8549,0.23203229904174805
34.19834137,85.80249786,3.061856747,5722,8842,0.237013578414917
34.19939804,86.00085449,3.062133789,6531,9546,0.2246534824371338
34.19992828,86.199646,3.06239748,7625,9426,0.22232341766357422
34.20001221,86.39968109,3.062030792,7733,9419,0.22750496864318848
34.20111847,86.5994873,3.062358856,7986,9827,0.2305011749267578
34.19887924,86.80028534,3.062950134,8217,10378,0.2400069236755371
34.20001221,86.99975586,3.061481476,8294,10965,0.22594070434570312
34.20107269,87.1995697,3.061206818,8908,12292,0.2343120574951172
34.19733047,87.40033722,3.063121796,9396,12772,0.22962093353271484
34.20053101,87.60163879,3.061329842,9418,13113,0.23092389106750488
34.19906616,87.80059814,3.062523365,9611,13727,0.2261042594909668
34.2053299,88.00206757,3.062789917,9721,13694,0.2199115753173828
34.19787598,88.20050812,3.062782764,9662,13638,0.22597742080688477
34.19612122,88.40011597,3.062209606,9999,14457,0.22647690773010254
34.19776154,88.59988403,3.061477184,9998,13863,0.22789740562438965
34.20383453,88.8010788,3.060421944,9782,13755,0.22182703018188477
34.20150757,89.00108337,3.063101768,9949,14348,0.22350358963012695
34.39746475,84.02655029,3.062434196,4865,8677,0.2281949520111084
34.39827728,84.19782257,3.062102795,4798,8588,0.22787952423095703
34.39753723,84.39775085,3.061336994,4638,8282,0.24138975143432617
34.40339661,84.5970459,3.062350273,4664,8366,0.22907257080078125
34.40254974,84.79966736,3.061918736,4701,8518,0.23822379112243652
34.40248108,84.99880981,3.062630177,4692,8327,0.23822641372680664
34.39952087,85.19950867,3.062489033,4908,8206,0.22358322143554688
34.39698029,85.39952087,3.060996056,4917,8144,0.22539401054382324
34.39795303,85.59817505,3.061999321,5016,8120,0.22559285163879395
34.39862823,85.79941559,3.062980652,5245,8538,0.22159290313720703
34.40070343,85.99855804,3.062102795,5571,8810,0.22761225700378418
34.39625168,86.19882202,3.062033176,6427,9257,0.22675490379333496
34.39788055,86.40011597,3.062242508,7236,9429,0.2205212116241455
34.40270615,86.599823,3.060695648,7662,9316,0.23990821838378906
34.4008255,86.80014038,3.062357903,7493,9593,0.22922015190124512
34.40078354,86.99998474,3.061279297,7986,10195,0.23099637031555176
34.39907074,87.19915771,3.06261301,8732,11361,0.21701574325561523
34.40101242,87.39937592,3.062282085,9091,12105,0.2261495590209961
34.4040451,87.60205078,3.061549187,9558,13173,0.22636938095092773
34.39919281,87.80141449,3.062623978,9722,13237,0.23130083084106445
34.39653015,88.00024414,3.060993195,9585,13329,0.22444510459899902
34.39825058,88.20036316,3.061469078,9180,13322,0.22837257385253906
34.40135956,88.40090942,3.061796188,9694,13926,0.22675561904907227
34.39928055,88.60180664,3.060589314,9909,13802,0.2224576473236084
34.39907837,88.80101776,3.062173843,9808,13694,0.2269275188446045
34.39967728,89.00184631,3.06167078,9656,13920,0.22858881950378418
34.60261154,84.01803589,3.062922955,5062,9251,0.22910189628601074
34.60055542,84.19523621,3.062286377,4797,8903,0.22567439079284668
34.60086441,84.39579773,3.061654091,4699,8832,0.22881317138671875
34.60128021,84.59726715,3.061760426,4658,8361,0.22764062881469727
34.59899902,84.79908752,3.061657906,4653,8249,0.2230079174041748
34.60209656,84.99640656,3.060878277,4697,8105,0.22768950462341309
34.60388184,85.19636536,3.060252666,4617,8193,0.22236990928649902
34.59630585,85.39933014,3.062600136,4641,8150,0.22711968421936035
34.59984207,85.59973907,3.060699463,4816,8034,0.22536921501159668
34.60140228,85.7966156,3.062360287,4818,8178,0.22204017639160156
34.60025024,86.00035858,3.061953068,4912,8105,0.22557711601257324
34.59844971,86.2021637,3.061452866,5138,8310,0.22675752639770508
34.60019302,86.39987183,3.061355114,5644,8837,0.22364425659179688
34.60017395,86.60058594,3.06170702,6109,8986,0.2266685962677002
34.59984207,86.8002243,3.061299324,7016,9583,0.2320563793182373
34.60122299,86.99972534,3.060573101,7929,9568,0.22394824028015137
34.59994507,87.20039368,3.062225342,8377,9980,0.23093771934509277
34.60140991,87.39926147,3.061131477,8767,10519,0.2219831943511963
34.59764862,87.59944153,3.062408447,8931,11504,0.22958850860595703
34.59765625,87.80297089,3.062045574,9218,12294,0.22800087928771973
34.60229111,87.99856567,3.061510563,9638,13006,0.22701001167297363
34.60211182,88.20021057,3.06116724,9580,13153,0.22756719589233398
34.60062027,88.40229797,3.061548233,9789,13706,0.22792530059814453
34.60012817,88.60099792,3.061575413,10056,13758,0.22378087043762207
34.60020447,88.80053711,3.06112051,10056,14081,0.2259373664855957
34.60205078,89.00041199,3.061151981,10109,13881,0.22464489936828613
34.79918289,84.03418732,3.06372118,6043,11798,0.22586536407470703
34.80005646,84.19662476,3.06264019,5379,10487,0.23236417770385742
34.79901123,84.39905548,3.062893867,5024,9725,0.2333531379699707
34.80055237,84.59977722,3.061946869,5074,9135,0.22863507270812988
34.80548096,84.79576111,3.061445236,4700,8768,0.2291858196258545
34.80202484,84.99906921,3.062395573,4655,8348,0.22635698318481445
34.79824066,85.20040894,3.062533855,4474,8341,0.23795700073242188
34.79515076,85.39915466,3.0627141,4477,8189,0.2293999195098877
34.79569244,85.59843445,3.063141346,4657,8088,0.23708558082580566
34.7989502,85.80053711,3.062534809,4565,8043,0.22936630249023438
34.80047607,86.00011444,3.061533928,4724,8029,0.22691130638122559
34.80004883,86.19889832,3.061539173,4777,7929,0.22228622436523438
34.80057907,86.39868164,3.062229156,5005,8291,0.2329883575439453
34.80039978,86.59947205,3.062447071,5350,8528,0.23427796363830566
34.80067444,86.80042267,3.061745167,5881,8927,0.23648524284362793
34.80012512,87.00110626,3.062263966,7201,9292,0.2327570915222168
34.79886627,87.20059204,3.061683655,8374,9459,0.22467565536499023
34.79914093,87.40239716,3.062437057,8187,9792,0.22594428062438965
34.79920959,87.6002655,3.063213348,8340,10182,0.2257859706878662
34.80014801,87.80052185,3.060937405,8869,10988,0.2269444465637207
34.79967117,88.00254059,3.062829018,9360,11874,0.22737407684326172
34.80301285,88.20106506,3.059925556,9582,12921,0.227097749710083
34.80351639,88.39809418,3.062120914,9594,13568,0.22920870780944824
34.80418015,88.60138702,3.060902119,9965,13339,0.22788691520690918
34.79690552,88.80111694,3.062743664,10162,14163,0.23603153228759766
34.80010986,89.0014801,3.06110096,10136,14046,0.2300417423248291
35.00173187,84.04056549,3.061302662,7306,15160,0.22243714332580566
35.00050354,84.19936371,3.062242031,6780,13476,0.22681689262390137
35.00221252,84.39691925,3.061481476,6062,12196,0.22825002670288086
35.00198364,84.59654236,3.061918259,5300,10402,0.22420191764831543
34.99864197,84.79909515,3.061775208,5118,9724,0.23025798797607422
35.00071716,85.00048828,3.061601639,4821,8926,0.22851943969726562
34.9981575,85.19976807,3.061649799,4581,8835,0.22994327545166016
34.99916077,85.40114594,3.063295364,4609,8335,0.22692465782165527
35.00072479,85.59840393,3.061440468,4572,8298,0.22661161422729492
35.00248718,85.7976532,3.06098938,4481,8347,0.22343826293945312
35.00089264,85.99777222,3.062912941,4608,8203,0.23190784454345703
34.99992371,86.20055389,3.061295986,4766,8252,0.2245044708251953
34.99507523,86.4000473,3.061600208,4743,8158,0.2256929874420166
34.99988556,86.5983429,3.061124325,4920,8133,0.2244117259979248
35.00185394,86.79940796,3.061228275,5234,8371,0.22591662406921387
34.99714279,86.99913025,3.062074184,5623,8771,0.22849750518798828
35.00080872,87.19728851,3.061507702,6174,8994,0.222306489944458
34.99930573,87.39966583,3.061367512,7279,9727,0.2258296012878418
35.00195312,87.60070801,3.061400414,7957,9937,0.2240595817565918
35.00245667,87.80106354,3.0609622,8220,10176,0.22600102424621582
34.99653625,88.00332642,3.062572956,8617,10591,0.22347640991210938
35.0026474,88.20141602,3.060170174,9025,11603,0.22719287872314453
35.00107193,88.39933014,3.062926292,9146,12066,0.2247605323791504
34.99634552,88.60230255,3.061877251,9638,12985,0.22377657890319824
34.99915314,88.79956055,3.061393261,9813,13294,0.2249157428741455
35.00173187,89.00119019,3.06154871,9799,13699,0.22148656845092773
