30.00004387,83.99934387,3.06205225,5059,7404,0.22827839851379395
29.99626923,84.19952393,3.06225872,5272,7743,0.2286975383758545
30.0009346,84.3976593,3.06137085,5287,7912,0.22880268096923828
29.99923515,84.59796143,3.062692165,5179,8286,0.22903013229370117
30.00420952,84.80050659,3.061563492,5059,8230,0.22431731224060059
30.00063705,85.00057983,3.061870575,4624,8011,0.22632837295532227
29.99851608,85.200737,3.062020302,4567,8017,0.22951102256774902
29.99724197,85.40145874,3.062194824,4597,7923,0.2259669303894043
29.99975395,85.60134888,3.061312675,4406,7406,0.22628235816955566
30.00299454,85.80126953,3.062817574,4510,7505,0.22758865356445312
29.99931145,86.0022049,3.063160896,4506,7411,0.22541403770446777
29.9978714,86.20115662,3.062153816,4589,7703,0.23173785209655762
29.9971981,86.40086365,3.06216526,4815,7481,0.22489333152770996
30.00207329,86.59981537,3.062487602,4774,7578,0.22869014739990234
30.00289154,86.79945374,3.061533451,4905,7728,0.22942686080932617
30.00275421,87.00123596,3.061583042,5068,7840,0.22368121147155762
29.99646378,87.20085144,3.062387466,5483,8534,0.2263050079345703
29.99894524,87.40229034,3.061359406,6346,9206,0.22600054740905762
30.00059319,87.60025787,3.062867165,7560,9691,0.23039674758911133
29.99973106,87.80018616,3.061888695,8167,9541,0.2258162498474121
29.99755669,88.00201416,3.061618805,7734,10158,0.23161554336547852
29.99766731,88.20028687,3.061940193,8212,10999,0.22641563415527344
30.00092125,88.40097046,3.061563492,8613,11568,0.22963428497314453
30.00240517,88.59913635,3.062025547,8714,12089,0.22033190727233887
29.99819183,88.79980469,3.062037945,8842,12593,0.225358247756958
29.99737549,89.00057983,3.061714649,8664,13091,0.22526049613952637
30.20049858,84.03458405,3.063122272,5728,7854,0.22409915924072266
30.20418739,84.19691467,3.061841488,6653,8833,0.22539210319519043
30.20181847,84.39611816,3.061511517,6667,9291,0.2227494716644287
30.19760132,84.59706116,3.063601494,6484,9994,0.22748947143554688
30.19668007,84.79803467,3.062041283,6044,9854,0.22545695304870605
30.20432854,84.99912262,3.062472343,5432,9539,0.22420382499694824
30.20181084,85.19856262,3.061728001,4927,9026,0.22579312324523926
30.20043564,85.39900208,3.062171459,4577,8441,0.22409892082214355
30.19980049,85.59951782,3.061471939,4568,7833,0.22664713859558105
30.20090485,85.79689789,3.061188698,4472,7831,0.22467732429504395
30.20103836,85.99932098,3.06243372,4421,7366,0.22858190536499023
30.20018768,86.19915771,3.06232357,4379,7449,0.2202005386352539
30.19712067,86.40093231,3.060643196,4343,7285,0.22603154182434082
30.19945335,86.60068512,3.061265945,4586,7595,0.2255246639251709
30.20228767,86.80088806,3.061118603,4524,7352,0.22305631637573242
30.19837952,86.99980927,3.061534882,4706,7204,0.2258453369140625
30.19787788,87.20135498,3.061631203,4778,7304,0.22633576393127441
30.20150566,87.40036774,3.061572552,5188,7917,0.22313690185546875
30.2019577,87.59832764,3.062057972,5790,8601,0.22417616844177246
30.20100975,87.79914856,3.060546398,6612,8859,0.2260446548461914
30.19785309,88.00317383,3.062018871,7336,9424,0.22773289680480957
30.20076942,88.20144653,3.061895847,7426,9643,0.22451567649841309
30.20207405,88.40132141,3.062478542,7692,10292,0.23084259033203125
30.19987869,88.600914,3.061658859,8289,11164,0.2264726161956787
30.20085335,88.80239105,3.061817169,8183,11526,0.22049927711486816
30.19919395,89.00100708,3.061769009,8394,11954,0.22966814041137695
30.40182114,84.02622986,3.062521458,7372,8809,0.22204208374023438
30.40208626,84.19670868,3.061957836,8281,10027,0.22783255577087402
30.40026283,84.39701843,3.061687946,8536,10595,0.22517633438110352
30.39718056,84.59764099,3.061016083,7687,10898,0.2274019718170166
30.40016747,84.80041504,3.063150883,7333,12074,0.2275850772857666
30.40159988,85.00006104,3.062139034,6688,12288,0.22034049034118652
30.39741707,85.19639587,3.061935425,5816,12175,0.22947049140930176
30.39749146,85.40284729,3.062651157,5427,10737,0.22033262252807617
30.39788437,85.59873199,3.061774731,4946,9083,0.22051572799682617
30.40226746,85.79883575,3.062300205,4655,8375,0.22957992553710938
30.39884377,86.00093079,3.06211853,4626,7891,0.22265625
30.39905167,86.20147705,3.062626839,4442,7562,0.22547531127929688
30.40165901,86.39873505,3.062355518,4373,7530,0.22478508949279785
30.40190125,86.60136414,3.062626362,4375,7440,0.220076322555542
30.39920235,86.80103302,3.062829494,4485,7528,0.2240734100341797
30.39764977,87.00117493,3.060711384,4257,7517,0.2256031036376953
30.40295601,87.20288849,3.061582565,4475,7465,0.22038984298706055
30.39994621,87.39867401,3.063977718,4736,7594,0.22954845428466797
30.3974247,87.60105896,3.061719894,4999,7720,0.2244093418121338
30.39782906,87.80090332,3.062881947,5442,8189,0.22591447830200195
30.39707565,88.00184631,3.062776566,6053,8935,0.22613167762756348
30.40117455,88.20101929,3.062401772,6687,9560,0.22996187210083008
30.39682961,88.40019989,3.061709404,7563,9824,0.2256793975830078
30.39660072,88.60021973,3.061108589,7844,9886,0.22802948951721191
30.39698029,88.80284119,3.061843872,7784,10644,0.22019100189208984
30.40166473,88.99983978,3.063029289,8286,11061,0.21967244148254395
30.60061836,84.038414,3.06366539,8925,9403,0.2221813201904297
30.6003685,84.19496918,3.062522888,8280,9335,0.22782111167907715
30.60067749,84.39732361,3.062093735,7346,9099,0.220550537109375
30.60003853,84.59925842,3.062679291,7166,9105,0.22983193397521973
30.5994854,84.7986145,3.060709953,7105,10045,0.22842097282409668
30.59858513,84.99879456,3.063548088,7328,12131,0.224074125289917
30.60000038,85.20024109,3.060734272,7365,15139,0.22748160362243652
30.60153389,85.39764404,3.06283617,6855,15072,0.21981072425842285
30.59818077,85.59844971,3.062038898,6147,12977,0.22306036949157715
30.59786224,85.79997253,3.062767982,5389,10010,0.22727394104003906
30.60033226,86.00410461,3.062572479,4892,8901,0.22993946075439453
30.60326958,86.19936371,3.061721802,4608,8225,0.23256587982177734
30.6011982,86.40022278,3.063384533,4484,7859,0.22711825370788574
30.60078239,86.59966278,3.061970711,4591,7703,0.22307634353637695
30.59965897,86.80155945,3.062001228,4471,7655,0.22895145416259766
30.59687805,87.00164032,3.061905384,4528,7546,0.22802305221557617
30.6015892,87.20053101,3.062526226,4505,7543,0.22307181358337402
30.59818649,87.40077972,3.063179493,4549,7592,0.22690820693969727
30.59937286,87.59831238,3.060988903,4694,7536,0.2267148494720459
30.59524727,87.80166626,3.063576698,4960,7750,0.22838854789733887
30.6011219,88.00178528,3.060868263,4991,8047,0.22477102279663086
30.59996033,88.19865417,3.060705662,5703,8863,0.2208843231201172
30.59649277,88.40118408,3.06415987,6303,9208,0.22924041748046875
30.60176277,88.60060883,3.060349941,7481,9621,0.22587060928344727
30.60300064,88.80059052,3.061594486,7546,9718,0.22445988655090332
30.59854317,89.00156403,3.062803268,7731,10167,0.22978472709655762
30.80379105,84.02236938,3.062831879,9586,9463,0.22063231468200684
30.79813194,84.19960022,3.062667847,8283,9114,0.22931814193725586
30.80397034,84.396492,3.060959339,8421,10182,0.2228081226348877
30.80234718,84.59579468,3.062906742,8150,10235,0.2292475700378418
30.80017471,84.79818726,3.060908318,7495,10992,0.23021483421325684
30.79598427,85.00228882,3.063169956,7101,10481,0.22796869277954102
30.79961777,85.1984024,3.061426163,7638,12295,0.2289881706237793
30.79680443,85.40114594,3.063581944,8344,15685,0.22099757194519043
30.79847527,85.59928894,3.062520981,8108,15420,0.22224736213684082
30.79916,85.79816437,3.062810421,6907,13104,0.22780919075012207
30.79969978,86.00057983,3.062129021,5677,11685,0.22342538833618164
30.79706192,86.20113373,3.059915543,5108,9659,0.2261190414428711
30.80041313,86.39865112,3.060741901,4782,8509,0.22546005249023438
30.79813766,86.59996033,3.062194824,4600,8286,0.22561383247375488
30.80005836,86.80136871,3.061207294,4498,7892,0.21978163719177246
30.7989769,86.99850464,3.06212616,4390,7661,0.22764801979064941
30.80056572,87.20016479,3.061098576,4441,7556,0.22192668914794922
30.79581833,87.40115356,3.063909531,4480,7552,0.22961187362670898
30.80173874,87.60020447,3.061455727,4493,7686,0.2217705249786377
30.79835892,87.802948,3.062524796,4720,7540,0.22917413711547852
30.79943275,88.00161743,3.061128139,4686,7527,0.22368836402893066
30.79919434,88.20018005,3.062211514,4824,7650,0.22641277313232422
30.8002243,88.40060425,3.063606262,5111,8101,0.22288823127746582
30.80288506,88.59734344,3.061098099,5615,8494,0.2282876968383789
30.79977417,88.80045319,3.061953545,6275,9349,0.22905755043029785
30.80236435,88.99998474,3.060133457,7409,9869,0.22898149490356445
30.99978828,84.02188873,3.062987328,8762,9145,0.2223975658416748
30.99864197,84.1954422,3.061908722,9634,9268,0.22770428657531738
31.00010109,84.39446259,3.061211586,9822,10705,0.22273039817810059
30.99853706,84.59801483,3.062234879,9129,10844,0.22730803489685059
31.00248909,84.79954529,3.062027454,8654,11169,0.22976326942443848
31.00081635,84.99847412,3.062906265,7998,11510,0.22398042678833008
31.00049973,85.19846344,3.061732292,7063,11279,0.23085379600524902
30.99681473,85.39984131,3.062861443,7730,11209,0.23537445068359375
30.9961338,85.59732056,3.061125278,8128,12939,0.2301163673400879
31.00064468,85.79682922,3.060933113,7706,14643,0.22996306419372559
30.99794769,85.99794006,3.063592911,7222,14342,0.2202920913696289
30.99842072,86.20141602,3.0626688,5985,12501,0.22743749618530273
30.99949074,86.40242004,3.063233852,5556,10733,0.23017215728759766
30.99885178,86.60110474,3.061740875,4979,9148,0.2242727279663086
30.99765587,86.7983551,3.063034058,4723,8654,0.22782444953918457
30.99899673,87.00083923,3.062355042,4549,8051,0.22013187408447266
31.00166893,87.2011261,3.061321259,4349,7748,0.22989654541015625
30.99880981,87.40075684,3.06247282,4484,7698,0.22758150100708008
31.00139999,87.59972382,3.060941696,4360,7672,0.2295057773590088
30.99895859,87.80334473,3.062478065,4461,7590,0.22253799438476562
31.00243378,87.9997406,3.06267786,4638,7649,0.2213115692138672
30.99630928,88.19908905,3.061684132,4585,7447,0.2252664566040039
31.00089645,88.39902496,3.062201977,4590,7540,0.2280871868133545
31.0021534,88.60140991,3.062933445,4888,7942,0.22771382331848145
30.99956703,88.79951477,3.062832355,5084,8283,0.22856998443603516
30.99637985,89.00288391,3.062607765,5896,8881,0.2259058952331543
31.19813728,84.02024841,3.062970638,8996,8838,0.22821760177612305
31.20038223,84.19696045,3.061883926,10461,10332,0.22488808631896973
31.19801903,84.39981079,3.059882164,9679,11979,0.22086477279663086
31.19697762,84.59638977,3.061141014,9625,12705,0.2291111946105957
31.19540024,84.79806519,3.061932087,9322,12587,0.22269344329833984
31.19618225,84.99714661,3.060507298,8799,11632,0.22750234603881836
31.20292854,85.19926453,3.062325954,8531,11221,0.21993708610534668
31.20245361,85.39899445,3.062584877,7867,11852,0.22647356986999512
31.20244598,85.59942627,3.061485767,7310,11322,0.23161745071411133
31.19598961,85.79737854,3.061151505,7646,11566,0.22208428382873535
31.1998558,85.99811554,3.061353683,7534,13117,0.23470783233642578
31.20157433,86.20088196,3.062089443,7358,15223,0.22509145736694336
31.2014637,86.401474,3.062060356,7165,14771,0.22003173828125
31.20188904,86.59718323,3.059971809,6346,13285,0.2207179069519043
31.20126343,86.7991333,3.060878277,5524,10630,0.2313518524169922
31.1993618,86.99990845,3.061302662,4838,9223,0.23067665100097656
31.1996479,87.20012665,3.062826157,4704,8321,0.23454618453979492
31.19824791,87.40097046,3.06215477,4559,8186,0.22586989402770996
31.19987869,87.59964752,3.061178207,4390,7743,0.2267899513244629
31.20222473,87.79870605,3.062157631,4643,7961,0.2221384048461914
31.20477867,88.00140381,3.062029362,4554,7783,0.22819972038269043
31.20226479,88.20196533,3.062589169,4494,7580,0.2321627140045166
31.19876671,88.40000916,3.061184406,4723,7653,0.22632670402526855
31.19947433,88.59928894,3.061698914,4706,7836,0.2267301082611084
31.20234108,88.80156708,3.062405586,4837,7660,0.22926688194274902
31.2016449,88.99954224,3.063117504,5332,8056,0.22643160820007324
31.40084267,84.02791595,3.062254906,9809,9608,0.22383880615234375
31.39685822,84.19577026,3.062498093,9674,11311,0.22714757919311523
31.39851379,84.40010834,3.062281132,9934,12537,0.23226308822631836
31.40000534,84.59945679,3.061960697,8643,12678,0.22550392150878906
31.39842987,84.80015564,3.062468529,8678,13017,0.22234153747558594
31.39924622,84.99765015,3.062129974,8889,12875,0.2276475429534912
31.39919853,85.19839478,3.061967373,8998,12478,0.22049379348754883
31.40222359,85.3986969,3.062289238,8534,11639,0.22763395309448242
31.40117264,85.60168457,3.061917305,8196,11626,0.22764086723327637
31.4012394,85.79992676,3.062666416,7210,11840,0.2245655059814453
31.39671898,85.99942017,3.062321186,6998,11194,0.22713208198547363
31.40020752,86.19898987,3.062855244,7687,12451,0.22969484329223633
31.40227699,86.39926147,3.063038826,8714,15605,0.22847867012023926
31.4032917,86.60109711,3.061949253,7817,17301,0.22690916061401367
31.39910507,86.79917908,3.061877251,7099,15468,0.22787117958068848
31.40023994,86.99959564,3.062037945,5920,12791,0.22053861618041992
31.40336037,87.19817352,3.062731266,5208,10210,0.2263047695159912
31.40136719,87.40052032,3.061279297,4784,8898,0.22976446151733398
31.3992157,87.60299683,3.061007023,4783,8441,0.23102331161499023
31.3978138,87.80136871,3.061562538,4756,8363,0.22658872604370117
31.39588356,88.00124359,3.063697338,4630,8126,0.22574996948242188
31.39602661,88.20204163,3.061612606,4571,8198,0.22999167442321777
31.400774,88.39846802,3.062512398,4500,7974,0.2221965789794922
31.40464592,88.60142517,3.061889648,4589,8058,0.22756481170654297
31.39985275,88.80206299,3.062690735,4747,7971,0.22744536399841309
31.39785576,89.00008392,3.061347961,4861,8117,0.22308826446533203
31.60191917,84.0271759,3.063125134,10187,11065,0.2297046184539795
31.6016922,84.1962738,3.062473297,9982,12380,0.22998285293579102
31.60137939,84.39661407,3.062212467,9943,12590,0.22073602676391602
31.59602165,84.5978241,3.062074184,9469,13007,0.21930718421936035
31.60075188,84.79698944,3.063530445,9420,13101,0.220686674118042
31.60309792,84.99650574,3.060265064,9062,12964,0.23522233963012695
31.60136223,85.20068359,3.061518669,8790,12649,0.22599267959594727
31.59934616,85.39846802,3.062094688,8514,12572,0.22769904136657715
31.59928322,85.59876251,3.061516762,8359,11565,0.22065019607543945
31.60230827,85.79896545,3.061674595,8143,11117,0.22982287406921387
31.60130501,85.99765778,3.061997414,7752,11322,0.2253103256225586
31.59919357,86.20058441,3.061903,7211,11996,0.23078513145446777
31.60033035,86.40036774,3.063200474,7579,11746,0.2305464744567871
31.60043526,86.60075378,3.064118385,8628,14489,0.22832965850830078
31.59807968,86.80105591,3.062191963,8871,17169,0.22493362426757812
31.59984207,87.00033569,3.062300205,7843,16191,0.22236108779907227
31.59854317,87.20139313,3.061340332,6507,13604,0.22764897346496582
31.59786224,87.40245819,3.063521385,5643,11042,0.22487735748291016
31.60178757,87.60204315,3.061939716,5178,9552,0.2261807918548584
31.60234261,87.79824066,3.06174469,4977,8922,0.2312605381011963
31.6009407,88.00013733,3.062481403,4764,8678,0.2296006679534912
31.59730911,88.20090485,3.062130928,4829,8118,0.22033357620239258
31.59992599,88.40348816,3.062805176,4685,7994,0.2274305820465088
31.60327148,88.59901428,3.061339378,4623,8228,0.2245616912841797
31.6023941,88.80042267,3.062337875,4635,7925,0.22762751579284668
31.59871674,89.0009613,3.061233521,4569,7679,0.22828435897827148
31.79782486,84.01393127,3.063020706,9904,11381,0.23257923126220703
31.79763985,84.19767761,3.063107014,10261,12349,0.2275087833404541
31.79953003,84.39714813,3.062998295,9709,12693,0.2317960262298584
31.79969597,84.59898376,3.061602592,9587,12980,0.2315051555633545
31.80132675,84.79815674,3.060711861,9331,13020,0.2270956039428711
31.80118179,84.99810791,3.060997486,8963,12520,0.22930526733398438
31.8000412,85.19811249,3.061968327,8542,12593,0.21987128257751465
31.79989243,85.39950562,3.061944485,8262,12307,0.23014235496520996
31.79904938,85.59984589,3.060967445,8029,12012,0.22314858436584473
31.80093956,85.79669189,3.06270504,8170,11894,0.22702813148498535
31.80191994,85.99940491,3.062296867,8370,11277,0.2225944995880127
31.80461693,86.19750214,3.061677933,8432,11993,0.22735285758972168
31.8002491,86.39724731,3.062461853,7951,13349,0.2211441993713379
31.79864311,86.59689331,3.061089516,7753,13351,0.22893452644348145
31.7998333,86.80243683,3.06206274,8477,12799,0.22625255584716797
31.79825974,87.00117493,3.061884403,8480,15135,0.22419452667236328
31.80244637,87.19979095,3.061183453,8257,15749,0.22947382926940918
31.80043411,87.39985657,3.063117504,7334,14514,0.2199568748474121
31.80270004,87.60107422,3.062308788,6000,12684,0.23165106773376465
31.79768372,87.8033905,3.062848091,5674,10665,0.22842121124267578
31.79987526,87.99952698,3.062969208,4948,9823,0.23023128509521484
31.80078125,88.20258331,3.062693119,4902,8952,0.22970342636108398
31.79973602,88.40101624,3.062066555,4707,8700,0.23004746437072754
31.79933739,88.59835815,3.061212063,4717,8394,0.22428536415100098
31.80105209,88.79924011,3.061640263,4577,8206,0.22530746459960938
31.79815674,89.00042725,3.061855793,4572,8118,0.22098755836486816
32.00158691,84.02879333,3.06204319,10218,12536,0.23123741149902344
31.99977684,84.19522858,3.061853409,10050,12452,0.22907185554504395
32.00117493,84.39694214,3.062563419,10219,12708,0.23328042030334473
32.00115204,84.59632111,3.060530663,10054,12842,0.23058247566223145
31.99800301,84.79749298,3.062565327,9334,12638,0.2303171157836914
31.99842834,84.99882507,3.062839985,8842,12410,0.2266232967376709
32.00067902,85.19887543,3.061929703,8690,12554,0.22809147834777832
32.00034332,85.39899445,3.063222408,8298,12178,0.2201545238494873
31.99833107,85.60105896,3.062067032,8287,12012,0.2298142910003662
31.9984417,85.80086517,3.061706066,8190,12268,0.22925734519958496
31.99663353,85.99916077,3.063567638,8325,12325,0.22241616249084473
31.99998474,86.20005035,3.060869694,8834,12542,0.22840476036071777
32.00032806,86.40247345,3.061962128,8536,11884,0.2199568748474121
31.99854469,86.60112,3.06325388,8140,12013,0.22428488731384277
31.99997902,86.80101776,3.061229229,7705,12438,0.2278735637664795
32.00118637,86.99987793,3.062521935,7535,11733,0.22774362564086914
31.99906158,87.19981384,3.063575268,8033,12625,0.22670841217041016
31.99831009,87.40242004,3.061965466,7501,14273,0.2257990837097168
31.99942017,87.60173035,3.06235218,7529,16083,0.2275378704071045
32.00048828,87.79987335,3.061743736,6930,15033,0.22641539573669434
32.00126648,88.00010681,3.062185287,6052,12704,0.22961878776550293
32.00205231,88.20103455,3.061482906,5558,10547,0.22478985786437988
31.99929047,88.40098572,3.061502934,5093,9326,0.22926115989685059
32.00142288,88.60203552,3.061649323,4727,8857,0.22216534614562988
32.00034332,88.79985046,3.06216526,4495,8375,0.22795629501342773
31.99965668,89.00106049,3.061892509,4559,8252,0.21999430656433105
32.19870758,84.0380249,3.061908245,9865,12347,0.22026658058166504
32.20005798,84.19688416,3.06087923,9490,12115,0.22439146041870117
32.20039368,84.3973465,3.062024593,9765,12437,0.23015546798706055
32.19851685,84.59794617,3.061389923,9697,12524,0.22612857818603516
32.19728088,84.79775238,3.06272316,9021,11823,0.23067736625671387
32.19743347,84.99562836,3.061710835,8443,11812,0.21853232383728027
32.1984787,85.1984024,3.062594414,8469,11800,0.22426676750183105
32.19868469,85.40150452,3.063136578,8430,11500,0.22607183456420898
32.20050049,85.60007477,3.062893867,8301,11795,0.229447603225708
32.19708252,85.79859924,3.061511993,8437,11839,0.22394490242004395
32.20146179,85.99893951,3.062154293,8350,12496,0.2258307933807373
32.20266342,86.19876099,3.061603546,8641,12962,0.22079133987426758
32.200737,86.40037537,3.062454224,8833,12750,0.22960782051086426
32.19917679,86.60134888,3.062320709,8631,11955,0.21970868110656738
32.19950104,86.80041504,3.062226295,8205,11007,0.2269911766052246
32.20127487,86.99944305,3.062438488,7920,11733,0.22488951683044434
32.20026398,87.19999695,3.061772823,7160,11364,0.22830653190612793
32.19869232,87.40252686,3.062755108,7685,11656,0.22185587882995605
32.19836426,87.60003662,3.061665535,7835,13703,0.22806930541992188
32.20179749,87.79943085,3.062447071,8232,16874,0.22075843811035156
32.19974518,87.99920654,3.062552452,8100,17296,0.22908425331115723
32.19782639,88.20046997,3.061225414,6941,15043,0.2243361473083496
32.19947052,88.40007782,3.061444759,5805,12365,0.23071622848510742
32.20078659,88.60186768,3.061520576,5090,10224,0.22713279724121094
32.20336151,88.80325317,3.061582565,4890,9247,0.228074312210083
32.19941711,89.00093842,3.062448978,4708,8682,0.2220306396484375
32.39811707,84.02518463,3.061584473,9099,10834,0.2319316864013672
32.39674377,84.19610596,3.059129238,9292,11559,0.2266545295715332
32.40312958,84.39512634,3.061612129,9216,12337,0.22928261756896973
32.40048981,84.59674072,3.062738419,9408,12201,0.22711730003356934
32.39933014,84.79995728,3.062090874,9174,12128,0.22939467430114746
32.40150833,84.99953461,3.062352657,8857,11760,0.23071932792663574
32.39728165,85.19955444,3.062964439,8680,11681,0.22284770011901855
32.40019989,85.39839935,3.062200546,8460,11616,0.22974634170532227
32.40036774,85.59960175,3.062860966,8986,12192,0.22301340103149414
32.40089035,85.79893494,3.061184883,9208,13251,0.2273092269897461
32.40008926,85.99964905,3.061882973,9528,13536,0.22182250022888184
32.39935303,86.20204926,3.061705589,9230,13978,0.23326492309570312
32.40247345,86.39911652,3.062919617,9135,13959,0.22467875480651855
32.40133286,86.59915924,3.061981201,8808,13190,0.2203967571258545
32.39838028,86.80033875,3.063200951,8521,12200,0.219496488571167
32.39624786,86.99891663,3.062031269,8070,11195,0.2204418182373047
32.39984131,87.19872284,3.061905861,7770,11249,0.22123980522155762
32.39814377,87.39824677,3.061594009,7682,12155,0.22842693328857422
32.39784241,87.60109711,3.062957287,7583,12027,0.22264480590820312
32.39868164,87.80147552,3.062586308,8166,12684,0.22760367393493652
32.40281677,87.99926758,3.061654091,9371,15901,0.22062158584594727
32.39951324,88.20166016,3.062073231,8191,18174,0.21991181373596191
32.40177917,88.39805603,3.062301636,7852,16676,0.2192990779876709
32.4005394,88.59939575,3.061485291,6261,13503,0.22557902336120605
32.40114212,88.80199432,3.063669682,5758,11395,0.22453927993774414
32.39765549,89.00424194,3.063606262,5040,9583,0.2260289192199707
32.60152435,84.01519775,3.064022064,8596,9892,0.22624826431274414
32.5983963,84.19790649,3.062793255,8555,10483,0.2277994155883789
32.60032654,84.39705658,3.062353134,8576,10985,0.22077536582946777
32.60558701,84.59732056,3.061541557,9000,12351,0.2292931079864502
32.60001373,84.79846191,3.062735081,8806,12007,0.22561860084533691
32.59899902,84.99917603,3.062492847,8815,11962,0.23086047172546387
32.59464264,85.20212555,3.061620712,8969,12011,0.22402644157409668
32.60227966,85.3968811,3.061345577,9015,11969,0.22964859008789062
32.60197449,85.60121155,3.062875271,8689,12572,0.2201673984527588
32.59647369,85.79963684,3.062875271,9775,13564,0.22551298141479492
32.60114288,85.99655151,3.062090397,9375,13821,0.22511959075927734
32.59928513,86.19833374,3.063951015,9111,14073,0.22978639602661133
32.60248947,86.39961243,3.060334206,9346,13940,0.21938586235046387
32.60090637,86.59793854,3.060701847,9212,13651,0.22018122673034668
32.59796906,86.80308533,3.062089443,8650,12723,0.23141217231750488
32.60173035,87.00070953,3.06112957,8066,12095,0.22988533973693848
32.59861755,87.2026062,3.062851906,8297,11850,0.22097134590148926
32.6021347,87.3992691,3.061955452,8762,12060,0.22784042358398438
32.59980011,87.60099792,3.061177254,8627,13067,0.22089076042175293
32.59857941,87.80054474,3.063259125,8180,13256,0.23185396194458008
32.60067368,88.00172424,3.061105251,8398,12718,0.22715234756469727
32.59793854,88.20102692,3.062278748,9283,14546,0.22216200828552246
32.59764099,88.39907074,3.061945438,8608,16052,0.2274789810180664
32.60192108,88.60058594,3.062440395,8341,16712,0.22377800941467285
32.59569168,88.80291748,3.063194752,7430,15437,0.2264389991760254
32.59918976,88.99959564,3.06114769,6203,13257,0.22664451599121094
32.79837799,84.01947021,3.063346386,8093,9287,0.2305159568786621
32.80413818,84.19757843,3.060492516,7589,9614,0.2233750820159912
32.79888916,84.39672852,3.063290119,8133,10722,0.22936749458312988
32.79961395,84.59685516,3.060556412,8432,11698,0.2200927734375
32.8034668,84.79823303,3.062550068,8865,11958,0.21982932090759277
32.80059814,84.99720764,3.059866905,8918,12468,0.2244715690612793
32.79785538,85.19950867,3.063378811,8775,12582,0.22575807571411133
32.79999924,85.39782715,3.062549114,8860,12535,0.22002720832824707
32.80099487,85.59829712,3.06106472,9281,13501,0.22003602981567383
32.79821014,85.79904175,3.061203003,10049,13624,0.22182941436767578
32.79972839,85.99939728,3.061732292,9711,13288,0.22886276245117188
32.79904938,86.19837189,3.061299324,9450,13440,0.2297687530517578
32.79896164,86.39959717,3.061737537,8960,13153,0.2347095012664795
32.80072784,86.59899902,3.061859608,8768,13040,0.22525978088378906
32.79777527,86.80076599,3.061759949,8637,12655,0.22924423217773438
32.80246735,87.00045013,3.060904503,8333,12415,0.22052836418151855
32.80227661,87.19940948,3.062734604,7738,12220,0.22228169441223145
32.80057144,87.40016174,3.062113285,8323,12651,0.22795486450195312
32.80118561,87.60176086,3.062345028,8834,11934,0.22928261756896973
32.79696655,87.80110168,3.062554359,9022,12040,0.2208728790283203
32.79877472,88.00004578,3.062021732,8658,12745,0.22949552536010742
32.79929352,88.20019531,3.062543869,7930,12796,0.2205061912536621
32.80031586,88.40277863,3.063884258,7978,11783,0.22912001609802246
32.80215836,88.59771729,3.060988903,8159,13218,0.22098684310913086
32.80160141,88.80058289,3.062330246,7826,15859,0.22896766662597656
32.80069351,89.00038147,3.061604023,7682,16491,0.22294211387634277
33.00156403,84.03154755,3.061203003,6776,8629,0.22729945182800293
33.00067902,84.19770813,3.062002182,7336,9298,0.22026538848876953
33.00080109,84.39691162,3.061785698,7151,9371,0.22985553741455078
32.9990654,84.59960175,3.063511848,8002,9930,0.23064470291137695
32.99971771,84.79862976,3.060783386,7977,10773,0.2292623519897461
33.0,84.99929047,3.063098431,8354,11472,0.22254300117492676
33.00092316,85.19988251,3.061672688,8559,12018,0.22746872901916504
32.99537659,85.40158844,3.063084126,8946,12783,0.22977995872497559
33.0001564,85.59754944,3.061703682,8719,13122,0.2199244499206543
33.00482941,85.79892731,3.06155014,9385,13383,0.22719240188598633
33.00046158,85.99829865,3.061434269,9437,12783,0.22368502616882324
32.99755859,86.19998169,3.062735081,8964,12806,0.2236640453338623
32.99841309,86.40076447,3.061729431,9074,12809,0.22707176208496094
33.00010681,86.60118866,3.06352663,8726,12435,0.22957158088684082
33.00032043,86.80158997,3.061989784,8637,12188,0.22928905487060547
33.00287628,86.99772644,3.062806606,8218,11997,0.2296004295349121
33.00028229,87.20214844,3.061906815,7905,11716,0.2206737995147705
32.99654388,87.40228271,3.061326027,8115,11934,0.2296762466430664
33.00066757,87.60023499,3.063159943,8212,12496,0.2222900390625
33.00015259,87.80027771,3.061338902,8921,12532,0.2276773452758789
32.99960327,88.00202179,3.061223984,8994,12097,0.22683429718017578
32.99949646,88.20103455,3.062870979,8840,12211,0.23005914688110352
32.99925613,88.40119934,3.06212759,8149,12328,0.22318482398986816
33.00147247,88.59958649,3.060564995,7898,12018,0.22020506858825684
33.0044632,88.80111694,3.062155724,7767,12195,0.23007726669311523
33.00115204,88.99874878,3.062615395,8114,14377,0.22940969467163086
33.19979858,84.02330017,3.062988758,5675,8193,0.2268071174621582
33.19555664,84.19668579,3.061033726,5939,8898,0.2286665439605713
33.19908905,84.39707947,3.061598301,7065,9237,0.23170137405395508
33.20103836,84.59697723,3.062329769,7839,9361,0.22394919395446777
33.20375824,84.79697418,3.061966419,7508,9449,0.2264420986175537
33.20085144,84.99931335,3.061120033,7822,10013,0.22371196746826172
33.19758987,85.19839478,3.06284523,8144,10756,0.22867679595947266
33.20324707,85.39744568,3.06111145,8703,11591,0.22151613235473633
33.20134354,85.59817505,3.0622015,8363,12099,0.22911429405212402
33.20075226,85.80039215,3.062176228,8376,12298,0.22974514961242676
33.19805908,86.00177002,3.061367512,8641,12469,0.21994590759277344
33.19934464,86.198349,3.061667442,8562,12299,0.22228169441223145
33.20011139,86.39888763,3.061592102,8468,12022,0.22760462760925293
33.20079422,86.59962463,3.062109947,8488,12151,0.2314443588256836
33.20177078,86.80158997,3.061342716,8445,12033,0.22855591773986816
33.19703674,87.00273895,3.062286377,8122,11985,0.22742986679077148
33.19978333,87.20256805,3.061678886,8119,12222,0.22468852996826172
33.19785309,87.40090179,3.06216526,8327,12396,0.22803807258605957
33.20200729,87.59960175,3.062558651,8502,12509,0.21969842910766602
33.19885254,87.80134583,3.060593128,8627,12640,0.22467041015625
33.19852448,88.00188446,3.063169956,8550,12846,0.2295818328857422
33.20172119,88.20301819,3.061767578,9023,13218,0.23092961311340332
33.19671631,88.3999939,3.062268734,8930,12083,0.2288811206817627
33.20148849,88.59817505,3.062482357,8597,12236,0.22619199752807617
33.19971466,88.79974365,3.062770844,7771,12276,0.2201380729675293
33.19803238,89.00178528,3.061790943,7640,11663,0.22969818115234375
33.39864731,84.02029419,3.06278038,4917,7467,0.22484159469604492
33.40284729,84.19728851,3.06143713,5164,7841,0.22525668144226074
33.40166473,84.39720917,3.060843945,5690,8291,0.22992467880249023
33.39861298,84.59996796,3.062764645,6619,9045,0.2269148826599121
33.40168762,84.79836273,3.060760498,7143,9401,0.22298574447631836
33.40262604,84.99766541,3.062150002,7557,9221,0.22632861137390137
33.40049744,85.1984787,3.060428619,7657,9771,0.22406649589538574
33.39925003,85.40037537,3.060020924,7782,10467,0.22315359115600586
33.39585876,85.59957886,3.061905384,8380,10961,0.22683930397033691
33.40194702,85.7966156,3.060936451,8351,11656,0.22965383529663086
33.40358734,85.99914551,3.062127113,8581,12400,0.22677946090698242
33.40247345,86.19940186,3.061146259,8400,12160,0.22394633293151855
33.39572906,86.40109253,3.063015461,8169,12064,0.22942900657653809
33.39830017,86.599823,3.061542034,8170,11582,0.22599554061889648
33.39712906,86.8025589,3.063384533,8178,11265,0.22978973388671875
33.40321732,87.00064087,3.062092304,8251,11665,0.23084235191345215
33.40007782,87.19885254,3.061892033,8333,11762,0.22959303855895996
33.4013443,87.39778137,3.061886311,8403,12251,0.22815871238708496
33.40005493,87.60018921,3.061068058,8449,12819,0.23350763320922852
33.3944931,87.80198669,3.06151247,8752,12816,0.22892069816589355
33.39552689,88.00210571,3.0630126,8614,13120,0.2239549160003662
33.39891815,88.20098877,3.061594963,8436,12790,0.22931146621704102
33.40092468,88.40011597,3.06182909,8747,12830,0.22989702224731445
33.39915085,88.59951019,3.061826229,8844,12319,0.21978354454040527
33.4005661,88.79898071,3.060865879,8712,12085,0.22681498527526855
33.40196991,89.00117493,3.062146664,8180,12206,0.22913694381713867
33.60289001,84.02217865,3.061651707,4655,7316,0.22414898872375488
33.60175323,84.19807434,3.062032223,4727,7465,0.22094130516052246
33.59819794,84.40142822,3.062271595,4763,7647,0.22789216041564941
33.60141373,84.59597015,3.060735703,5269,7982,0.22307658195495605
33.60298157,84.79690552,3.062503815,5645,8916,0.22736501693725586
33.60141754,84.99787903,3.060112476,6727,9199,0.23155713081359863
33.59860229,85.20046997,3.062185764,8086,9611,0.22853922843933105
33.60189819,85.39830017,3.061081409,7895,9539,0.22357535362243652
33.60295486,85.59729004,3.061460495,7799,10036,0.22602367401123047
33.59877014,85.79798126,3.061954975,7967,10626,0.22028160095214844
33.6015892,85.99952698,3.061535358,8218,11088,0.22971606254577637
33.59597015,86.20306396,3.062827587,8125,11575,0.22106242179870605
33.59957886,86.40126801,3.063007832,8124,11926,0.22594642639160156
33.60441589,86.59689331,3.061323643,8030,11876,0.22316598892211914
33.6012764,86.79997253,3.062388897,7996,11492,0.22564935684204102
33.59558868,86.99893951,3.062438011,7679,11155,0.22851109504699707
33.60066986,87.20027161,3.061039448,7970,11526,0.23044538497924805
33.60150528,87.40100098,3.06200695,7987,11941,0.22598648071289062
33.60124969,87.5993042,3.06283617,8439,12333,0.22588539123535156
33.59925461,87.79993439,3.063464165,8727,12834,0.22193431854248047
33.60098267,87.99840546,3.061122417,8764,13430,0.23296236991882324
33.59749985,88.20056152,3.06277132,8913,13345,0.22791457176208496
33.60263062,88.39813995,3.061505318,8865,13103,0.2284862995147705
33.59835434,88.60041809,3.061885834,8363,12995,0.2240006923675537
33.59899902,88.8012619,3.061782837,8974,12839,0.22739291191101074
33.59815216,89.0002594,3.063883305,9110,12233,0.22434759140014648
33.80186844,84.02897644,3.062504768,4428,7331,0.22632884979248047
33.79915619,84.19723511,3.062420845,4352,7280,0.22708392143249512
33.79667664,84.39874268,3.062726021,4548,7406,0.2265300750732422
33.80194092,84.59480286,3.061429977,4623,7368,0.22858905792236328
33.80136108,84.79755402,3.062352657,4910,7783,0.2282123565673828
33.8019104,84.99733734,3.061182022,5588,8320,0.22916126251220703
33.80196381,85.19857025,3.062263012,6390,9133,0.22858810424804688
33.8008728,85.39917755,3.062214375,6983,9333,0.22896480560302734
33.80164337,85.59823608,3.061066151,8033,9154,0.22664737701416016
33.80056,85.80119324,3.062000275,7545,9302,0.22525906562805176
33.79931641,85.99766541,3.061069965,7293,9803,0.22797346115112305
33.80153656,86.19946289,3.062668324,7663,10556,0.22032999992370605
33.80154419,86.39935303,3.063819885,7760,10711,0.2251591682434082
33.80108643,86.60092163,3.060795307,7761,10943,0.23465371131896973
33.79706955,86.80005646,3.061126232,7499,10778,0.22661089897155762
33.80123138,87.00006104,3.061620235,7251,10555,0.22611427307128906
33.8033371,87.20309448,3.062991142,7770,11007,0.22736549377441406
33.80282593,87.40016174,3.062846184,8057,11330,0.23338985443115234
33.80028534,87.6006012,3.062410831,8593,12010,0.22774171829223633
33.79758453,87.79936218,3.062601566,8886,12430,0.2297835350036621
33.80208588,88.00001526,3.063074112,8784,12772,0.2317194938659668
33.80410385,88.20261383,3.062698841,8780,13189,0.22719907760620117
33.79896927,88.4018631,3.062121391,8884,13399,0.22689127922058105
33.79875565,88.60070801,3.062607765,8970,13272,0.22839593887329102
33.79920959,88.80042267,3.063274384,8675,13130,0.2284696102142334
33.8002243,88.99893188,3.061411858,8805,13430,0.2340559959411621
34.00270844,84.01865387,3.061388969,4337,7320,0.22325897216796875
33.9997139,84.19527435,3.061490536,4352,7588,0.22900843620300293
33.9978714,84.3981781,3.061632156,4536,7309,0.22928667068481445
33.99843597,84.59864807,3.061828613,4552,7361,0.22617816925048828
34.00026703,84.79766846,3.061594963,4545,7272,0.22390151023864746
34.00010681,84.99694061,3.061343193,4717,7494,0.22742629051208496
34.00259399,85.19960022,3.060884953,4933,7963,0.2312791347503662
33.99992371,85.39918518,3.061674118,5420,8281,0.2216806411743164
34.00036621,85.59609222,3.062556267,6242,8455,0.22674345970153809
33.99721146,85.80117035,3.06080389,6611,8714,0.23292231559753418
33.99738312,86.00141144,3.061348438,6780,8903,0.2297351360321045
33.99845123,86.20034027,3.063082695,7186,9463,0.22017240524291992
34.00360107,86.40210724,3.061767578,7358,9756,0.22988605499267578
33.99985123,86.60066986,3.062291622,7620,10216,0.2345898151397705
33.99720764,86.79963684,3.062242985,7850,10698,0.23241925239562988
33.99898529,87.00034332,3.061614037,8013,10943,0.2327730655670166
34.00147247,87.20061493,3.060929775,8344,11401,0.23020410537719727
34.00187683,87.40080261,3.063942432,8674,12027,0.2201395034790039
34.00011444,87.60111237,3.061423779,8515,12039,0.23008155822753906
33.9973526,87.80060577,3.063468933,8940,12096,0.2273094654083252
34.00154877,88.00061035,3.060324669,8952,12446,0.22240900993347168
34.00325775,88.20143127,3.061962605,8897,12793,0.22056221961975098
33.99818802,88.40157318,3.062224388,9011,12971,0.2312602996826172
33.99754333,88.59818268,3.062462807,8925,13310,0.22788000106811523
33.99826813,88.80155945,3.062071323,8760,13151,0.22038888931274414
34.00133133,89.00296021,3.061191082,8813,13163,0.23017287254333496
34.20308685,84.03054047,3.062875271,4346,7556,0.22246479988098145
34.20015717,84.19764709,3.063083649,4420,7437,0.22690701484680176
34.19690704,84.39837646,3.061835766,4310,7471,0.22042536735534668
34.20033264,84.59649658,3.062355995,4362,7493,0.22057628631591797
34.20183945,84.79850769,3.062176704,4559,7506,0.2330935001373291
34.20360565,85.00006104,3.061564922,4364,7384,0.22649312019348145
34.20057678,85.20001221,3.062438965,4644,7462,0.22944951057434082
34.1980896,85.39828491,3.06108427,4901,7409,0.22044134140014648
34.20013046,85.59881592,3.061168671,5040,7700,0.22518539428710938
34.1978302,85.79981995,3.062913418,5427,8166,0.2279808521270752
34.20309448,85.99717712,3.061563492,6073,9061,0.22677111625671387
34.20215607,86.19957733,3.061793327,7019,9159,0.23003387451171875
34.20042419,86.39737701,3.061385155,7093,9300,0.22974467277526855
34.19652939,86.60187531,3.063002586,7287,9596,0.220170259475708
34.19885254,86.79911041,3.0624547,7597,10101,0.22973394393920898
34.20007324,86.99913025,3.06212616,7805,10419,0.22859811782836914
34.20108414,87.19906616,3.060283661,8123,11476,0.22623801231384277
34.20160675,87.39961243,3.063079357,8553,12318,0.22555136680603027
34.20296478,87.60100555,3.0629673,8653,12066,0.22972917556762695
34.20124817,87.79896545,3.061914921,8959,12755,0.23011159896850586
34.1999855,88.0030365,3.061117649,9034,12637,0.22975993156433105
34.19566345,88.2013855,3.062465668,8813,12421,0.22684335708618164
34.19976807,88.39925385,3.061706543,9236,13296,0.23321127891540527
34.20304108,88.60050201,3.061115265,9090,12946,0.23003840446472168
34.20148468,88.80201721,3.063857079,8813,13117,0.23076176643371582
34.20241165,89.00067902,3.06287384,8710,13163,0.22925734519958496
34.40261841,84.03244019,3.061012745,4375,7825,0.23017406463623047
34.39775085,84.19532776,3.06165266,4357,7505,0.22970294952392578
34.3992157,84.39744568,3.06128931,4418,7485,0.22629904747009277
34.3986969,84.60001373,3.061283112,4310,7596,0.23598980903625488
34.399086,84.79762268,3.06200552,4241,7458,0.23281192779541016
34.39855194,84.99816895,3.062411308,4257,7428,0.22975921630859375
34.40095139,85.19909668,3.062097073,4533,7396,0.23013997077941895
34.40225983,85.39855957,3.060971737,4565,7358,0.22931694984436035
34.40110016,85.60005188,3.062658787,4639,7308,0.2287309169769287
34.40258789,85.7990799,3.061341763,4780,7342,0.23972034454345703
34.3999939,85.99930573,3.06244421,5088,7717,0.2300245761871338
34.39876556,86.20013428,3.061958313,5910,8193,0.22639679908752441
34.39852524,86.39923859,3.062979698,6630,8591,0.23064398765563965
34.40019226,86.60053253,3.062830925,6910,8818,0.23106813430786133
34.39993286,86.79811096,3.062152863,6897,8848,0.2244565486907959
34.39749908,87.00034332,3.062235832,7059,9492,0.22788405418395996
34.39839935,87.19976807,3.061957836,7820,10766,0.22690653800964355
34.40113831,87.40058899,3.061478615,8242,11346,0.22941374778747559
34.40117264,87.60072327,3.061248779,8686,12276,0.22910451889038086
34.39837646,87.79938507,3.062347412,8608,12805,0.22579598426818848
34.39874268,87.99979401,3.06106472,8865,12598,0.22996807098388672
34.39609528,88.20062256,3.061878681,8456,12340,0.22783279418945312
34.400383,88.4004364,3.062230587,8937,12289,0.23013973236083984
34.40151215,88.60309601,3.061796665,9118,12475,0.2329237461090088
34.40133667,88.80104065,3.062201977,8956,12542,0.23077797889709473
34.40062714,89.00045776,3.062053204,8883,12992,0.22843098640441895
34.60059357,84.02172852,3.061561108,4984,8682,0.23007774353027344
34.59788513,84.19895935,3.062398911,4553,8399,0.2290802001953125
34.59810638,84.39770508,3.061916351,4524,8199,0.23019099235534668
34.59546661,84.60012817,3.060565948,4422,7912,0.23080849647521973
34.59603882,84.80038452,3.062494278,4473,7652,0.23079299926757812
34.60186768,84.99841309,3.06151247,4340,7699,0.22920751571655273
34.60396957,85.19781494,3.061695099,4530,7681,0.2302265167236328
34.60331726,85.39717865,3.06363821,4456,7548,0.22946858406066895
34.60019684,85.59963989,3.062144279,4517,7183,0.23023295402526855
34.59915924,85.80026245,3.060474873,4551,7418,0.2299501895904541
34.59754944,85.99821472,3.063468456,4681,7474,0.22843456268310547
34.60285187,86.19813538,3.061669827,4949,7763,0.2292330265045166
34.59831238,86.40022278,3.062911034,5333,8078,0.22530055046081543
34.60013962,86.60297394,3.06156826,5795,8489,0.22797203063964844
34.59667206,86.80170441,3.062297344,6570,8898,0.23074722290039062
34.6008873,87.00035858,3.062082291,7411,9143,0.22630667686462402
34.59692764,87.200737,3.06335783,7626,9748,0.23017287254333496
34.59891891,87.4030304,3.062704563,8350,10855,0.23206400871276855
34.60214233,87.60015869,3.062160015,8307,11522,0.22772932052612305
34.59866333,87.80235291,3.063117981,8487,11918,0.22979259490966797
34.60141373,87.99925232,3.061838627,8968,12495,0.2316265106201172
34.60301971,88.1999054,3.060780525,9048,12483,0.22896456718444824
34.60053253,88.39910126,3.062502861,9044,12888,0.22794699668884277
34.60326385,88.59875488,3.062147141,9317,12796,0.2295386791229248
34.60297012,88.80194092,3.062206268,9261,13094,0.22710514068603516
34.60144043,89.00196075,3.060868263,9319,12944,0.22597384452819824
34.79548645,84.02483368,3.063251495,5784,11870,0.2290024757385254
34.79916763,84.19682312,3.061626434,5316,10393,0.2245936393737793
34.80065155,84.39646912,3.063653946,4957,9641,0.22938084602355957
34.80413055,84.59606171,3.061228275,4869,8503,0.22669625282287598
34.79872131,84.79928589,3.063056946,4539,8340,0.22807836532592773
34.79891205,84.99876404,3.061918736,4496,8036,0.23085355758666992
34.79902267,85.19950867,3.061252594,4535,7805,0.22652459144592285
34.79987335,85.39871979,3.063376427,4452,7599,0.22991538047790527
34.80260468,85.59835815,3.061526775,4493,7745,0.2286972999572754
34.80067444,85.80075073,3.063025951,4458,7387,0.22896432876586914
34.80081558,85.99943542,3.061639309,4605,7568,0.22640633583068848
34.79975128,86.20064545,3.061681747,4804,7593,0.23040986061096191
34.79887009,86.40023804,3.063019276,4878,7545,0.22953176498413086
34.80274963,86.60105896,3.061007023,5291,8048,0.23291420936584473
34.80303955,86.80124664,3.06131649,5814,8599,0.23082184791564941
34.80256653,86.99952698,3.062932491,6673,8939,0.22595763206481934
34.80203247,87.19839478,3.061796188,7834,9389,0.22648906707763672
34.7962265,87.40222931,3.062414169,7716,9544,0.23030400276184082
34.79951096,87.59848022,3.060937405,7885,10708,0.2285614013671875
34.8010788,87.79994965,3.062618732,8498,11259,0.22709369659423828
34.79982376,88.00128174,3.063127995,8781,11848,0.22646856307983398
34.80032349,88.20252991,3.063714027,9010,12663,0.22709131240844727
34.79962921,88.40111542,3.061639309,9258,13235,0.22780299186706543
34.79616547,88.59981537,3.061994076,9215,13489,0.22658300399780273
34.80281448,88.8001709,3.0608778,9554,13401,0.22545742988586426
34.80043793,89.00054169,3.062497139,9283,13065,0.22898387908935547
34.99959564,84.0252533,3.061839581,7146,13928,0.22824883460998535
34.99683762,84.19685364,3.061733723,6510,13429,0.2285289764404297
34.99590302,84.40077972,3.063010216,5910,12102,0.23023629188537598
35.00092316,84.60066223,3.062186241,5433,10539,0.22828459739685059
35.00298309,84.79693604,3.062245846,4959,9481,0.2261197566986084
34.99855423,84.99797058,3.062342644,4813,8630,0.2267899513244629
34.99694824,85.19769287,3.062598228,4615,8112,0.229874849319458
34.99908447,85.39996338,3.061618328,4456,7853,0.22526788711547852
35.00002289,85.59941101,3.06314373,4422,7899,0.2289421558380127
35.00196838,85.79832458,3.062106133,4564,7674,0.22890782356262207
35.00268936,85.99884033,3.062845707,4485,7557,0.22928881645202637
34.99863815,86.19952393,3.06155014,4522,7574,0.22903227806091309
34.99808121,86.40048218,3.062835693,4583,7483,0.22814345359802246
34.99772263,86.60112762,3.062086582,4806,7555,0.2312004566192627
35.00058746,86.80143738,3.062754154,4919,7633,0.22839999198913574
35.00198364,87.00273132,3.062970638,5550,8265,0.23058700561523438
34.99958038,87.20028687,3.0630126,6184,8845,0.22743749618530273
34.9989624,87.3996582,3.061488152,7056,9356,0.22824954986572266
34.99600983,87.60186768,3.061245441,7797,9867,0.22633004188537598
35.00271606,87.79920959,3.061644554,7913,10196,0.22683286666870117
35.00139618,88.00166321,3.062726498,8270,11063,0.2293107509613037
35.00379181,88.20111084,3.061485767,8909,12112,0.22942471504211426
34.99703979,88.40125275,3.062176228,8600,12601,0.22537779808044434
34.99856567,88.60250092,3.062877655,9138,13133,0.22872281074523926
35.00131226,88.80070496,3.062087536,9375,13247,0.22737574577331543
35.00049591,89.00124359,3.061392784,9507,13427,0.2285923957824707
