29.99833679,84.0002594,3.061724663,4591,7439,0.2307124137878418
29.99830055,84.19965363,3.061764717,4600,7638,0.23267626762390137
29.99841309,84.3996582,3.063091278,4641,7873,0.22969913482666016
30.00000763,84.59906769,3.060729027,4688,7837,0.23038816452026367
29.99990463,84.79851532,3.061955452,4663,7744,0.22930216789245605
29.99994469,84.99715424,3.062057495,4515,8056,0.22876787185668945
29.99799156,85.19832611,3.061976433,4534,7881,0.22780323028564453
30.00060272,85.39985657,3.062823772,4478,7762,0.2285633087158203
30.00133705,85.59902191,3.062430382,4519,7896,0.22839140892028809
29.99973869,85.80032349,3.06235981,4532,7766,0.2261214256286621
29.99928093,85.99843597,3.061428547,4592,7819,0.22728729248046875
29.99967575,86.20034027,3.062901497,4632,7658,0.21995115280151367
30.00014114,86.40023041,3.062343597,4716,7760,0.22574877738952637
30.0019207,86.60133362,3.062263966,4650,7676,0.23300504684448242
29.99863815,86.79922485,3.06077528,4795,7802,0.22763919830322266
29.99877739,87.00195313,3.06176424,4844,7870,0.2301805019378662
30.00039482,87.20191956,3.061153889,5030,8138,0.22642302513122559
30.00108147,87.40148163,3.062235355,5558,8455,0.2283327579498291
30.00137138,87.60154724,3.060395241,6137,9216,0.22549819946289062
29.99801064,87.80145264,3.062107563,7989,10039,0.22420096397399902
29.99665451,88.00421143,3.062996387,9199,11187,0.2251722812652588
30.00227928,88.20127869,3.061327457,8101,10819,0.22021842002868652
30.00106049,88.40016174,3.061312199,8174,11066,0.21845293045043945
30.00007057,88.60162354,3.062205315,7717,10897,0.2239995002746582
30.00045204,88.80327606,3.061679363,8332,11861,0.23483777046203613
30.0024395,89.00160217,3.062525272,8620,12882,0.22829580307006836
30.20000267,84.02376556,3.063043118,4883,7625,0.22836709022521973
30.19875526,84.19490051,3.061697006,5125,7902,0.2297348976135254
30.20068359,84.3978653,3.061508179,5105,8322,0.22543120384216309
30.20170975,84.59638977,3.061665535,5077,8197,0.22176003456115723
30.20236397,84.79781342,3.062675476,4894,8227,0.2286694049835205
30.20188141,84.99737549,3.062077522,4640,7952,0.2245035171508789
30.19933319,85.19754791,3.0612607,4632,8114,0.21910977363586426
30.20072746,85.39815521,3.061496258,4560,8058,0.2182750701904297
30.2009201,85.59970856,3.063318253,4488,7992,0.22702503204345703
30.19781685,85.79812622,3.062871456,4598,8080,0.22661590576171875
30.20113564,85.99932098,3.061274529,4473,7743,0.22510361671447754
30.19969559,86.19898987,3.062137127,4553,7856,0.2229137420654297
30.2003727,86.39762115,3.062629223,4608,7833,0.22686982154846191
30.2022419,86.59963989,3.062041759,4527,7734,0.22675514221191406
30.19992065,86.79955292,3.060709476,4594,7690,0.23010659217834473
30.2009964,87.00086975,3.062710762,4676,7576,0.22710847854614258
30.20151329,87.19835663,3.061408043,4569,7745,0.21938610076904297
30.20035172,87.39820862,3.060815334,4894,7831,0.2263486385345459
30.19774055,87.60097504,3.062050343,5185,8450,0.22815847396850586
30.20275879,87.79930115,3.061798096,5530,8498,0.23559093475341797
30.20226097,88.00050354,3.062465191,6405,9352,0.2361438274383545
30.19931221,88.20183563,3.061718464,8626,11668,0.23087000846862793
30.20060158,88.40175629,3.061029434,9347,11460,0.232177734375
30.20110512,88.60005188,3.061918259,8135,11001,0.2380228042602539
30.19851685,88.80142975,3.062876701,7797,11016,0.22723674774169922
30.19898033,89.0021286,3.062179089,7867,11184,0.225250244140625
30.39824486,84.04090881,3.062945366,5475,8239,0.22072148323059082
30.4020462,84.19541931,3.060646534,6280,9414,0.22849583625793457
30.40174484,84.39710999,3.062229633,6350,9680,0.2250669002532959
30.3984642,84.59848022,3.062749386,6369,9770,0.2264106273651123
30.40065002,84.79618073,3.061237335,5866,9923,0.2223348617553711
30.4026165,84.99642181,3.062897682,5412,9322,0.22746491432189941
30.40191841,85.19813538,3.061907291,5042,9021,0.22435212135314941
30.397686,85.39814758,3.062298775,4810,8713,0.22534489631652832
30.39742088,85.59703827,3.060873985,4722,8239,0.23094964027404785
30.39962006,85.79711151,3.060591698,4679,8214,0.23214221000671387
30.39997673,85.99816895,3.062077999,4704,8277,0.23656010627746582
30.4015789,86.19936371,3.061977386,4726,8181,0.23319053649902344
30.40102386,86.40157318,3.064317703,4436,8103,0.22360587120056152
30.39797401,86.59955597,3.061933517,4631,7852,0.22359633445739746
30.39916992,86.8004303,3.06182909,4591,7916,0.2256622314453125
30.40154839,86.99879456,3.062526226,4497,7854,0.22390437126159668
30.40216637,87.20275879,3.060903549,4652,7759,0.22695398330688477
30.3993988,87.3993988,3.061462879,4711,7902,0.22243309020996094
30.40084839,87.60101318,3.062460899,4862,7908,0.2315673828125
30.40036583,87.80126953,3.061830044,5276,8053,0.23191308975219727
30.40141487,88.00059509,3.061212063,5364,8479,0.22411727905273438
30.40056801,88.20058441,3.061625481,5766,9103,0.2289893627166748
30.40066719,88.40036011,3.061752319,7297,9880,0.2275838851928711
30.40075874,88.60273743,3.061222553,9171,11172,0.2322707176208496
30.39803123,88.80245972,3.062911034,8817,10957,0.22589826583862305
30.40074348,88.99993896,3.062759399,8176,11431,0.22493577003479004
30.59980774,84.04414368,3.064333439,7280,10253,0.22321057319641113
30.59986305,84.19642639,3.062900066,10331,14537,0.22577691078186035
30.59945107,84.39641571,3.06190443,10610,15415,0.22567033767700195
30.60123825,84.59864807,3.062002182,10266,17023,0.22368454933166504
30.59925842,84.79698944,3.060413361,8613,16196,0.22437405586242676
30.59413719,84.99768066,3.063615799,7083,12690,0.2275242805480957
30.59977531,85.19670105,3.061579227,5914,10818,0.22641634941101074
30.60197258,85.39949799,3.062712193,5376,9751,0.2257976531982422
30.6023941,85.59954834,3.061743736,5069,9062,0.22627592086791992
30.59887505,85.79925537,3.062459946,4690,8574,0.2219088077545166
30.59915161,85.99600983,3.061028481,4657,8354,0.2237534523010254
30.60176277,86.19760132,3.061143398,4597,8188,0.22569608688354492
30.60084343,86.40018463,3.062723637,4517,8109,0.22767853736877441
30.59713554,86.60085297,3.060863018,4443,8168,0.22377777099609375
30.59868431,86.79914856,3.062758923,4360,7903,0.22320818901062012
30.60161209,86.99968719,3.062017441,4500,7668,0.22539877891540527
30.60141182,87.20004272,3.062190056,4442,7510,0.22643470764160156
30.59933472,87.39987183,3.062786579,4367,7605,0.2256922721862793
30.59869576,87.5996933,3.061569214,4537,7604,0.22069549560546875
30.59591103,87.80196381,3.061871529,4611,7731,0.22628521919250488
30.60172272,87.99925995,3.062068462,4781,7853,0.23833346366882324
30.60259056,88.19874573,3.060490608,5086,8196,0.22909832000732422
30.60082436,88.39993286,3.063123226,5395,8446,0.23828649520874023
30.60188866,88.60029602,3.062710762,5953,9118,0.22785401344299316
30.59934616,88.8004303,3.062311172,7536,10093,0.2285914421081543
30.59759331,88.9990387,3.062343597,9102,11120,0.2289443016052246
30.80362892,84.01674652,3.063127041,10225,12313,0.22809481620788574
30.79974174,84.1965332,3.060855865,18462,21550,0.2250516414642334
30.79741287,84.39746094,3.062218666,24089,29793,0.22125577926635742
30.8013382,84.59747314,3.063037395,19293,28295,0.22687220573425293
30.80405235,84.79800415,3.060735226,18521,29650,0.22477984428405762
30.79800034,84.99860382,3.061309338,12184,23721,0.22747588157653809
30.79554749,85.19775391,3.061308384,8550,18599,0.22216081619262695
30.80202675,85.39924622,3.06289196,7018,12686,0.22431063652038574
30.80291176,85.59946442,3.061694622,5789,10340,0.22642755508422852
30.79978752,85.79916382,3.062530041,5278,9216,0.22667956352233887
30.79787445,86.0019455,3.06350708,4738,8770,0.21979403495788574
30.80008698,86.19749451,3.061372757,4581,8427,0.22699260711669922
30.8021431,86.39957428,3.062632561,4378,8230,0.2267773151397705
30.80211639,86.59907532,3.061172485,4497,8106,0.22662639617919922
30.80092049,86.80142212,3.062511444,4408,8016,0.23273110389709473
30.79931831,86.99981689,3.06147337,4372,7768,0.22267389297485352
30.79960251,87.1980896,3.062932491,4254,7627,0.2249758243560791
30.80390167,87.40016937,3.061844826,4401,7556,0.23114514350891113
30.80426788,87.59867859,3.062148094,4336,7573,0.21857762336730957
30.79826546,87.79666901,3.062711716,4403,7548,0.22618651390075684
30.79669571,87.99897003,3.062616825,4351,7530,0.22389507293701172
30.8000679,88.19804382,3.06222868,4585,7711,0.23253250122070312
30.80168915,88.39982605,3.060791016,4753,7835,0.22678065299987793
30.79936218,88.60125732,3.061649323,5078,8207,0.22745895385742188
30.80166054,88.79858398,3.061008453,5370,8236,0.22263455390930176
30.80082512,89.00188446,3.06207037,6050,9305,0.22631192207336426
30.99946022,84.04391479,3.062855244,14736,15872,0.22916507720947266
30.99898338,84.19950867,3.062206745,21967,22328,0.22873353958129883
30.99935532,84.39672852,3.062685013,15478,21258,0.22956204414367676
30.99851418,84.59778595,3.060934067,13260,21812,0.22992515563964844
31.00060272,84.79554749,3.061617851,11535,18416,0.21937346458435059
31.00074959,85.00030518,3.061942101,12671,22596,0.22593998908996582
30.99786758,85.20326233,3.06273365,15546,27932,0.23075437545776367
30.99726868,85.39968109,3.060967922,10947,21839,0.24122047424316406
30.99953461,85.5995636,3.061867237,7441,15646,0.2220296859741211
30.99740219,85.79914856,3.063583374,6059,11254,0.22943544387817383
30.99914551,85.998703,3.062389851,5320,9881,0.2312760353088379
31.00187492,86.20133972,3.062993526,4947,9100,0.22932171821594238
30.99846268,86.40150452,3.062610149,4688,8462,0.22660398483276367
30.99935341,86.59742737,3.060444355,4774,8305,0.23001861572265625
30.99740219,86.80207825,3.061920643,4434,8153,0.22049307823181152
31.0012207,86.99985504,3.06243372,4446,7950,0.2259693145751953
31.00302315,87.1975708,3.061223984,4476,8063,0.22038793563842773
31.0000782,87.40058899,3.060738087,4350,7716,0.22694826126098633
31.00026703,87.60072327,3.062002659,4432,7849,0.22787141799926758
31.00323486,87.79838562,3.06189537,4435,7631,0.22541594505310059
31.0009346,87.99980164,3.061392784,4447,7505,0.22456908226013184
31.00000954,88.2003479,3.061814308,4555,7613,0.23046612739562988
30.99741554,88.3983078,3.061552525,4497,7761,0.22994136810302734
31.0012188,88.60092163,3.063004971,4669,7727,0.22267556190490723
30.99954224,88.80032349,3.061754227,4850,8011,0.2325608730316162
30.99778175,89.00178528,3.062623501,5201,8396,0.2234632968902588
31.19815636,84.02896118,3.062957764,21504,22161,0.22665810585021973
31.20237923,84.19644165,3.062279224,15503,18092,0.22772479057312012
31.20260429,84.39859009,3.062350273,11838,16676,0.2276899814605713
31.20199585,84.59899139,3.060970306,10443,16546,0.2284562587738037
31.19810867,84.79724121,3.062223434,9804,15630,0.22264790534973145
31.20177078,84.9981308,3.060638428,10659,19247,0.22656488418579102
31.20145416,85.20062256,3.061980247,11058,17756,0.22398614883422852
31.19826317,85.40187073,3.062749863,13717,24507,0.23589563369750977
31.20048332,85.59975433,3.062371254,13113,24872,0.22418689727783203
31.19758987,85.79738617,3.060595036,8619,17868,0.23063278198242188
31.20046234,86.00165558,3.062115669,6799,13166,0.22880291938781738
31.19893646,86.20022583,3.062012196,5912,10716,0.2294774055480957
31.19772148,86.39925385,3.061674118,5245,9643,0.22775506973266602
31.20172691,86.59789276,3.06234026,4886,8855,0.237030029296875
31.20184517,86.79825592,3.062102795,4519,8466,0.22804737091064453
31.20064354,86.99914551,3.061531067,4530,8192,0.22780513763427734
31.19905472,87.19830322,3.061795235,4402,8146,0.22296428680419922
31.20114326,87.4008255,3.061712742,4379,7936,0.22452521324157715
31.20158958,87.59979248,3.062829971,4373,7960,0.2216355800628662
31.19810486,87.79761505,3.061558723,4354,7739,0.22764158248901367
31.19984245,88.00117493,3.062335491,4440,7672,0.226423978805542
31.19903946,88.20166016,3.061338425,4461,7617,0.226853609085083
31.20126343,88.40129089,3.061569691,4471,7813,0.22941088676452637
31.20016289,88.60128021,3.061891079,4534,7683,0.22646141052246094
31.19759369,88.80056763,3.062260151,4707,7706,0.22709393501281738
31.19700432,88.99913025,3.061968803,4734,7819,0.22208309173583984
31.40265465,84.04069519,3.06174612,18460,20783,0.22402310371398926
31.39836311,84.19836426,3.062868595,13647,17124,0.2280569076538086
31.39998436,84.39634705,3.061044216,10797,16156,0.22624468803405762
31.40105247,84.59664917,3.061985016,10351,15932,0.2216496467590332
31.4004631,84.79644775,3.062810898,10400,14652,0.22044062614440918
31.40198135,84.99895477,3.061903,9790,14946,0.23122859001159668
31.40085983,85.19908142,3.062121391,9675,16359,0.22224092483520508
31.39795303,85.39801025,3.063560009,10202,18357,0.2267444133758545
31.39961052,85.59922791,3.06193161,11375,19040,0.22763752937316895
31.40186882,85.79756927,3.061585903,13628,23970,0.23635435104370117
31.4013176,85.99855042,3.06189537,11040,22295,0.23004865646362305
31.40333939,86.19958496,3.063242912,8278,16977,0.2193605899810791
31.39858437,86.39837646,3.061786175,6845,12380,0.22682619094848633
31.396698,86.60353851,3.061416626,5727,10825,0.22790884971618652
31.39997673,86.79654694,3.061416149,5101,9685,0.22382569313049316
31.40117836,86.9994278,3.061849594,4720,8907,0.224989652633667
31.39945412,87.19883728,3.061880112,4616,8509,0.22324538230895996
31.40270424,87.3993988,3.061805248,4492,8315,0.22800779342651367
31.40019226,87.60267639,3.06345892,4384,8092,0.2249741554260254
31.39693832,87.80010986,3.060842514,4397,7914,0.22332286834716797
31.39792061,87.99898529,3.06109333,4524,8027,0.22359585762023926
31.39996147,88.20226288,3.063171864,4497,7847,0.22562146186828613
31.40082169,88.40048981,3.060576916,4402,7803,0.2276616096496582
31.40029335,88.6000061,3.060904026,4259,7725,0.22294378280639648
31.39627075,88.79886627,3.062152863,4478,7620,0.22301697731018066
31.40099907,89.00117493,3.061283588,4632,7803,0.22716259956359863
31.60353279,84.0280838,3.062404156,13272,17001,0.2281632423400879
31.60017967,84.19685364,3.061797619,10887,15729,0.22166943550109863
31.59576035,84.39694214,3.060461044,10271,15443,0.22795701026916504
31.60144234,84.59805298,3.061914444,9838,14278,0.22217965126037598
31.5991993,84.80027771,3.062260151,9467,14502,0.22349095344543457
31.60100365,84.99812317,3.061797619,9427,14517,0.22778987884521484
31.59992218,85.19687653,3.062352657,9405,15159,0.22582483291625977
31.59971046,85.4001236,3.062234402,9510,14829,0.22642254829406738
31.59902,85.5989151,3.062702179,10095,17333,0.2270965576171875
31.59991264,85.79897308,3.062734127,10181,16990,0.22075939178466797
31.60007477,86.00053406,3.062309265,13021,22704,0.22650527954101562
31.59955597,86.19905853,3.062328815,15729,27768,0.2239542007446289
31.59877968,86.39872742,3.062436104,10887,25467,0.22965574264526367
31.60040092,86.59805298,3.061604023,8346,17204,0.22681164741516113
31.59739876,86.79918671,3.062777996,6433,12010,0.2349092960357666
31.59854507,86.99927521,3.062832832,5253,9916,0.22368359565734863
31.59860039,87.20066071,3.062395096,4992,9142,0.2243025302886963
31.6006031,87.40203857,3.062150478,4660,8596,0.22653818130493164
31.5966301,87.59960938,3.063523769,4446,8257,0.2223198413848877
31.600914,87.80081177,3.060907364,4520,8359,0.22698593139648438
31.60087585,88.00032043,3.063070774,4386,7931,0.2257673740386963
31.59948349,88.19895935,3.062265396,4410,8097,0.22059273719787598
31.59776306,88.40211487,3.061536312,4442,7866,0.22636675834655762
31.60005569,88.60110474,3.0625453,4368,7796,0.22703003883361816
31.6011467,88.80263519,3.060913086,4303,7621,0.22760796546936035
31.60089302,88.99848938,3.062475204,4461,7531,0.22983026504516602
31.80370903,84.01707458,3.062568665,11446,14988,0.22603821754455566
31.80077934,84.19635773,3.061555386,9642,14722,0.22678685188293457
31.79755592,84.39990234,3.062955856,9689,14220,0.2198188304901123
31.79932976,84.59851074,3.062676907,9395,14176,0.22808408737182617
31.80076599,84.79678345,3.06232357,9072,14026,0.23568463325500488
31.80097198,84.99754333,3.061444283,9118,13828,0.22533011436462402
31.80143738,85.1978302,3.061101913,9281,14210,0.23386907577514648
31.79816246,85.39953613,3.062609673,9120,14095,0.22305917739868164
31.79834557,85.5993042,3.062328339,9244,14779,0.23033428192138672
31.79824066,85.80004883,3.06293869,9560,14556,0.22757506370544434
31.80093765,85.99935913,3.061346054,10077,18604,0.22713351249694824
31.80025101,86.20002747,3.061935425,11095,18173,0.2232058048248291
31.80111885,86.39987946,3.062577724,15454,27415,0.22618675231933594
31.80144501,86.59947968,3.061347008,14674,26403,0.22882866859436035
31.80120659,86.80149841,3.061538219,8820,19934,0.2273879051208496
31.80091095,86.99985504,3.061346054,6924,13428,0.22315073013305664
31.80066299,87.20236969,3.062412262,5704,10793,0.2330765724182129
31.80175972,87.39959717,3.063320637,5117,9485,0.23062443733215332
31.79967499,87.60296631,3.062716007,4799,8766,0.22911381721496582
31.80024147,87.7987442,3.061715126,4552,8433,0.22379016876220703
31.79966927,88.00327301,3.062211514,4428,8062,0.22769546508789062
31.79942703,88.20064545,3.061638355,4400,8091,0.22661137580871582
31.7986412,88.39969635,3.061433315,4441,7972,0.2294602394104004
31.8003521,88.59872437,3.061303616,4368,7884,0.23416662216186523
31.8016243,88.80054474,3.061282635,4354,7688,0.21988916397094727
31.80009842,89.00071716,3.062102795,4262,7812,0.22838711738586426
32.00079346,84.0172348,3.062430382,9176,12715,0.2269909381866455
32.00054932,84.19509888,3.06114006,8941,13304,0.2261056900024414
31.99981117,84.39650726,3.062254906,9253,13787,0.22465109825134277
32.0008316,84.59896088,3.061757565,9139,13832,0.22690939903259277
31.99910164,84.79655457,3.061436653,8907,13639,0.21934056282043457
32.00042343,84.99702454,3.062970638,8818,13909,0.23040461540222168
32.00159454,85.19798279,3.061710835,9059,13593,0.2228550910949707
32.00098038,85.40048981,3.06193018,8944,13932,0.22588801383972168
32.00057983,85.59746552,3.061187267,9065,14075,0.2249159812927246
32.0009613,85.80020142,3.061868191,9499,14429,0.22782206535339355
32.00165558,85.99975586,3.061140537,9775,15008,0.22939276695251465
31.99991798,86.20141602,3.061925411,10297,16949,0.2257077693939209
31.99864197,86.39838409,3.062160492,10973,18965,0.22694754600524902
32.00312805,86.59970093,3.060571671,12483,19903,0.21937346458435059
31.9995079,86.79855347,3.062306881,14529,25074,0.22774243354797363
31.99923515,86.99989319,3.062025547,12120,22842,0.2283949851989746
32.00041962,87.2019043,3.060809135,7712,16685,0.22451186180114746
31.9996891,87.40070343,3.06222868,6190,11834,0.22964859008789062
31.99913788,87.60049438,3.062398911,5450,10183,0.22644495964050293
32.00215912,87.79878998,3.060902596,5037,9434,0.2232058048248291
32.00033951,88.00196838,3.06043911,4690,8724,0.23688411712646484
32.00248337,88.20345306,3.061211109,4453,8313,0.22942328453063965
32.00037384,88.40261841,3.062274456,4361,8179,0.22661900520324707
31.99958038,88.59980011,3.062009335,4357,8009,0.2256910800933838
31.99998093,88.79971313,3.062213898,4351,7870,0.22597885131835938
32.00265503,89.0005188,3.061677933,4293,7843,0.22651362419128418
32.19851685,84.03707123,3.063822746,8366,11708,0.22316908836364746
32.19871521,84.19646454,3.062103271,8672,11781,0.23075294494628906
32.19890213,84.39768219,3.061683655,8751,12699,0.22551488876342773
32.2020874,84.59817505,3.062921524,9056,13219,0.22537827491760254
32.20043945,84.80027771,3.062133312,8901,13868,0.22939491271972656
32.19688416,84.99900055,3.062466145,8788,13977,0.2223682403564453
32.19842911,85.19827271,3.061790943,9111,14071,0.22295093536376953
32.20100403,85.39889526,3.062954903,9043,14266,0.22725439071655273
32.19896698,85.60215759,3.062142372,8963,13769,0.22721314430236816
32.19917297,85.80077362,3.061899185,9644,14540,0.2245938777923584
32.19808197,85.99810791,3.061464787,10083,14966,0.22384095191955566
32.20024872,86.19891357,3.062337399,10396,15929,0.22008275985717773
32.19916153,86.39837646,3.062012196,10419,15571,0.2273247241973877
32.19887161,86.60246277,3.062703609,10421,17304,0.22658205032348633
32.19732666,86.80046082,3.062675953,10099,16183,0.2273399829864502
32.20381927,86.99719238,3.061046124,12004,20765,0.2285773754119873
32.20116425,87.20292664,3.061860561,13096,24069,0.22677397727966309
32.19944,87.40187073,3.062203884,9423,19647,0.22269439697265625
32.19586182,87.60072327,3.06380558,7461,15096,0.22882413864135742
32.20352554,87.80017853,3.061454296,6280,11812,0.2268538475036621
32.19963455,88.00157928,3.061451435,5491,10160,0.22984623908996582
32.20052338,88.20114899,3.061896801,5009,9299,0.23123383522033691
32.19736099,88.40014648,3.061209679,4589,8565,0.22763466835021973
32.19913483,88.60261536,3.062815189,4591,8572,0.22731399536132812
32.20111465,88.8008728,3.062016487,4467,8258,0.22028565406799316
32.19955444,88.99919891,3.060646057,4494,8012,0.22552990913391113
32.39987946,84.02901459,3.062407494,7877,10180,0.2275834083557129
32.39867401,84.19726562,3.062276363,7971,10725,0.22512459754943848
32.40174866,84.3938446,3.060976505,8406,11782,0.2293553352355957
32.40286255,84.59915161,3.061385155,8602,12516,0.2285301685333252
32.39927673,84.79626465,3.062020302,8893,13081,0.22746825218200684
32.39764404,84.9969101,3.061874866,8649,13293,0.22234225273132324
32.40162659,85.19747162,3.061759472,8839,13698,0.22228360176086426
32.40150452,85.39719391,3.062133789,9029,13813,0.22667336463928223
32.39878845,85.59925842,3.06091547,9284,14481,0.22425246238708496
32.4009552,85.80101776,3.06189394,9730,15019,0.22721362113952637
32.40020752,85.99968719,3.063015938,9962,15070,0.2278599739074707
32.4016304,86.19795227,3.062708378,10229,15969,0.22729921340942383
32.40139389,86.4003067,3.062311172,10576,15949,0.22673392295837402
32.40042496,86.60046387,3.060844421,9884,15235,0.22723174095153809
32.39577484,86.80228424,3.061850548,9493,14972,0.22150635719299316
32.40137482,86.99728394,3.062961102,9435,17362,0.22655868530273438
32.40377808,87.20092773,3.061303139,10820,18006,0.2238936424255371
32.39929962,87.39961243,3.062051773,14515,26282,0.2241058349609375
32.39635468,87.60002136,3.062064171,15130,28170,0.22695064544677734
32.40136337,87.79916382,3.06274271,9961,22261,0.22812604904174805
32.40232086,88.00153351,3.062738419,7716,15331,0.22206735610961914
32.39894867,88.20095825,3.061075687,6059,11569,0.22249197959899902
32.39364624,88.39950562,3.062936783,5468,10062,0.22618508338928223
32.40229034,88.59939575,3.062584877,5058,9338,0.22905707359313965
32.40320587,88.80031586,3.062526703,4637,8710,0.2202894687652588
32.39574432,89.00015259,3.063062668,4577,8689,0.22506189346313477
32.59743881,84.02178192,3.063173771,8085,10226,0.22617673873901367
32.59849548,84.19682312,3.061752319,7874,10427,0.22836780548095703
32.60169983,84.39613342,3.060920715,8164,10755,0.2235865592956543
32.59827042,84.59654236,3.062203884,8264,11301,0.22542500495910645
32.59923935,84.79801941,3.061519146,8233,12167,0.2295386791229248
32.59977722,84.99996185,3.063067436,8577,13032,0.22555899620056152
32.59913254,85.19876862,3.062331676,9095,13374,0.22782611846923828
32.59878922,85.39819336,3.062491894,9283,14108,0.22479653358459473
32.59993744,85.59851837,3.062236786,9441,14746,0.23001599311828613
32.59684753,85.80196381,3.062557697,10310,15450,0.22831106185913086
32.59811401,85.99919891,3.062168598,9501,15018,0.22263717651367188
32.60183716,86.19850159,3.06260252,9751,15076,0.22510647773742676
32.60117722,86.39871216,3.061905861,9427,14596,0.2267165184020996
32.5994339,86.59945679,3.062854767,9388,14840,0.22652578353881836
32.59522247,86.79946136,3.062934399,9159,14589,0.2236952781677246
32.59638214,86.99913788,3.062303543,9137,14481,0.22671890258789062
32.60311127,87.20057678,3.062813759,9432,16222,0.22969985008239746
32.60102844,87.39978027,3.06182766,10280,17809,0.2258751392364502
32.59764099,87.59909821,3.061640739,12089,20698,0.22443127632141113
32.59912109,87.80090332,3.061957359,19336,33764,0.22612929344177246
32.60140228,88.00016785,3.060798645,13698,28585,0.22635388374328613
32.59792328,88.20131683,3.060935974,8918,20196,0.22035908699035645
32.59832764,88.39936829,3.062294483,7213,14057,0.22559881210327148
32.6010437,88.59918213,3.062423229,5714,11166,0.22737765312194824
32.60042572,88.79821014,3.062025547,5143,9810,0.22681498527526855
32.60425568,88.99903107,3.062107086,4888,9129,0.22004222869873047
32.79833984,84.04566956,3.0624547,7964,9761,0.22720837593078613
32.79464722,84.19961548,3.062753201,8597,10593,0.23007440567016602
32.79867935,84.39980316,3.061752796,8356,10470,0.23140287399291992
32.80175018,84.59879303,3.062848091,8205,10739,0.22266030311584473
32.80156708,84.79592133,3.061018944,7537,10678,0.22267913818359375
32.79971313,84.99827576,3.062422276,8107,11465,0.2299184799194336
32.80068207,85.19810486,3.061722755,8361,12741,0.22187423706054688
32.79866028,85.40068817,3.062563896,8801,13424,0.22718000411987305
32.80147552,85.59862518,3.062467098,9146,14257,0.22020864486694336
32.79867554,85.79823303,3.062062263,9287,14463,0.22605109214782715
32.79626846,85.99806213,3.061393738,9194,14442,0.2263808250427246
32.80220032,86.19765472,3.062308311,9138,14419,0.2340397834777832
32.79999924,86.40014648,3.061196804,9007,14740,0.2258462905883789
32.80067444,86.59828949,3.061959267,9386,14241,0.22999095916748047
32.79992676,86.80097961,3.062743664,8992,14617,0.22015857696533203
32.79790115,87.00108337,3.0612607,8827,14151,0.22095990180969238
32.80192566,87.20173645,3.061579704,9122,14812,0.22861814498901367
32.80205536,87.40227509,3.060906887,9545,14588,0.23131036758422852
32.79937744,87.59899139,3.061369896,10343,17790,0.22650837898254395
32.7973175,87.80239105,3.063107014,11022,19120,0.23855352401733398
32.79672241,88.00240326,3.062585831,14592,25602,0.22749590873718262
32.79978943,88.20271301,3.061406612,18226,30695,0.22562766075134277
32.80085373,88.4006958,3.060563087,12872,24067,0.2249448299407959
32.80099869,88.59789276,3.062763214,7853,17009,0.2329728603363037
32.80189133,88.79956055,3.060767651,6374,12403,0.22753500938415527
32.80013275,88.99980164,3.061793327,5520,10316,0.22973227500915527
32.99985504,84.02046967,3.061635971,5930,8327,0.22523951530456543
32.99815369,84.19789124,3.06244278,6596,9305,0.23882460594177246
32.99725342,84.39899445,3.061626434,9472,10966,0.22768330574035645
32.99988556,84.59835052,3.061228752,8906,10708,0.2388598918914795
33.00156403,84.79876709,3.062320232,7539,10346,0.2292616367340088
33.00139236,84.99572754,3.062199116,7628,10336,0.22720646858215332
32.99945068,85.19540405,3.062273026,7667,10703,0.22136664390563965
32.99979401,85.39933014,3.062953949,7767,11901,0.22484707832336426
33.00321198,85.59990692,3.062113762,8037,12190,0.22705078125
32.99947739,85.79851532,3.06201458,8357,12927,0.23223257064819336
33.00115204,85.99951935,3.062529564,8706,13669,0.22789573669433594
32.99718475,86.19940186,3.061444283,8929,14053,0.23085618019104004
32.99991608,86.40311432,3.062167168,8683,14200,0.2248549461364746
32.99972534,86.60034943,3.061698914,8525,13903,0.22588682174682617
33.00043869,86.79779816,3.062646389,8661,14053,0.22693634033203125
33.00238419,86.9970932,3.061040878,8886,14042,0.23028945922851562
33.00149536,87.20079041,3.060707569,9282,14251,0.22718143463134766
32.99959564,87.40045929,3.062027454,9521,14701,0.23004841804504395
33.00157166,87.60258484,3.061071873,9713,15524,0.22658538818359375
32.99700928,87.80051422,3.062673092,9955,15492,0.23083782196044922
33.00169373,87.99835968,3.061079025,10759,19975,0.22558975219726562
33.001091,88.20246887,3.06214571,11624,18680,0.2254350185394287
32.99960327,88.40063477,3.06158638,14362,25959,0.22360563278198242
32.99589539,88.60108948,3.061970711,15146,27847,0.22718262672424316
33.00258636,88.79929352,3.062059402,9795,22238,0.23446059226989746
33.00315094,89.00190735,3.062496662,7699,15834,0.22328543663024902
33.19838715,84.02715302,3.062745094,5500,7797,0.22649073600769043
33.19935608,84.19396973,3.061992645,5684,8371,0.22339177131652832
33.2016983,84.40031433,3.061654568,6296,8856,0.22585463523864746
33.19850159,84.59998322,3.06139183,7998,10189,0.2283165454864502
33.19919205,84.79676819,3.062796116,8603,11080,0.22860050201416016
33.1991806,84.99929047,3.060564518,8751,10563,0.22835230827331543
33.201828,85.19913483,3.061887264,7738,10500,0.22240042686462402
33.19991684,85.39931488,3.062579155,7483,10495,0.22643709182739258
33.20005417,85.59946442,3.061094284,7679,10877,0.22477221488952637
33.19849014,85.80026245,3.062270641,8004,11809,0.23665761947631836
33.19933319,86.00035858,3.0626688,8422,12887,0.2218928337097168
33.20008087,86.19923401,3.060822964,8393,13276,0.2262282371520996
33.20155716,86.39906311,3.061244011,8675,13382,0.23090219497680664
33.20187378,86.59869385,3.060606956,8451,13469,0.22612214088439941
33.20128632,86.80259705,3.063792229,8270,13362,0.22113990783691406
33.19676971,87.00286102,3.061968327,8593,13491,0.22798871994018555
33.19868088,87.20107269,3.062785625,9079,13687,0.23717594146728516
33.19758606,87.40281677,3.062516689,9165,14402,0.23058629035949707
33.20272446,87.59863281,3.062440872,9310,15052,0.22476458549499512
33.20187378,87.800354,3.062819481,10072,15646,0.23042821884155273
33.20088196,87.99993896,3.062695026,10121,15617,0.22156763076782227
33.20019531,88.2010498,3.061999798,10491,16398,0.21910762786865234
33.200737,88.39868164,3.0627141,10741,19538,0.2286512851715088
33.20027542,88.60173035,3.061851501,11749,19782,0.23082828521728516
33.20004272,88.80039215,3.062340736,17058,30320,0.2224593162536621
33.20108414,89.00120544,3.06184864,15299,27639,0.22810101509094238
33.401577,84.01963806,3.062044144,5140,7573,0.22717642784118652
33.4007225,84.1966095,3.062252998,5110,7615,0.22705936431884766
33.40031433,84.39727783,3.063466549,5492,7929,0.22950291633605957
33.40008545,84.59786224,3.062903881,5754,8192,0.22657275199890137
33.40044403,84.79698181,3.060471058,6175,9325,0.22736001014709473
33.40181732,84.99680328,3.0616889,7884,10423,0.22256207466125488
33.39792633,85.19931793,3.062324047,9802,11581,0.2256462574005127
33.40151215,85.39873505,3.062412262,7769,10031,0.22403597831726074
33.40087891,85.59736633,3.062152863,7595,10696,0.22316384315490723
33.39818192,85.79843903,3.06142664,7436,10518,0.2284107208251953
33.40080261,85.99967957,3.062286377,7615,11524,0.22687458992004395
33.39997101,86.19885254,3.063281059,8106,12202,0.22016143798828125
33.39670563,86.40003967,3.063035965,8175,12688,0.22472906112670898
33.39995575,86.59877777,3.062161922,8113,12845,0.2261660099029541
33.40172577,86.79858398,3.061796665,7614,12559,0.22358107566833496
33.39901733,86.99989319,3.061258316,8107,12904,0.23244810104370117
33.39791107,87.20318604,3.062839985,8784,13619,0.2276144027709961
33.39846039,87.40122223,3.062814236,9234,14300,0.22820496559143066
33.39884949,87.59954071,3.062778473,9670,14432,0.22270989418029785
33.40145874,87.80024719,3.062247276,9813,15490,0.23261022567749023
33.40177917,88.00152588,3.061622143,10544,15962,0.2235414981842041
33.39819717,88.20102692,3.061342716,10524,15988,0.22692251205444336
33.39748383,88.39968109,3.061532497,10334,15778,0.22842812538146973
33.39806747,88.60057068,3.061323166,10427,18006,0.2228868007659912
33.40382385,88.80020142,3.06221056,11124,19080,0.23024487495422363
33.40223312,89.00127411,3.060766697,13335,22942,0.23848676681518555
33.6002121,84.02189636,3.061262608,4631,7369,0.22946763038635254
33.59896088,84.19550323,3.061113358,4623,7481,0.2331078052520752
33.60084534,84.39416504,3.061563015,4837,7571,0.22485899925231934
33.59908295,84.6006012,3.062890053,4858,7930,0.22652792930603027
33.59928894,84.7990799,3.061637402,5243,8076,0.22278141975402832
33.59880066,84.99898529,3.063179016,5745,9021,0.2280421257019043
33.59869385,85.19642639,3.062709332,7273,10079,0.2257394790649414
33.6026535,85.39597321,3.062291622,8532,11023,0.22354745864868164
33.60340881,85.59809113,3.062292099,8792,11034,0.2261219024658203
33.60004425,85.7988739,3.062975407,7326,10415,0.22999215126037598
33.59985733,86.00082397,3.062298298,7190,10524,0.22606468200683594
33.60025024,86.19837952,3.06132555,7154,10685,0.2258615493774414
33.60121918,86.39704132,3.061710835,7776,11559,0.22352361679077148
33.60157776,86.5986557,3.062244415,7593,12010,0.223829984664917
33.60083771,86.80099487,3.06149435,7354,11725,0.23707222938537598
33.59832001,87.00115967,3.061610699,7820,12278,0.2246544361114502
33.59921646,87.19726563,3.062540054,8488,13045,0.22197890281677246
33.60084915,87.3999939,3.061826229,8843,14152,0.22620749473571777
33.60155106,87.60116577,3.062860012,9562,14729,0.22368097305297852
33.60070801,87.80067444,3.063578129,9691,14917,0.2303638458251953
33.59999466,88.00348663,3.062916756,9641,14824,0.23324275016784668
33.59835052,88.20275879,3.062820911,9896,15431,0.2236156463623047
33.60333252,88.40000916,3.060930252,10205,15612,0.2290966510772705
33.60300827,88.59998322,3.06256485,10154,16498,0.22600150108337402
33.60211182,88.79975891,3.061089039,10404,16007,0.2267911434173584
33.59916687,89.00053406,3.061889648,11023,20234,0.22371864318847656
33.80028152,84.01856995,3.062360287,4433,7514,0.2323920726776123
33.80032349,84.19648743,3.062280178,4583,7540,0.2249305248260498
33.79849625,84.39784241,3.062189102,4544,7397,0.22664260864257812
33.80020142,84.59666443,3.062197208,4643,7654,0.2228226661682129
33.8020401,84.800354,3.062138081,4757,7788,0.2270824909210205
33.79976273,84.99785614,3.062526226,5075,8109,0.22273802757263184
33.80062866,85.19792175,3.062625408,5335,8466,0.22704529762268066
33.80052948,85.39930725,3.062577724,5851,8956,0.226576566696167
33.7999115,85.59658813,3.061534882,7082,9370,0.22037792205810547
33.80035019,85.79910278,3.061366558,8175,10338,0.22619318962097168
33.80232239,85.99871063,3.061993122,7501,10187,0.22696614265441895
33.79747391,86.19985962,3.061860561,7446,10567,0.23661065101623535
33.79799652,86.40366364,3.062781334,7159,10569,0.22928786277770996
33.79723358,86.59848785,3.06081152,7512,11152,0.2270057201385498
33.80312347,86.79658508,3.061539173,7866,11907,0.22079229354858398
33.8015213,86.99987793,3.061887741,8446,12591,0.22617053985595703
33.79948807,87.20210266,3.062516689,8884,13577,0.2267160415649414
33.79676056,87.40253448,3.062307358,9250,14196,0.22862768173217773
33.80194855,87.59833527,3.06216383,9676,15085,0.22838258743286133
33.80125427,87.79984283,3.062441349,9786,15455,0.22646808624267578
33.80109024,87.99887848,3.061374664,9683,15047,0.22313165664672852
33.80039215,88.20129395,3.062013626,9872,15292,0.22649478912353516
33.79940414,88.40107727,3.05999136,10053,15788,0.22744536399841309
33.80203247,88.60116577,3.062170982,10374,16379,0.2190258502960205
33.79954529,88.79929352,3.062027931,10570,16247,0.22769808769226074
33.79781342,89.00209045,3.062405586,10576,16484,0.22722220420837402
33.99893188,84.02254486,3.060864925,4550,7765,0.22636175155639648
34.00188446,84.19541168,3.062674999,4520,7507,0.2297813892364502
34.00154114,84.39681244,3.062277794,4620,7552,0.22547054290771484
34.0004425,84.59718323,3.061789513,4465,7675,0.22792267799377441
33.99938583,84.7974472,3.061805725,4590,7757,0.22337889671325684
34.00280762,84.9977417,3.062193871,4521,7696,0.22264409065246582
34.00007248,85.19752502,3.061191082,4982,7916,0.2292177677154541
34.00155258,85.39738464,3.060593128,5231,8040,0.2252025604248047
34.00056839,85.59851074,3.06197691,5338,8389,0.22186875343322754
33.99922943,85.79892731,3.062787533,6162,9166,0.22420644760131836
34.00267029,85.99804688,3.060249805,7625,10189,0.22658920288085938
33.99951172,86.19896698,3.062218666,8470,10427,0.22737979888916016
33.99505997,86.40045166,3.061606407,7773,10360,0.23213434219360352
33.99937439,86.60012054,3.062478065,7432,10328,0.2229166030883789
34.00437164,86.80051422,3.062666416,7561,10883,0.2305591106414795
34.00373077,86.99658203,3.062690735,8271,11590,0.22610974311828613
33.9984436,87.19958496,3.061870098,8838,12896,0.22536182403564453
33.99719238,87.39971924,3.062698841,9103,13575,0.22515153884887695
33.99975586,87.60187531,3.061827183,9325,14326,0.22490334510803223
34.00063324,87.80114746,3.063070774,9613,15236,0.2278280258178711
33.99969482,88.00167084,3.061737061,9656,15383,0.22945952415466309
33.99817657,88.201828,3.061151505,9567,14982,0.2282114028930664
33.99841309,88.40048981,3.061706066,10109,15630,0.22678661346435547
34.0018425,88.60070801,3.062167645,10247,15423,0.2286984920501709
33.99807739,88.8006134,3.061185837,10130,15388,0.2265937328338623
33.99964142,89.00120544,3.06189394,10466,15815,0.23336148262023926
34.19934845,84.02864838,3.061876297,4561,7856,0.22380375862121582
34.20005798,84.19413757,3.062991142,4521,7826,0.22631263732910156
34.19939041,84.397995,3.062499046,4497,7507,0.22489309310913086
34.19968796,84.60021973,3.061749935,4438,7662,0.22641801834106445
34.1975708,84.79724121,3.062792778,4513,7694,0.2247028350830078
34.19979858,84.99998474,3.06073904,4489,7734,0.22456741333007812
34.20088577,85.1979599,3.062344074,4727,7752,0.22270846366882324
34.20097733,85.39834595,3.061594486,4737,7738,0.2291703224182129
34.20172119,85.59977722,3.060869694,4891,7974,0.22707676887512207
34.2010231,85.80171204,3.062146664,5187,8182,0.24085521697998047
34.19966125,86.00159454,3.061903954,5688,8562,0.23276638984680176
34.19891357,86.20044708,3.061693668,6541,9423,0.22114205360412598
34.20128632,86.39942932,3.062074661,8070,10366,0.22616147994995117
34.20104218,86.59778595,3.062184334,8243,10372,0.22705292701721191
34.19852066,86.79928589,3.062785625,7440,10291,0.2260591983795166
34.19924164,86.99993134,3.062401772,7674,10631,0.24024438858032227
34.19989014,87.200737,3.061262608,7916,11180,0.2244091033935547
34.19887924,87.39794922,3.062096596,8348,12110,0.2235097885131836
34.20093536,87.60089111,3.060572624,8656,13106,0.22689557075500488
34.20244598,87.80005646,3.062226772,8917,13633,0.22605609893798828
34.19861221,88.00018311,3.063557625,8909,14184,0.22089815139770508
34.19935608,88.20027924,3.062085629,9026,14432,0.22486066818237305
34.20066071,88.39979553,3.061950207,9666,14981,0.22774767875671387
34.2012558,88.59877014,3.061923504,9613,15124,0.22766685485839844
34.20261765,88.80174255,3.061430454,9470,15378,0.22813677787780762
34.20198822,89.00114441,3.061218739,9964,15180,0.2317955493927002
34.40100098,84.02857971,3.063746929,4280,7932,0.23241734504699707
34.40237045,84.1960907,3.062622547,4422,7782,0.2289268970489502
34.39830017,84.39822388,3.062296391,4220,7717,0.22721052169799805
34.39784241,84.59902954,3.062131882,4362,7472,0.22044157981872559
34.40177917,84.79595947,3.06221056,4359,7528,0.22689604759216309
34.40306091,84.99765015,3.062292099,4365,7451,0.22561097145080566
34.40179062,85.19584656,3.062853813,4433,7543,0.22189021110534668
34.39835358,85.39741516,3.061227322,4534,7542,0.2278604507446289
34.39999008,85.59794617,3.0628829,4546,7663,0.2306516170501709
34.40055084,85.79745483,3.062103748,4749,7561,0.2279214859008789
34.40258408,85.99952698,3.061669827,4824,7818,0.23214149475097656
34.40116119,86.19923401,3.061804295,5199,8086,0.23062491416931152
34.40034485,86.40005493,3.062983513,5582,8448,0.2279970645904541
34.39908981,86.60055542,3.062209129,6411,9376,0.2289719581604004
34.39735794,86.80274963,3.061754704,7715,10695,0.22340607643127441
34.39988327,86.9985199,3.060331821,8369,10661,0.2213115692138672
34.40216446,87.19969177,3.061484337,8003,10589,0.23787546157836914
34.40174484,87.39981079,3.060777187,7942,11039,0.23106932640075684
34.39891052,87.59967041,3.060911179,8360,12059,0.22488713264465332
34.39826965,87.80116272,3.060719013,8896,13215,0.23067665100097656
34.39981079,87.99905396,3.060823917,9216,14251,0.22615551948547363
34.39972687,88.20259094,3.061733723,9728,14984,0.22841501235961914
34.4028244,88.40061951,3.061952114,9832,15322,0.22367405891418457
34.3994751,88.60105896,3.061849117,9738,15217,0.22685885429382324
34.39820862,88.80144501,3.061532021,9909,15697,0.23668384552001953
34.39942551,89.00192261,3.061696053,9992,15831,0.2256941795349121
34.60003662,84.0402298,3.061591148,4585,8187,0.22497773170471191
34.60016632,84.1963501,3.061235428,4627,7864,0.22665691375732422
34.5982132,84.39541626,3.061366081,4543,8088,0.2290637493133545
34.60172272,84.59539795,3.060936451,4530,8040,0.23066091537475586
34.60220337,84.79708862,3.061408043,4345,7799,0.22314214706420898
34.60141754,84.9957428,3.061870575,4509,7840,0.22439360618591309
34.59988403,85.19937897,3.061745644,4552,7889,0.22661662101745605
34.59885406,85.39985657,3.061974525,4511,7793,0.22625994682312012
34.59731293,85.59753418,3.06143856,4526,7746,0.23021721839904785
34.60015869,85.80088806,3.061346054,4597,7593,0.22706818580627441
34.6025238,86.00021362,3.060238361,4768,7852,0.22737336158752441
34.59844971,86.20000458,3.062680721,4987,7899,0.22690272331237793
34.59793091,86.3984375,3.061419487,5328,8344,0.22837352752685547
34.59978485,86.6001358,3.062042713,5469,8532,0.23153448104858398
34.60298157,86.80091858,3.062119961,6192,9432,0.23450994491577148
34.60037994,87.00255585,3.062697411,8215,10641,0.22629976272583008
34.59807587,87.19781494,3.062392712,9826,11319,0.22006559371948242
34.59948349,87.4002533,3.061619759,8336,10835,0.2276170253753662
34.59816742,87.60160828,3.062004566,8169,11219,0.2364187240600586
34.60016632,87.80299377,3.062321186,8272,11530,0.22398853302001953
34.60107803,88.00233459,3.060193539,8741,12738,0.23286747932434082
34.5986824,88.20147705,3.063155651,8881,13682,0.22371792793273926
34.60080719,88.40022278,3.062527657,9295,14079,0.22769737243652344
34.59997177,88.60190582,3.062277794,9545,14932,0.22243809700012207
34.60140228,88.80307007,3.06244421,9648,15294,0.22725415229797363
34.60107422,89.00080872,3.064203739,10032,15647,0.22560739517211914
34.80230331,84.03055573,3.062768459,5085,8917,0.22246766090393066
34.79864502,84.19788361,3.062839985,4688,8642,0.2292633056640625
34.7993927,84.39748383,3.062624454,4729,8432,0.23226118087768555
34.80130005,84.59607697,3.063299656,4457,8075,0.2235565185546875
34.79998779,84.79974365,3.061650276,4590,8176,0.2253413200378418
34.79985046,84.99807739,3.061435699,4514,8079,0.2199721336364746
34.80138397,85.19748688,3.062194347,4630,7984,0.2283339500427246
34.80165863,85.39904022,3.06135416,4592,7700,0.22565007209777832
34.79961777,85.59751892,3.062951565,4434,7703,0.22623515129089355
34.79682922,85.7976532,3.061420918,4537,7570,0.22985219955444336
34.79712677,85.99987793,3.061585903,4570,7532,0.22774267196655273
34.80139542,86.20237732,3.061179161,4633,7603,0.22685480117797852
34.80254364,86.39675903,3.062528133,4824,7752,0.22819209098815918
34.80072403,86.59887695,3.062414169,4985,7940,0.2326362133026123
34.79969788,86.80206299,3.062291622,5146,8366,0.22177433967590332
34.80228806,86.99946594,3.061740398,5755,8929,0.22895526885986328
34.80008698,87.20089722,3.062869549,6816,9317,0.22777080535888672
34.79954529,87.40048981,3.062741756,8623,10854,0.22401213645935059
34.79834747,87.60014343,3.061431408,8859,11572,0.23559784889221191
34.80121613,87.79850769,3.061799049,8552,11179,0.2239055633544922
34.80080414,88.00069427,3.06236124,8093,11028,0.22613906860351562
34.7991333,88.19749451,3.061314106,8258,11796,0.21954131126403809
34.79945374,88.40083313,3.061131954,8732,13135,0.22758245468139648
34.79788208,88.59971619,3.063127041,9069,13697,0.22680997848510742
34.79969025,88.80056,3.060786247,9418,14476,0.24101042747497559
34.79954529,89.0010376,3.060917377,9667,15337,0.22567033767700195
35.00037384,84.0211792,3.061830521,5824,10670,0.2270069122314453
35.00489807,84.1969986,3.061864853,5155,9562,0.2292013168334961
35.004673,84.39891052,3.061672211,5210,8972,0.22675371170043945
35.0010643,84.59659576,3.061293602,4745,8650,0.22316718101501465
34.99563217,84.79758453,3.062439442,4725,8555,0.2277061939239502
35.00070572,84.9981842,3.062201023,4601,8202,0.2258591651916504
35.00410461,85.19644928,3.062152863,4585,8267,0.22005414962768555
34.99762344,85.39790344,3.062768936,4444,8153,0.22663640975952148
34.99780273,85.59791565,3.062419891,4579,7781,0.23615598678588867
35.00118637,85.79883575,3.062182903,4454,7916,0.2244570255279541
35.00043488,86.00025177,3.061606884,4459,7802,0.22725772857666016
35.00144958,86.19916534,3.063084126,4547,7627,0.22820210456848145
34.99963379,86.39968109,3.062177658,4759,7721,0.22663640975952148
34.99781036,86.60102844,3.061684132,4671,7755,0.2287757396697998
35.0008316,86.8006897,3.061828613,4911,7954,0.22118043899536133
35.00139236,87.0005722,3.062141895,5101,8072,0.22312092781066895
34.99635315,87.19943237,3.06222105,5430,8338,0.2262279987335205
34.99848938,87.39917755,3.061906815,5783,8939,0.23688673973083496
35.00059509,87.59976959,3.061758995,7186,10021,0.224747896194458
35.00177765,87.79866028,3.062256336,9366,11126,0.22314167022705078
35.00152588,87.99881744,3.062521458,8101,10844,0.2230675220489502
34.99912643,88.19935608,3.06098032,7976,11193,0.22592377662658691
34.99734497,88.40157318,3.06229496,8168,11450,0.2373347282409668
34.99767303,88.59996796,3.061199188,8568,12081,0.22903847694396973
35.00172424,88.80033875,3.06306839,8779,13410,0.23735761642456055
34.99992371,89.00065613,3.062026024,9393,14289,0.23035693168640137
