-0.0046043396,0.0003051757813,3.063196182,4044,7205,0.32889652252197266
-0.001491546631,4.986560822,3.063268661,8611,15622,0.23070216178894043
-0.0007019042969,10.01992798,3.062131882,3453,6157,0.22682857513427734
0.000244140625,15.03753281,3.061754704,3366,6424,0.2276747226715088
-0.004180908203,20.05298996,3.061295986,8122,12748,0.22708559036254883
1.907348633e-05,25.06344604,3.06210804,3474,6427,0.2257528305053711
-0.001502990723,30.07216644,3.062277794,3923,6728,0.2272496223449707
0.0002136230469,35.08265686,3.062412739,10062,15514,0.22555875778198242
-0.002426147461,40.09604645,3.062283516,3355,6182,0.2267758846282959
0.001220703125,45.09403229,3.061324596,3411,6125,0.22327256202697754
0.000129699707,50.11500931,3.062987328,6827,9245,0.22713255882263184
-0.0007743835449,55.11237717,3.061413288,7224,16128,0.2228999137878418
0.001365661621,60.12387848,3.061166763,3416,6509,0.22632336616516113
-0.003578186035,65.12007904,3.06269455,3267,6198,0.22777485847473145
-0.002056121826,70.11425018,3.063800335,3226,6027,0.2318744659423828
0.0006332397461,75.13136292,3.063837528,3215,6170,0.22851085662841797
-0.001457214355,80.12821198,3.062771797,3166,6221,0.2283952236175537
-0.0004959106445,85.13397217,3.062846661,3357,6454,0.22763919830322266
0.0002899169922,90.13757324,3.062063694,3211,6148,0.2262880802154541
0.001461029053,95.13938904,3.062312126,3189,6175,0.22651052474975586
-0.0006256103516,100.1369324,3.062757969,3195,6261,0.22719502449035645
5.006492615,-0.04296112061,3.061280251,10306,14464,0.3373706340789795
5.004795074,4.996734619,3.061902523,3445,6319,0.2282862663269043
5.004817963,10.01935196,3.061655998,3391,6087,0.22836709022521973
4.999149323,15.033741,3.062896252,3789,6675,0.22977828979492188
4.998645782,20.04803467,3.063759804,8397,16515,0.22560977935791016
5.001491547,25.05135345,3.062292576,11195,16752,0.2328169345855713
5.003040314,30.06309509,3.062219143,3820,7062,0.22655963897705078
5.002326965,35.07357407,3.062664032,3479,6599,0.22803664207458496
5.000972748,40.08001709,3.061047554,3598,6703,0.23049569129943848
4.998016357,45.08761597,3.063025475,3594,6678,0.2298903465270996
5.002857208,50.09528351,3.06300354,10325,16645,0.2279057502746582
5.001743317,55.09855652,3.062998772,4255,7921,0.22936201095581055
4.999507904,60.10630417,3.062228203,10026,16074,0.22762799263000488
4.998577118,65.11309052,3.062238693,3643,6840,0.23052430152893066
5.001396179,70.11888123,3.06295681,3627,6843,0.23041820526123047
5.00315094,75.12095642,3.063344955,3651,6678,0.23081016540527344
5.000549316,80.12302399,3.061921597,3637,6733,0.23127198219299316
5.001556396,85.11457825,3.062525272,3634,6630,0.23648715019226074
5.001300812,90.13291168,3.062174797,3556,6676,0.2326488494873047
5.000999451,95.12890625,3.063065052,3518,6443,0.23082613945007324
5.002529144,100.1341553,3.062227249,3599,6764,0.22687649726867676
10.00715637,-0.04642868042,3.061932564,3590,6532,0.330629825592041
10.00428772,4.995826721,3.060609341,3577,6693,0.22925496101379395
10.00445175,10.02030945,3.062283039,3696,6620,0.22303485870361328
10.00143433,15.03718948,3.061629295,11469,16783,0.22683143615722656
10.0001297,20.04724121,3.061481476,5280,8627,0.23149824142456055
9.997299194,25.05357361,3.061319828,5473,11906,0.23105502128601074
10.00341415,30.06880188,3.061382294,10193,15762,0.2283027172088623
10.00233078,35.06775284,3.060511589,3662,6511,0.23832988739013672
10.0019989,40.07954025,3.062549114,3653,6650,0.22330212593078613
9.999668121,45.09125519,3.063195705,10653,15570,0.22632384300231934
9.997890472,50.10123444,3.062936306,8077,14948,0.223419189453125
10.00324631,55.10400772,3.061185837,8672,11131,0.22660040855407715
9.998531342,60.11520386,3.062556744,8271,14232,0.22245454788208008
10.00151443,65.11575317,3.062325954,3643,6698,0.2270030975341797
9.999645233,70.13548279,3.061225891,3712,6710,0.21985268592834473
9.996898651,75.1397934,3.061578274,3581,6663,0.2276759147644043
9.997924805,80.12870789,3.062345982,3540,6581,0.22589612007141113
10.00265884,85.12818146,3.063411236,3512,6603,0.22678494453430176
9.999404907,90.14051056,3.062634945,3533,6540,0.22421979904174805
9.996421814,95.13690948,3.06261158,3584,6578,0.22702932357788086
9.99955368,100.1221771,3.061774254,3588,6736,0.23301291465759277
15.01154327,-0.04768371582,3.060934067,3554,6577,0.32442641258239746
15.00605011,4.993385315,3.062343597,3642,6649,0.22145366668701172
15.00353622,10.01904678,3.062303066,3689,6576,0.2265775203704834
15.00167084,15.03465652,3.061666489,4111,7635,0.2286832332611084
14.99946976,20.04376602,3.06311512,9894,15195,0.23092103004455566
15.00388718,25.0602684,3.061640263,11130,14353,0.22128844261169434
15.00176239,30.07061768,3.061813354,3865,7482,0.22574400901794434
14.999897,35.07180786,3.062942505,3696,6689,0.22552824020385742
15.00129318,40.0804863,3.062804699,4227,7531,0.22774767875671387
15.00187302,45.09716797,3.062507153,3694,6956,0.23001646995544434
14.99868774,50.09536743,3.062271595,4100,6869,0.22595787048339844
14.99863052,55.10224533,3.062134266,9966,14964,0.2268660068511963
15.00016403,60.11256027,3.062845707,3691,6699,0.22298073768615723
15.00062561,65.13023376,3.06236887,3781,6778,0.22741031646728516
14.99958038,70.12484741,3.062401772,11172,16401,0.22285914421081543
15.00089264,75.12770081,3.061984539,4011,7956,0.22623014450073242
15.00403214,80.13447571,3.061288357,3734,6862,0.223524808883667
14.9972496,85.14860535,3.062739372,3624,6774,0.22861742973327637
14.99818802,90.11581421,3.062188148,3623,6706,0.2300891876220703
15.0017395,95.1362381,3.063000202,3594,6459,0.22562623023986816
15.00241089,100.1367798,3.062070847,3535,6696,0.22643828392028809
20.01294708,-0.04587554932,3.062502384,3481,6548,0.3271517753601074
20.00627899,4.996360779,3.061870575,3693,6643,0.23050642013549805
20.0015564,10.02009583,3.062498093,3649,6646,0.22241520881652832
20.00177002,15.03359604,3.060276985,3698,6752,0.2283649444580078
19.99933243,20.04390717,3.061367989,3677,6586,0.23738312721252441
20.00370407,25.05045319,3.061753273,8706,13596,0.2414717674255371
20.0025177,30.05944443,3.06306982,3762,7150,0.23344850540161133
20.00191879,35.07774353,3.063956261,3650,6644,0.228485107421875
19.99700165,40.08094788,3.063196182,9606,15196,0.2320399284362793
19.99885178,45.08599091,3.06300354,9501,12661,0.22555255889892578
20.00231171,50.10840607,3.06385231,4163,7512,0.2323594093322754
19.99935913,55.10454559,3.062749386,3508,6568,0.2240309715270996
19.99762726,60.111763,3.062370777,3631,6485,0.2254185676574707
19.99956512,65.13158417,3.063481808,4042,6808,0.2234330177307129
20.00081635,70.1211853,3.062425137,8508,14375,0.22721195220947266
20.00061798,75.13973999,3.062619686,5269,8973,0.22392582893371582
20.00022507,80.12722015,3.061769009,6769,13388,0.2255568504333496
20.00129318,85.13038635,3.062819958,3553,6433,0.23531484603881836
20.00405884,90.12187195,3.061944008,3651,6564,0.22530794143676758
19.9992981,95.14485931,3.061662674,3514,6404,0.22835469245910645
19.9978981,100.1179352,3.062518597,3502,6320,0.2279655933380127
25.01703644,-0.04902648926,3.061461449,3432,6485,0.3270528316497803
25.00498581,4.991077423,3.061625957,8888,11776,0.23036813735961914
25.00152588,10.02117538,3.060870647,9333,14917,0.2300736904144287
25.00083923,15.03642654,3.061779499,3600,6812,0.24013996124267578
25.00284195,20.04415131,3.062782764,3603,6620,0.2333829402923584
25.00230408,25.05864716,3.062684059,4003,7344,0.2317218780517578
25.00348282,30.06296158,3.062081337,27208,41671,0.22835206985473633
25.00341415,35.06915283,3.063000679,8043,10433,0.22904586791992188
24.99975967,40.08076477,3.062482834,4738,8417,0.22698020935058594
25.00172806,45.09683609,3.063489914,6851,13787,0.21962833404541016
25.0001297,50.09244919,3.062692642,9114,14277,0.22575807571411133
24.99736404,55.10191727,3.062815666,3510,6723,0.22833824157714844
25.00114441,60.12176132,3.063688278,3648,6584,0.22877764701843262
24.99954987,65.10218048,3.061670303,8735,13223,0.23364925384521484
25.00231171,70.10080719,3.062243938,7123,13235,0.23026466369628906
24.99754333,75.12902069,3.062492847,10303,14415,0.22931790351867676
25.00049973,80.12431335,3.062780857,3621,6482,0.22872328758239746
24.99919128,85.13998413,3.062607288,3658,6779,0.22767353057861328
25.00164795,90.13174438,3.062147141,3608,6666,0.22840237617492676
24.99825668,95.13612366,3.062752247,3510,6559,0.2266831398010254
25.0002594,100.1447601,3.061378956,3552,6518,0.22942614555358887
30.01717567,-0.04621124268,3.062756062,3495,6387,0.32210493087768555
30.00379562,5.00252533,3.063562393,8705,13716,0.23235797882080078
30.0042572,10.01547241,3.062268734,10131,16076,0.22964715957641602
30.0021019,15.03187561,3.063155651,5405,8136,0.22670674324035645
30.00442886,20.04651642,3.06221056,3950,7602,0.22792696952819824
30.00069237,25.06223297,3.06263113,9308,16460,0.22848057746887207
30.0006218,30.06467819,3.062430859,8360,13631,0.2286536693572998
30.00185585,35.0708313,3.061666489,5080,8373,0.22992396354675293
30.00103188,40.07839203,3.063771248,9337,12003,0.22843027114868164
29.99952698,45.0993576,3.062731266,9491,12431,0.22222113609313965
29.99881744,50.11021042,3.062830448,4091,7425,0.23479104042053223
29.99985504,55.09627151,3.06319952,3723,6523,0.22514986991882324
30.0008049,60.11957932,3.062741756,8224,11501,0.22063755989074707
29.99921417,65.12891388,3.062340736,4459,7871,0.22739124298095703
30.00263214,70.11206818,3.062935352,3792,7040,0.22539854049682617
29.9991169,75.13879395,3.061331272,4124,8101,0.22610998153686523
29.99847412,80.14109039,3.061825275,3630,6620,0.22102975845336914
29.99993324,85.14593506,3.062679768,4767,8687,0.22696161270141602
30.00030327,90.12610626,3.060791969,8593,14399,0.22562217712402344
29.99886894,95.1338501,3.063569546,3573,6975,0.22782635688781738
29.99972534,100.1379929,3.06230545,3476,6447,0.22211933135986328
35.01761627,-0.04927444458,3.061038017,3524,6400,0.32622575759887695
35.00494385,4.995376587,3.062356949,3644,6483,0.22532224655151367
35.00700378,10.02071381,3.061639786,9108,10787,0.22545289993286133
35.00537872,15.03535461,3.062820435,8738,12709,0.22380876541137695
35.00062943,20.04578781,3.062207699,3625,6607,0.22727560997009277
35.00378036,25.0573349,3.06217289,3932,6807,0.22249054908752441
35.00202942,30.06557083,3.062193871,8285,17194,0.22614192962646484
34.99943161,35.0819931,3.063438416,14333,21940,0.22991633415222168
35.0001297,40.07676315,3.062345505,3500,6482,0.22771048545837402
35.00124359,45.08847809,3.063592434,3598,6601,0.22769951820373535
35.00016022,50.10630035,3.063049316,3615,6484,0.22872161865234375
34.997715,55.09552765,3.061672688,3843,6843,0.22638297080993652
35.00117874,60.11064529,3.063238621,6650,16704,0.231048583984375
35.00077057,65.11654663,3.062862396,8221,14274,0.22559666633605957
35.00251007,70.11875916,3.062039375,9895,15795,0.2287287712097168
34.9974823,75.12098694,3.061198711,3601,6440,0.2242443561553955
35.00228882,80.13528442,3.061870575,4037,7093,0.22333979606628418
34.99880981,85.14816284,3.062628746,4660,8665,0.22404956817626953
34.999897,90.13049316,3.062140465,8942,14964,0.2272953987121582
35.00034714,95.13690948,3.062278748,3756,7063,0.2264423370361328
35.00144196,100.1432037,3.062853813,3441,6327,0.22231507301330566
40.01638794,-0.04814910889,3.060899258,3392,6348,0.32603001594543457
40.01011658,4.994159698,3.062501431,3577,6291,0.2235579490661621
40.00198746,10.01919174,3.06138134,3544,6431,0.22645163536071777
40.00242615,15.03446579,3.061743736,3529,6466,0.2249774932861328
40.00473785,20.04698563,3.063272476,3534,6439,0.22237682342529297
40.00270081,25.05654526,3.061410904,3544,6473,0.22579121589660645
40.00113297,30.0663147,3.062287807,3561,6440,0.22803664207458496
40.00414276,35.08115387,3.06175375,3565,6526,0.2302870750427246
40.00332642,40.07691193,3.063594818,3582,6440,0.22847890853881836
40.00202942,45.09025574,3.062352657,3422,6445,0.22843098640441895
40.00197601,50.08616257,3.062360764,3637,6609,0.23031330108642578
39.99888992,55.10604477,3.062710762,4304,6950,0.22106146812438965
40.00385284,60.11887741,3.06294775,9612,13680,0.22412848472595215
40.00270844,65.10839081,3.060899258,10033,13035,0.22863292694091797
40.00090027,70.11782837,3.064301491,3821,6952,0.22571635246276855
39.99829102,75.12805939,3.06243372,3614,6790,0.22253203392028809
40.0032196,80.1424942,3.060556412,4427,8370,0.22325539588928223
39.99837112,85.12658691,3.061135292,4405,7692,0.22724342346191406
40.00198364,90.1499176,3.061269283,8847,14645,0.2234337329864502
40.0009079,95.13848877,3.063364029,3686,6566,0.22763586044311523
40.00299072,100.1326904,3.061954975,3546,6745,0.2247927188873291
45.02634048,-0.04756546021,3.061099529,3536,6486,0.3321411609649658
45.0117836,5.001472473,3.061840057,3536,6519,0.23498034477233887
45.00512695,10.01952362,3.060770988,3510,6609,0.23307538032531738
45.00340271,15.03499222,3.062273026,3541,6456,0.22641849517822266
45.00479889,20.04786301,3.063175678,3621,6525,0.22330665588378906
45.00168228,25.06194687,3.062599659,3593,6628,0.21928811073303223
45.00208282,30.07217026,3.063320637,3689,6661,0.22837424278259277
45.00299835,35.06994629,3.061913013,3552,6581,0.22868061065673828
45.00415802,40.08178711,3.06228447,3554,6395,0.22495651245117188
45.00215149,45.09801483,3.063574314,3496,6489,0.22863483428955078
45.00109863,50.09410095,3.062996864,3589,6475,0.23679375648498535
45.00099945,55.09859467,3.062110901,3531,6382,0.22335219383239746
45.00461578,60.12522888,3.061812401,3606,6461,0.22704529762268066
45.00040436,65.12104797,3.061813831,6246,9489,0.2222433090209961
44.99929047,70.1330719,3.06196022,3683,6648,0.22489428520202637
44.99881744,75.12093353,3.06270647,9890,12910,0.22602581977844238
45.00008392,80.14331055,3.061789989,7794,11273,0.22789859771728516
44.99752808,85.13063049,3.062377453,8308,12011,0.22143959999084473
44.99653625,90.14717102,3.063275337,3570,6744,0.22523021697998047
45.00378418,95.13162231,3.061710358,3517,6573,0.23434805870056152
45.00305176,100.1290436,3.061696529,3412,6547,0.22366118431091309
50.02293015,-0.04886627197,3.060596943,3386,6476,0.32428741455078125
50.00814819,4.993301392,3.061892509,3464,6408,0.22742152214050293
50.00424194,10.02169037,3.061399937,3449,6289,0.22563719749450684
50.00406265,15.03535461,3.062777996,3530,6437,0.22495722770690918
50.00497437,20.04626083,3.061899185,3461,6489,0.2261185646057129
50.00335312,25.05950546,3.062382221,3574,6456,0.22810959815979004
50.00322723,30.06313705,3.062806129,3523,6398,0.22597026824951172
49.99938202,35.08176422,3.062427998,3413,6401,0.2241661548614502
50.001297,40.08316803,3.061906815,3600,6464,0.22797298431396484
49.99906921,45.08760834,3.063090324,3448,6406,0.22638297080993652
50.00075531,50.105793,3.060592651,3530,6499,0.22192931175231934
50.00439835,55.1125946,3.06086874,3560,6529,0.23445558547973633
50.00308228,60.1049614,3.062319756,3487,6467,0.22379827499389648
49.99803162,65.1107254,3.063745499,3495,6414,0.22725510597229004
50.00168991,70.12110901,3.061105728,3475,6520,0.2266535758972168
49.99949646,75.133255,3.062952995,6289,11894,0.22874140739440918
50.00003052,80.1167984,3.062171936,10692,20630,0.22644257545471191
50.00033569,85.14795685,3.062452316,7617,14620,0.22377347946166992
50.00089264,90.13775635,3.060590744,3552,6677,0.22886252403259277
50.00344086,95.13122559,3.061872959,3521,6451,0.22504806518554688
50.0019722,100.1445313,3.061964035,3437,6443,0.22889423370361328
55.02442551,-0.04314041138,3.061210155,3500,6462,0.32959723472595215
55.01183319,4.99741745,3.062057018,3477,6489,0.22386980056762695
55.00655746,10.01715851,3.062282562,3558,6416,0.2208085060119629
55.0039978,15.03385162,3.063182831,3443,6455,0.2370316982269287
55.00517654,20.04706573,3.061969757,3516,6542,0.232025146484375
55.00396729,25.05574036,3.063605309,3506,6496,0.22664356231689453
55.00141907,30.06420135,3.06221199,3565,6579,0.22406983375549316
55.00047302,35.07594299,3.062961578,3368,6467,0.22567105293273926
55.00214767,40.0846138,3.060845375,3476,6396,0.2270495891571045
55.00092316,45.09287643,3.062323093,3463,6492,0.22365188598632812
54.99922562,50.10703278,3.063047409,3446,6367,0.22988629341125488
55.00042725,55.09785843,3.062680721,3393,6503,0.22518110275268555
55.00229645,60.1054306,3.06197691,3390,6405,0.22964835166931152
55.00199127,65.12067413,3.061476231,3488,6273,0.22278547286987305
55.00126266,70.11924744,3.06257391,3461,6437,0.22737574577331543
55.00270462,75.13322449,3.062065125,3642,6592,0.22914648056030273
55.00253296,80.11407471,3.061022758,4095,7073,0.22648167610168457
54.99899292,85.13106537,3.062534809,3686,6538,0.22646474838256836
55.00097275,90.14570618,3.062314034,3545,6581,0.21992897987365723
54.99966431,95.14794922,3.062572479,3728,6832,0.22653770446777344
55.0007019,100.1227264,3.062404156,3562,6506,0.22884416580200195
60.02653885,-0.04969024658,3.06252718,3585,6293,0.3235764503479004
60.0102272,4.991039276,3.062474251,3572,6466,0.22121834754943848
60.00800323,10.01460266,3.061813354,3612,6485,0.22566986083984375
60.00522995,15.03541565,3.062761307,3516,6514,0.22764015197753906
60.0038147,20.04629517,3.062634468,3590,6496,0.22806572914123535
60.00210953,25.0614357,3.063004971,3581,6523,0.23016953468322754
60.00250244,30.06560516,3.062235832,3457,6554,0.2242870330810547
59.99668121,35.07167053,3.061683178,3457,6519,0.23886871337890625
60.0036087,40.08151245,3.060700417,3531,6440,0.2238781452178955
60.00137711,45.09327316,3.063168526,3517,6497,0.22804975509643555
59.99688339,50.08332062,3.062459946,3549,6561,0.24222826957702637
59.9998436,55.10245514,3.063252926,3555,6485,0.22473454475402832
60.00255966,60.11373138,3.061480999,3574,6471,0.23438072204589844
60.00203323,65.10697174,3.060938835,3530,6394,0.22623586654663086
60.00291061,70.13153076,3.062135696,3613,6574,0.2222447395324707
60.00190353,75.12465668,3.062961102,3541,6585,0.2372732162475586
60.00055313,80.12524414,3.062275887,3589,6668,0.22438335418701172
60.00325394,85.12822723,3.060599327,3656,6519,0.23163342475891113
59.99996948,90.11927795,3.061504841,4076,7322,0.22774362564086914
60.00469589,95.14048767,3.062972546,4393,7878,0.22448372840881348
60.0050087,100.1214142,3.062377453,3621,6803,0.2419142723083496
65.02780914,-0.04375839233,3.062973976,3475,6470,0.33469271659851074
65.01078033,5.000938416,3.062535286,3624,6528,0.2221059799194336
65.00662231,10.01680756,3.062608242,3607,6712,0.22933435440063477
65.00588989,15.03462219,3.062981129,3535,6610,0.2309408187866211
65.00366211,20.04796219,3.063106537,3542,6626,0.22185778617858887
65.00257111,25.05887604,3.061645031,3465,6524,0.22745251655578613
65.00417328,30.07231903,3.062209129,3473,6434,0.2298572063446045
65.00643921,35.06880951,3.063746452,3646,6533,0.22726130485534668
64.99990082,40.08346558,3.061535358,3461,6605,0.22560667991638184
65.00197601,45.09996796,3.061581135,3483,6611,0.2203218936920166
65.00674438,50.10787964,3.063097,3562,6559,0.22756052017211914
65.00096893,55.10112762,3.060675144,3543,6514,0.22750067710876465
64.99891663,60.11241531,3.062151909,3558,6445,0.2250957489013672
65.00396729,65.12659454,3.062986374,3524,6557,0.21943187713623047
64.99951935,70.13421631,3.060766697,3539,6439,0.22651171684265137
65.00068665,75.11328888,3.062219143,3542,6365,0.23673677444458008
65.00144958,80.12398529,3.061617851,3562,6342,0.22228360176086426
64.99977112,85.14447021,3.062852859,3529,6650,0.2239837646484375
65.00105286,90.1375885,3.061654091,9356,12758,0.22818970680236816
65.0016098,95.12574768,3.062334538,9091,15501,0.22802972793579102
64.9988327,100.144165,3.061429977,7076,13237,0.22777271270751953
70.02679443,-0.04520797729,3.061560631,3626,6444,0.3300158977508545
70.01302338,5.003013611,3.062545776,3585,6481,0.2302100658416748
70.00661469,10.01766586,3.062501431,3443,6565,0.2226419448852539
70.00689697,15.03307343,3.062487125,3594,6495,0.2268505096435547
70.00350189,20.04614258,3.062491894,3608,6636,0.22398996353149414
70.00369263,25.06254959,3.062366962,3731,6736,0.22861480712890625
70.00300598,30.06655884,3.06213665,3415,6538,0.2244582176208496
70.00138092,35.07853699,3.060784817,3530,6635,0.2281029224395752
70.00066376,40.07898331,3.061914921,3481,6361,0.2313084602355957
70.00268555,45.08489227,3.061282635,3547,6394,0.22469282150268555
70.00460052,50.09958267,3.062029839,3409,6511,0.2235121726989746
70.00117493,55.11660767,3.062288284,3593,6616,0.22161269187927246
70.00325775,60.10720444,3.062752724,3569,6472,0.2266700267791748
70.00150299,65.1255722,3.062830448,3484,6566,0.22436928749084473
70.00093079,70.12017059,3.062116623,3491,6546,0.22667670249938965
70.00178528,75.1214447,3.06210804,3593,6446,0.2274925708770752
70.00185394,80.13267517,3.062195778,3511,6471,0.2232828140258789
69.99993896,85.13025665,3.062234879,3829,6785,0.22632479667663574
70.00335693,90.14189148,3.061306,9375,15051,0.22841548919677734
70.00160217,95.11987305,3.062421799,4122,7323,0.23209667205810547
69.99847412,100.1285629,3.062479019,9185,15282,0.2218303680419922
75.0298233,-0.04814147949,3.063480854,3485,6482,0.331540584564209
75.01068115,4.995262146,3.062828064,3525,6572,0.2352592945098877
75.00431061,10.02009583,3.062571526,3446,6624,0.2234489917755127
75.00388336,15.0373497,3.06345129,3511,6269,0.2261507511138916
75.00608063,20.04880524,3.061913013,3557,6540,0.22498583793640137
75.00521851,25.05778885,3.06255579,3459,6485,0.22536301612854004
74.99827576,30.068573,3.062144279,3493,6502,0.22086167335510254
75.00391388,35.08114624,3.061492443,3452,6502,0.22739434242248535
75.00413513,40.07678223,3.062134266,3545,6412,0.22671818733215332
75.00191498,45.09059906,3.061695099,3527,6299,0.22637152671813965
74.99736786,50.10469055,3.063674927,3473,6466,0.22862505912780762
75.001091,55.0931282,3.062039375,3545,6464,0.22726678848266602
75.00340271,60.12005615,3.061756611,3481,6317,0.22397756576538086
74.9992981,65.11693573,3.062153816,3436,6482,0.22420072555541992
74.9968338,70.12002563,3.061640263,3391,6468,0.2279362678527832
75.00326538,75.13844299,3.062636852,3533,6563,0.2202441692352295
74.99925995,80.1416626,3.062437057,3490,6430,0.225480318069458
74.99942017,85.12714386,3.061710358,3766,6437,0.22925090789794922
75.0035553,90.13009644,3.062780857,9554,14868,0.22456836700439453
74.9984436,95.13963318,3.062223434,8509,12205,0.22402715682983398
75.00001526,100.1421204,3.061730385,8920,14801,0.22236108779907227
80.02706909,-0.0445098877,3.062896252,3503,6367,0.3284769058227539
80.01027679,4.99508667,3.062073231,3406,6405,0.22551226615905762
80.01176453,10.01748276,3.062623024,3572,6427,0.2214646339416504
80.00452423,15.03501892,3.063435555,3488,6515,0.2332172393798828
80.00307465,20.04676437,3.060727119,3435,6305,0.23372983932495117
80.0033493,25.05587769,3.060460091,3523,6461,0.22465038299560547
80.00180054,30.06832504,3.061950207,4023,7100,0.22783207893371582
80.00462341,35.07538605,3.063374519,3487,6341,0.22643208503723145
80.0009079,40.09280777,3.062353134,3424,6578,0.22868871688842773
80.00234985,45.08141327,3.062014103,3464,6447,0.2268054485321045
80.00267029,50.10320282,3.062780857,3531,6414,0.22647857666015625
80.00419617,55.10267258,3.062142372,3485,6377,0.23415875434875488
80.00488281,60.10705566,3.061319351,3451,6421,0.2222900390625
80.00421143,65.11242676,3.062236786,3466,6311,0.22859454154968262
80.00115204,70.12514496,3.062347889,3476,6452,0.21993541717529297
80.00390625,75.13561249,3.062830925,3513,6563,0.23396801948547363
80.003479,80.11009216,3.062950134,3494,6299,0.2278439998626709
80.00157166,85.14373779,3.061267853,3483,6388,0.2394857406616211
79.99575806,90.12939453,3.06166029,3713,6631,0.23087191581726074
80.00245667,95.13064575,3.062793255,8846,12597,0.21941208839416504
80.00187683,100.1457062,3.06178236,8695,14863,0.2343745231628418
85.02900696,-0.04372024536,3.061199665,3455,6540,0.3262772560119629
85.01385498,4.993152618,3.061803818,3545,6389,0.22275829315185547
85.00749969,10.01713562,3.062493324,3466,6481,0.23372197151184082
85.0076828,15.03429031,3.060389996,3532,6539,0.22388529777526855
85.00540161,20.04667282,3.062657356,3553,6432,0.2358100414276123
85.00364685,25.05606842,3.062304497,3526,6548,0.22331452369689941
85.00360107,30.0680809,3.061924934,3677,6431,0.22931766510009766
85.00143433,35.06663132,3.061314106,3522,6524,0.24129819869995117
85.00144196,40.07392502,3.061087132,3528,6482,0.23044919967651367
84.99936676,45.08519745,3.061850548,3457,6504,0.22600555419921875
85.00474548,50.10437775,3.062449932,3590,6453,0.2205338478088379
85.00274658,55.11420441,3.061888695,3493,6405,0.23747467994689941
84.99956512,60.0994606,3.06266737,3544,6344,0.2257087230682373
85.00352478,65.12351227,3.060954094,3416,6395,0.22353386878967285
85.00125885,70.13121796,3.061266899,3493,6476,0.22230291366577148
85.00018311,75.11924744,3.062161446,3433,6527,0.22910475730895996
85.00092316,80.12753296,3.061677456,3437,6545,0.2257239818572998
85.00255585,85.13161469,3.062578678,3440,6510,0.22408366203308105
85.00249481,90.13520813,3.062506199,3436,6551,0.2244737148284912
84.99990845,95.13902283,3.060984612,3584,6470,0.22704243659973145
85.00240326,100.1343994,3.061190605,4895,7819,0.22330737113952637
90.03229523,-0.05009841919,3.062032223,3480,6213,0.32276415824890137
90.01455688,5.000286102,3.062626362,3480,6310,0.22817492485046387
90.00449371,10.01589584,3.061948299,3296,6379,0.22888803482055664
90.00243378,15.03573608,3.063225746,3493,6334,0.22730135917663574
90.00882721,20.04762268,3.062071323,3457,6281,0.22796893119812012
90.00444031,25.06021118,3.061291695,3506,6454,0.22754240036010742
90.00225067,30.06621552,3.061539173,3410,6434,0.22748827934265137
89.99957275,35.07888794,3.062494755,3475,6442,0.22444438934326172
90.00498199,40.08035278,3.06165123,3514,6228,0.22624921798706055
90.00639343,45.09912872,3.06213665,3452,6463,0.2224724292755127
89.99884796,50.09732819,3.061694145,3434,6345,0.2270514965057373
90.00192261,55.10122681,3.06303978,3547,6427,0.2382197380065918
90.00047302,60.102314,3.061656952,3532,6330,0.22873353958129883
90.00627899,65.11614227,3.062232971,3473,6427,0.22713685035705566
90.00004578,70.13570404,3.061018944,3485,6437,0.22904181480407715
90.00030518,75.12229919,3.062157631,3433,6384,0.22620224952697754
90.00267029,80.11637115,3.062597275,3541,6354,0.22899127006530762
90.0029068,85.14645386,3.062085629,3480,6354,0.22771906852722168
90.00386047,90.13002014,3.062525272,3483,6404,0.22564458847045898
89.99717712,95.12690735,3.062670708,3551,6357,0.2300431728363037
90.00101471,100.134613,3.061397076,3542,6388,0.22908878326416016
95.02877808,-0.04565429688,3.062897682,3646,6388,0.3239889144897461
95.01172638,5.003009796,3.059922218,3415,6330,0.2302546501159668
95.01005554,10.01789474,3.062958241,3464,6442,0.2216639518737793
95.00506592,15.03740692,3.062568665,3527,6497,0.22568964958190918
95.00645447,20.05020523,3.062390804,3564,6330,0.22382712364196777
95.00520325,25.056427,3.063087463,3378,6261,0.2255113124847412
95.00274658,30.0691452,3.061876297,3507,6443,0.2237546443939209
95.00008392,35.08170319,3.060619831,3492,6401,0.22785639762878418
95.00209045,40.07991409,3.06281805,3532,6345,0.23210406303405762
95.00263977,45.08304977,3.061760426,3415,6377,0.22331452369689941
95.00750732,50.09515381,3.061733246,3483,6492,0.22893714904785156
95.00022888,55.1065712,3.06081295,3417,6443,0.22922277450561523
94.99656677,60.10214615,3.063070297,3494,6409,0.22603321075439453
95.00498962,65.12583923,3.061609745,3464,6540,0.22421503067016602
95.00115967,70.11772919,3.062086582,3517,6442,0.22641372680664062
95.00068665,75.12164307,3.061402798,3424,6485,0.22687435150146484
95.00275421,80.13642883,3.061490536,3509,6425,0.2300398349761963
95.00323486,85.1098938,3.0616436,3471,6403,0.2323603630065918
95.0038147,90.13243866,3.063107491,3494,6562,0.23025274276733398
95.0022049,95.13453674,3.062220573,3591,6418,0.2236464023590088
94.99809265,100.1459198,3.063242435,3498,6504,0.2289271354675293
100.0331573,-0.04357528687,3.061838627,3412,6398,0.3280477523803711
100.0127716,4.996990204,3.061804295,3554,6515,0.22567462921142578
100.0106201,10.01921844,3.060738087,3490,6485,0.22308635711669922
100.0041885,15.03392029,3.062171459,3573,6342,0.22406458854675293
100.0041656,20.04766464,3.063100338,3451,6402,0.22664356231689453
100.0056152,25.05989838,3.06072998,3469,6382,0.22327303886413574
100.0021515,30.06710434,3.062824249,3332,6345,0.22586441040039062
100.0009766,35.08248138,3.061841488,3619,6656,0.22406363487243652
100.0031662,40.07949829,3.060974121,3491,6388,0.22606778144836426
100.0052414,45.08902359,3.06155014,3566,6383,0.23702287673950195
100.0046844,50.09554672,3.06176281,3451,6400,0.2194204330444336
99.99580383,55.10625458,3.061517239,3512,6439,0.22724485397338867
100.0069275,60.11724091,3.062396049,3654,6512,0.22260451316833496
100.0030518,65.11698914,3.062056541,3507,6448,0.22843170166015625
100.0010376,70.11827087,3.061768532,3500,6316,0.22566580772399902
100.0006485,75.13749695,3.062041759,3510,6466,0.22091102600097656
100.0013733,80.14360809,3.061346531,3461,6509,0.22563838958740234
99.99963379,85.12705231,3.062817097,3559,6385,0.2259821891784668
100.0012283,90.13095093,3.061526775,3518,6540,0.22794389724731445
99.99783325,95.13946533,3.06130743,3455,6496,0.22495198249816895
100.003067,100.1397552,3.062669277,3586,6550,0.22096943855285645
