26.99927139,83.00108337,6.500441551,4267,5841,0.2282543182373047
27.00179291,83.64334869,6.500976086,4459,5863,0.22942399978637695
27.00086975,84.29686737,6.500034332,4693,5935,0.22649002075195312
26.99596405,84.9490509,6.498875618,4965,6171,0.22870635986328125
26.99864578,85.59947968,6.499014854,5427,6469,0.22884559631347656
27.00164795,86.25201416,6.500802994,5846,6757,0.22815394401550293
27.00316238,86.90084839,6.49943161,5993,7162,0.22800827026367188
26.99815369,87.5537262,6.500681877,5733,7063,0.22864484786987305
26.99821854,88.20178223,6.499839783,5811,7527,0.22772836685180664
27.00008774,88.8553772,6.499807835,5877,7382,0.22954130172729492
27.00359344,89.50730896,6.499767303,5705,7108,0.22826933860778809
27.00257492,90.15621185,6.500606537,5592,7179,0.22830438613891602
27.0009613,90.81030273,6.50106287,5551,7325,0.22827577590942383
26.99956512,91.45982361,6.49928236,5344,7667,0.2290194034576416
27.00125885,92.11190033,6.500211239,5338,7648,0.2285599708557129
27.00187683,92.75988007,6.499921799,5299,7357,0.22857165336608887
26.99882889,93.4125824,6.500448227,4986,7016,0.22844576835632324
26.99848938,94.06204987,6.49937439,4678,6894,0.2296602725982666
27.00091934,94.71024323,6.498868465,4533,6753,0.22882413864135742
26.99889755,95.36148071,6.499448776,4380,6700,0.22759032249450684
26.9996376,96.01194763,6.500360489,4088,6399,0.22999143600463867
27.64507675,83.00913239,6.500786781,4488,5896,0.22782683372497559
27.65102768,83.64601898,6.499214172,4596,5980,0.22871804237365723
27.65325546,84.29614258,6.500029564,4765,6120,0.22902417182922363
27.65222549,84.94845581,6.498915195,5431,6229,0.2278766632080078
27.64771652,85.5989151,6.500418186,5981,6703,0.22742414474487305
27.64706421,86.25048065,6.499641895,6525,7282,0.2275073528289795
27.64793396,86.90313721,6.5006423,6433,8045,0.22745943069458008
27.65160751,87.55033112,6.501132965,6204,7554,0.22775793075561523
27.65159988,88.2036438,6.501649857,6025,7619,0.2290639877319336
27.64876556,88.85407257,6.500073433,5945,7382,0.2287752628326416
27.64841461,89.50450134,6.499145508,6186,7510,0.22718405723571777
27.65066147,90.15462494,6.499968052,5940,7228,0.22742557525634766
27.64981079,90.80619812,6.500017643,5634,7229,0.2273252010345459
27.64949417,91.45693207,6.500469208,5279,7160,0.22708368301391602
27.64901352,92.10929108,6.500446796,5267,7512,0.22656583786010742
27.64936829,92.76075745,6.499995708,5380,7672,0.22610139846801758
27.65051651,93.40875244,6.501227379,5259,7306,0.2277984619140625
27.65055084,94.05936432,6.500291824,5112,7158,0.22843003273010254
27.64835739,94.71109009,6.501586914,4951,6981,0.22879362106323242
27.65168381,95.35977173,6.499669075,4453,6647,0.23026371002197266
27.64978409,96.01303864,6.499484062,4208,6521,0.22933244705200195
28.29592133,83.00735474,6.500906944,4580,5886,0.2292182445526123
28.29966354,83.64526367,6.499359608,4865,6109,0.22860383987426758
28.29933167,84.29927063,6.500089169,5073,6215,0.22778749465942383
28.30190277,84.9473114,6.499539375,5436,6545,0.22883152961730957
28.29890442,85.59733582,6.499476433,5890,7098,0.22882795333862305
28.29694366,86.25097656,6.50101757,6332,8033,0.22904634475708008
28.29892349,86.90109253,6.499869347,6568,8369,0.22819900512695312
28.29851532,87.55384827,6.501081467,6888,8530,0.2307116985321045
28.29986954,88.20222473,6.499728203,6566,8063,0.22938203811645508
28.29875946,88.85440826,6.499392509,6391,7829,0.22830939292907715
28.30038834,89.50598907,6.500330925,6292,7532,0.2280254364013672
28.30267334,90.1556778,6.500332832,6350,7593,0.22867774963378906
28.3009491,90.80438232,6.500658035,6113,7789,0.22882413864135742
28.29885864,91.45670319,6.498364925,5880,7433,0.2289423942565918
28.29644775,92.10751343,6.500166893,5595,7319,0.23073148727416992
28.29973984,92.76008606,6.500533104,5336,7449,0.22764801979064941
28.30208206,93.4133606,6.500341415,5400,7760,0.22850251197814941
28.29866028,94.05767822,6.500765324,5300,7551,0.22870445251464844
28.2986412,94.70831299,6.500032902,5316,7641,0.22825002670288086
28.29801178,95.35870361,6.500570774,4900,6968,0.22839093208312988
28.30333328,96.01017761,6.501229286,4506,6834,0.22861170768737793
28.95185089,83.00786591,6.500859261,4661,6036,0.2284531593322754
28.94908524,83.64028931,6.500067711,5127,6147,0.2278900146484375
28.94836044,84.29606628,6.499632359,5308,6372,0.23005938529968262
28.95004272,84.94984436,6.499440193,5467,6912,0.22885727882385254
28.95217514,85.60017395,6.498945236,5840,7486,0.2275853157043457
28.95012665,86.24837494,6.499934673,6220,8043,0.22835350036621094
28.94903183,86.89942932,6.500905037,6658,8470,0.2281510829925537
28.94958496,87.55421448,6.500592709,6783,8459,0.22851157188415527
28.95148087,88.20139313,6.500044346,6827,8542,0.22922968864440918
28.95172119,88.85462952,6.499464512,6900,8455,0.2289738655090332
28.94974136,89.50468445,6.500368595,6623,8024,0.22821664810180664
28.94836426,90.15653229,6.499880314,6395,7693,0.22986555099487305
28.95223236,90.80657959,6.499946117,6041,7475,0.22923779487609863
28.95318222,91.45730591,6.499355316,6200,7809,0.22811675071716309
28.95097733,92.10858154,6.499324322,5879,7519,0.22857284545898438
28.95008087,92.76013184,6.499544144,5582,7195,0.22766804695129395
28.94517136,93.4107666,6.501437187,5555,7175,0.22817230224609375
28.95004272,94.05995178,6.500487804,5226,7413,0.22907233238220215
28.95185089,94.71056366,6.500720024,5306,7402,0.2283179759979248
28.94900894,95.35773468,6.500382423,5066,7355,0.22876882553100586
28.94902802,96.01034546,6.499358177,4594,6641,0.22919440269470215
29.60153198,83.00888062,6.500299454,4771,5891,0.22822189331054688
29.60136032,83.6440506,6.499345779,5226,6146,0.227341890335083
29.59742737,84.29908752,6.500608444,5590,6366,0.22904276847839355
29.59867477,84.9467926,6.500702858,5700,6950,0.22766947746276855
29.6001091,85.60116577,6.499731064,5892,7906,0.2272799015045166
29.60145569,86.2505722,6.499053955,6363,8275,0.22959184646606445
29.59812927,86.90100098,6.499977112,6679,8485,0.22911310195922852
29.59781265,87.55310059,6.499668121,7033,8173,0.22879385948181152
29.60096741,88.20159912,6.500696182,7815,8600,0.22774267196655273
29.60446548,88.85414124,6.499810219,7367,8517,0.22750473022460938
29.59949493,89.50623322,6.499486923,6839,8266,0.22779297828674316
29.59783936,90.15763092,6.500282288,6925,8107,0.22903943061828613
29.59925079,90.80875397,6.499900341,6509,7892,0.22728919982910156
29.60315323,91.45573425,6.499837875,6234,7675,0.22886323928833008
29.60205078,92.10688019,6.499838829,6090,7599,0.2279975414276123
29.59937286,92.75887299,6.499712944,5992,7537,0.22806787490844727
29.59944916,93.41156769,6.499547005,5773,7349,0.229231595993042
29.60054398,94.05882263,6.499881744,5310,7153,0.22850990295410156
29.60330582,94.70788574,6.500911236,5126,6887,0.22852277755737305
29.59960175,95.36001587,6.500512123,5211,7077,0.2264702320098877
29.59883499,96.01242065,6.500045776,4715,6749,0.22923731803894043
30.25003815,83.00959015,6.501699924,4916,5961,0.22817492485046387
30.25111771,83.64424133,6.500392914,5623,6302,0.22731304168701172
30.25081062,84.2973938,6.500040054,5949,6740,0.22816920280456543
30.2536869,84.94857788,6.500063896,6267,7247,0.22885513305664062
30.25057983,85.59944916,6.499926567,6880,8187,0.22776126861572266
30.24827766,86.25154114,6.500733852,7241,9111,0.22828269004821777
30.24894905,86.90161133,6.500528336,7882,9120,0.22774362564086914
30.24775314,87.5524292,6.500423431,8288,8674,0.22751665115356445
30.25109482,88.20277405,6.499127388,8242,8806,0.22989225387573242
30.25058365,88.85385895,6.49946785,7891,8782,0.22790861129760742
30.25068665,89.50521088,6.500515938,7715,8651,0.22835183143615723
30.24911499,90.15963745,6.499591827,7375,8630,0.22885751724243164
30.24925995,90.8052063,6.500273228,7255,8539,0.22822976112365723
30.24985886,91.45545197,6.49969101,6697,8229,0.2277061939239502
30.25006104,92.10595703,6.499337196,6527,7840,0.2288057804107666
30.25078583,92.75960541,6.500130653,6292,7657,0.2283329963684082
30.24612999,93.41069031,6.4999547,6138,7673,0.23036575317382812
30.24889755,94.05908966,6.500412941,5745,7638,0.227508544921875
30.25092506,94.71038818,6.500716209,5268,7265,0.2281961441040039
30.25284195,95.3608017,6.499286652,5044,6970,0.22826933860778809
30.24925041,96.0102005,6.500187874,4735,6556,0.22768425941467285
30.89789391,83.00601196,6.499697685,5300,6110,0.2274460792541504
30.89784241,83.64167023,6.499734879,5800,6374,0.22775769233703613
30.90322113,84.29568481,6.50025177,6622,6957,0.22841286659240723
30.90284729,84.94743347,6.49955225,6539,7377,0.2295682430267334
30.89949799,85.59864807,6.500114441,7323,7745,0.22832894325256348
30.90063095,86.25029755,6.500079155,8184,8512,0.2341759204864502
30.8993721,86.90235901,6.500350475,8210,8942,0.23318028450012207
30.89966583,87.55256653,6.49957037,8297,9347,0.2280879020690918
30.89831924,88.20384979,6.500596046,8359,8913,0.22675800323486328
30.89808083,88.85409546,6.499456406,8119,8640,0.23087549209594727
30.90074348,89.50540161,6.499882698,8106,8600,0.22728204727172852
30.90473366,90.1578064,6.498939991,7687,8400,0.22799110412597656
30.89978218,90.80644226,6.501007557,7255,8445,0.228804349899292
30.89543152,91.45689392,6.499528885,6832,8337,0.22811269760131836
30.89684677,92.10679626,6.500052452,6846,8220,0.22867870330810547
30.90150261,92.75899506,6.500216484,6305,7692,0.22797584533691406
30.90096855,93.4118576,6.499818802,6144,7348,0.22870612144470215
30.89724922,94.05731201,6.500267982,5680,7277,0.22847962379455566
30.89916611,94.70962524,6.500096321,5452,7222,0.22879791259765625
30.90069199,95.35993195,6.499966621,5104,6759,0.22851848602294922
30.90419006,96.0093689,6.499833584,4540,6219,0.2292325496673584
31.55134773,83.00653839,6.500787735,5290,6123,0.22949504852294922
31.54910851,83.64364624,6.498703003,5578,6491,0.22922992706298828
31.54330063,84.29509735,6.50020504,6118,7476,0.2280409336090088
31.54922485,84.9495697,6.500789642,6584,7536,0.22919964790344238
31.55121994,85.59890747,6.500412464,6860,8068,0.2281343936920166
31.55071259,86.25128937,6.500260353,7402,8061,0.22955608367919922
31.54812431,86.90142822,6.499682426,7897,8334,0.22803211212158203
31.54885292,87.5522995,6.501438141,8459,9070,0.22890233993530273
31.55098534,88.20373535,6.499637604,8480,8954,0.22997617721557617
31.5526123,88.85527039,6.500007153,8560,9096,0.2280726432800293
31.55108643,89.50402069,6.500304222,8258,8507,0.22934556007385254
31.54977798,90.15596771,6.499147415,8303,8759,0.22755837440490723
31.54989052,90.80535889,6.501227856,7894,8605,0.22852563858032227
31.55435562,91.45800781,6.499387741,7579,8857,0.22761917114257812
31.54964256,92.10771179,6.499503136,7315,8575,0.22770309448242188
31.5464325,92.75879669,6.499019623,6821,8463,0.22849488258361816
31.54731178,93.40988159,6.50041151,6660,8129,0.2283182144165039
31.55367279,94.06071472,6.498995781,6106,7788,0.22878408432006836
31.55141449,94.71192932,6.500174999,5543,7109,0.22891497611999512
31.54843903,95.35896301,6.49998188,5066,6715,0.22862958908081055
31.54726601,96.00920105,6.499965668,4710,6445,0.22781896591186523
32.20183563,83.00520325,6.501036644,5483,6384,0.22839903831481934
32.20191193,83.64097595,6.499199867,5707,6936,0.22794485092163086
32.20034027,84.29560852,6.500389099,5880,7423,0.22880983352661133
32.19852448,84.9479599,6.499975204,6336,7768,0.2284717559814453
32.19859695,85.6016922,6.501780987,6975,8155,0.22771573066711426
32.2035408,86.25084686,6.500081062,6871,8042,0.22974300384521484
32.19984055,86.89997101,6.500283241,7315,8058,0.23007535934448242
32.2016449,87.55226898,6.499024868,7669,8188,0.2279806137084961
32.19853973,88.20526123,6.499569893,7927,8426,0.2292020320892334
32.1979332,88.85401154,6.499826431,8312,9043,0.22905230522155762
32.20240784,89.50704956,6.4994874,8510,9115,0.2279651165008545
32.20122147,90.15429687,6.499176025,8389,9183,0.22787690162658691
32.19896317,90.8066864,6.500860214,7907,8478,0.22702789306640625
32.19875717,91.45515442,6.500499725,7941,8654,0.22771501541137695
32.20291901,92.10779572,6.499881268,7519,8504,0.2293703556060791
32.20179749,92.75689697,6.499997139,7282,8510,0.2270214557647705
32.19911957,93.40791321,6.500678062,6851,8424,0.22849464416503906
32.19709015,94.06000519,6.499923706,6452,8128,0.2277369499206543
32.20059204,94.70790863,6.500156403,5601,7314,0.23018336296081543
32.20038605,95.35812378,6.501224518,4966,6606,0.22758221626281738
32.19941711,96.0105896,6.499891758,4562,6333,0.2289419174194336
32.85289001,83.00762939,6.499783516,5390,6694,0.22885608673095703
32.8520546,83.64389038,6.499463081,5752,7343,0.2287614345550537
32.85256195,84.29480743,6.500972748,6006,7656,0.22822189331054688
32.84990311,84.9491272,6.500504494,6489,8336,0.22860312461853027
32.850914,85.60128784,6.499921799,6832,8343,0.22824501991271973
32.85022736,86.24990845,6.499718666,7394,8568,0.23336505889892578
32.85122681,86.90044403,6.500072479,7434,8417,0.22797393798828125
32.85099411,87.55305481,6.49987793,7625,8631,0.22679543495178223
32.84987259,88.20220184,6.499753475,7568,8578,0.22823500633239746
32.84939957,88.85591125,6.499977589,7812,8546,0.22780942916870117
32.85033417,89.50656128,6.500660896,8419,8819,0.22805237770080566
32.8524971,90.15518188,6.499286652,8711,9015,0.22860932350158691
32.8500061,90.80737305,6.499425888,8750,9654,0.228912353515625
32.85123444,91.45779419,6.499195099,8298,8954,0.22715425491333008
32.85092545,92.1101532,6.499269485,7952,8556,0.22782111167907715
32.85251617,92.75839233,6.499939919,7756,8316,0.22779512405395508
32.85176849,93.40593719,6.50059557,7462,8259,0.22684311866760254
32.85179901,94.0598526,6.501651764,6720,7474,0.22904396057128906
32.84831619,94.71144104,6.499341488,5883,7050,0.22795510292053223
32.85214233,95.36152649,6.500767708,5157,6666,0.22907257080078125
32.85186005,96.00965118,6.500828743,4666,6363,0.22895312309265137
33.50415039,83.00735474,6.499923706,5370,6749,0.22785139083862305
33.50180435,83.64317322,6.499296188,5613,7775,0.22812771797180176
33.49987793,84.29610443,6.500139236,6338,7754,0.22894692420959473
33.50194931,84.94789886,6.499728203,6746,8253,0.22795486450195312
33.49819946,85.59864807,6.499033451,7364,8121,0.22958588600158691
33.49728012,86.25117493,6.499970436,7436,8302,0.22901463508605957
33.50004578,86.90210724,6.499793053,7549,8395,0.22828459739685059
33.50328827,87.55115509,6.500872612,7782,8585,0.22792792320251465
33.50250244,88.20205688,6.49985981,7577,8769,0.22771835327148438
33.49731445,88.85606384,6.501289368,7574,8589,0.2283310890197754
33.49855804,89.50387573,6.499049187,7672,8449,0.22720861434936523
33.50035095,90.15407562,6.500890732,8226,8529,0.22800111770629883
33.50206757,90.80506897,6.500098228,8624,9022,0.22827553749084473
33.49945831,91.45829773,6.499471664,8367,9099,0.2284834384918213
33.49808502,92.10726929,6.498196602,8484,9196,0.2286975383758545
33.49819946,92.75873566,6.499848843,8316,8305,0.22810721397399902
33.50205994,93.4095993,6.499765396,7875,8055,0.23003029823303223
33.50409317,94.05592346,6.499901772,7076,7265,0.22767114639282227
33.50260544,94.70861053,6.500261307,6570,7065,0.22829651832580566
33.50041962,95.35954285,6.499488831,5499,6594,0.22659730911254883
33.49954224,96.01055908,6.500840187,4988,6100,0.22778701782226562
34.15581894,83.00756073,6.499724388,5700,6826,0.22724652290344238
34.15384674,83.63993835,6.499693871,6567,7555,0.22907185554504395
34.15086746,84.29528809,6.499666691,7075,8522,0.22925496101379395
34.14870834,84.94975281,6.499900341,7481,8384,0.22740769386291504
34.15068054,85.59906769,6.500638008,7769,8296,0.2280266284942627
34.14975739,86.24752045,6.501089573,7771,8511,0.22724246978759766
34.14967728,86.89955902,6.499065399,8015,8462,0.2271275520324707
34.14618683,87.55220032,6.499387264,7878,8838,0.22780585289001465
34.15081406,88.20314789,6.499944687,7532,9121,0.22858715057373047
34.14944458,88.85455322,6.499744415,8112,9220,0.2272803783416748
34.14856339,89.50598907,6.500447273,7910,9015,0.22771024703979492
34.15000534,90.15715027,6.499495506,7986,8469,0.22693514823913574
34.14976883,90.80723572,6.499615669,7995,8589,0.22708415985107422
34.15090179,91.45600128,6.500211716,8251,8780,0.2283623218536377
34.15314102,92.10874176,6.500933647,8607,8979,0.228013277053833
34.14675903,92.75712585,6.500505447,8370,9269,0.22949624061584473
34.14876556,93.40829468,6.500878334,8453,8358,0.22974634170532227
34.14826584,94.05820465,6.499817371,7731,7651,0.22797656059265137
34.1518631,94.71017456,6.500162125,7030,6940,0.22914552688598633
34.15022278,95.36080933,6.499576569,6174,6541,0.23349857330322266
34.14970398,96.01074219,6.500398636,5299,6183,0.22922062873840332
34.80128479,83.00539398,6.501513481,5701,6855,0.22781133651733398
34.80076599,83.64487457,6.499416351,6545,7197,0.22901153564453125
34.79982376,84.29545593,6.499961853,7012,7675,0.23041915893554688
34.80171967,84.94552612,6.500831604,7573,8045,0.2266862392425537
34.7985611,85.60129547,6.499097824,7824,8717,0.22874093055725098
34.79904556,86.24994659,6.499418736,8207,8411,0.23256635665893555
34.80134583,86.90040588,6.499728203,8126,8528,0.22905230522155762
34.80128098,87.55063629,6.499862671,7813,8467,0.22754263877868652
34.80059433,88.20045471,6.499947548,7748,8775,0.22846746444702148
34.79649353,88.8557663,6.499487877,7821,8768,0.2285006046295166
34.79948425,89.50639343,6.499903679,7862,9070,0.22884416580200195
34.80108643,90.15561676,6.500499725,7787,9136,0.22917938232421875
34.80092621,90.80693054,6.50036335,7806,8949,0.22832965850830078
34.79930115,91.45517731,6.50053215,7472,8502,0.22893738746643066
34.79869843,92.10780334,6.500237465,7426,8374,0.2293682098388672
34.79918671,92.75981903,6.49980545,7709,8167,0.22836756706237793
34.80136871,93.40811157,6.500388622,7815,7838,0.22735047340393066
34.79669189,94.06084442,6.499631882,7574,7323,0.22916817665100098
34.79884338,94.71063232,6.498683929,7005,6963,0.2285175323486328
34.80024719,95.35856628,6.500425339,5941,6535,0.22990632057189941
34.80172348,96.01119995,6.500053406,4829,6304,0.2286820411682129
35.45405197,83.00756073,6.500976563,5564,6848,0.22971653938293457
35.45022202,83.64200592,6.500002861,6165,6982,0.22815155982971191
35.45084381,84.29621124,6.500122547,6400,7257,0.2292041778564453
35.45235062,84.94712067,6.499828339,7189,7737,0.23092389106750488
35.45109177,85.59884644,6.498770237,7685,8056,0.22879457473754883
35.44881821,86.25073242,6.501302719,7879,8341,0.22777533531188965
35.44998169,86.9009552,6.499865055,8060,8881,0.22867679595947266
35.44870758,87.55329132,6.500472069,7829,8596,0.22878694534301758
35.45109558,88.20393372,6.500423431,8022,8599,0.22994303703308105
35.45202255,88.85473633,6.499554634,7943,8646,0.22922515869140625
35.45009613,89.50379181,6.501124382,8127,9185,0.22895455360412598
35.448349,90.15333557,6.499455452,7842,9188,0.22815823554992676
35.45014954,90.80653381,6.49858284,7866,9121,0.23130273818969727
35.45149612,91.45756531,6.499727249,7359,8676,0.22767877578735352
35.45350647,92.10644531,6.499445915,6996,8500,0.22852492332458496
35.44988251,92.75679779,6.501632214,6696,7903,0.22916841506958008
35.45078278,93.40855408,6.500770569,6375,7232,0.22930145263671875
35.4478569,94.05939484,6.50082922,6130,6837,0.2280292510986328
35.45014572,94.70983887,6.499164104,5640,6491,0.2285618782043457
35.44824219,95.35917664,6.499156952,5423,6344,0.22967123985290527
35.44731522,96.01113129,6.499252319,4280,6285,0.23024439811706543
36.10212708,83.00758362,6.498698235,5471,7040,0.22753548622131348
36.102211,83.64152527,6.499133587,6075,7128,0.22841620445251465
36.10305023,84.29512024,6.500296593,6405,7441,0.2274322509765625
36.10010529,84.94733429,6.499855042,6632,7307,0.22966623306274414
36.09919739,85.59886169,6.500835419,6908,7445,0.2291393280029297
36.10131073,86.24957275,6.499513626,7491,8159,0.22889304161071777
36.10253906,86.9009552,6.501579285,7781,8409,0.2314448356628418
36.10247803,87.5539856,6.499266624,7960,9185,0.22917532920837402
36.09581757,88.20355225,6.499816895,8335,9148,0.22887229919433594
36.09941864,88.85342407,6.499957085,8164,8649,0.2289283275604248
36.10263062,89.5059967,6.500562668,8303,8824,0.2291278839111328
36.1047821,90.15679169,6.501091957,7932,8637,0.2274763584136963
36.10091019,90.80601501,6.499772072,7600,8966,0.2287428379058838
36.09649658,91.45655823,6.500080109,7418,8899,0.22819042205810547
36.10055542,92.10745239,6.499662399,7074,8746,0.22864079475402832
36.1004715,92.75966644,6.499815464,6201,7882,0.22903704643249512
36.10167313,93.40963745,6.499603271,5450,6846,0.22740864753723145
36.09880447,94.059021,6.501038074,5382,6543,0.22883152961730957
36.09713745,94.7097168,6.501373768,5124,6406,0.22861981391906738
36.10017395,95.35884094,6.498963356,4376,6297,0.2285149097442627
36.10115814,96.0116806,6.501241684,4037,6100,0.22852015495300293
36.7552948,83.00824738,6.499936581,5300,6798,0.2280747890472412
36.74991608,83.6466217,6.499528408,5692,6952,0.22928762435913086
36.75128937,84.29494476,6.499037743,6251,7533,0.2299025058746338
36.75275803,84.9458313,6.500155449,6351,7255,0.22794175148010254
36.75086975,85.59981537,6.500348091,6571,7337,0.22905898094177246
36.75045013,86.25022888,6.500407219,6724,7193,0.22829961776733398
36.74749756,86.90119934,6.500490189,7208,7898,0.22799468040466309
36.75036621,87.55123901,6.50024271,7710,8090,0.22804689407348633
36.75189972,88.20293427,6.50060463,8114,8716,0.22935986518859863
36.75213623,88.85591888,6.499433517,8425,9008,0.22892189025878906
36.74850464,89.50598145,6.499239922,8435,9044,0.22824478149414062
36.74907684,90.15599823,6.500647545,8413,8783,0.2283313274383545
36.75025177,90.80442047,6.499790668,8186,8526,0.2372133731842041
36.75201416,91.45671082,6.500041008,7693,8508,0.2282257080078125
36.75226974,92.10968018,6.500864983,6886,8278,0.2285749912261963
36.75148773,92.7592392,6.498844624,6388,7586,0.22969889640808105
36.747612,93.40913391,6.500770569,5670,6747,0.22762012481689453
36.75035858,94.05830383,6.500929832,5153,6519,0.2284855842590332
36.75171661,94.71112061,6.499347687,4658,6137,0.2298750877380371
36.75357819,95.35899353,6.500865936,4224,5976,0.22981643676757812
36.75149536,96.01194763,6.500286102,3992,5911,0.2289588451385498
37.40292358,83.0056076,6.500480652,5713,6789,0.2295389175415039
37.39888,83.64138794,6.500321388,5835,6804,0.22950172424316406
37.40100861,84.2972641,6.499539375,6099,7254,0.22833919525146484
37.40192413,84.94892883,6.501148701,6007,7515,0.22908616065979004
37.40087509,85.59858704,6.499891281,6350,7650,0.22856664657592773
37.39777374,86.25205994,6.500059128,6628,7408,0.23061680793762207
37.39731979,86.90215302,6.499732018,6469,7354,0.22901320457458496
37.40203094,87.55284119,6.499944687,6860,7538,0.22771048545837402
37.40245056,88.20378876,6.49928093,7344,7835,0.2283623218536377
37.39874268,88.85440063,6.499424934,7660,8240,0.22861456871032715
37.39439392,89.503685,6.500328064,8270,8853,0.2291719913482666
37.39821625,90.15325928,6.499025345,8454,8987,0.22799944877624512
37.40019989,90.80796051,6.500043869,8237,8401,0.22945451736450195
37.40116882,91.45973206,6.499738216,7814,8262,0.22954082489013672
37.39670563,92.11184692,6.499660492,7104,7483,0.22876572608947754
37.39555359,92.76058197,6.500801086,6500,7049,0.2268679141998291
37.40157318,93.40823364,6.499910355,5745,6753,0.2283773422241211
37.40336609,94.058815,6.500123024,5404,6520,0.22827720642089844
37.40300751,94.71032715,6.499903679,4817,6126,0.22745347023010254
37.39538574,95.36073303,6.499034882,4165,6098,0.2284998893737793
37.3978653,96.01139832,6.499716759,3919,5797,0.23140215873718262
38.05463409,83.00811768,6.500365257,6302,7272,0.22751903533935547
38.05311584,83.64073944,6.49920702,6615,7259,0.22994065284729004
38.05112839,84.29466248,6.499595642,6289,6955,0.22913098335266113
38.04652023,84.94833374,6.499994278,6288,7044,0.22777342796325684
38.05031586,85.59924316,6.50026989,6289,7323,0.2285623550415039
38.0483017,86.25180054,6.500191689,6407,7516,0.22814083099365234
38.0483551,86.90041351,6.500853539,6565,7668,0.22765445709228516
38.04845428,87.55240631,6.501093864,6824,7634,0.226118803024292
38.05284119,88.20419312,6.49902916,6714,7573,0.22778773307800293
38.05131912,88.8549118,6.500528336,7156,7768,0.22758865356445312
38.04924011,89.50445557,6.500449181,7772,8190,0.22817039489746094
38.04759979,90.1561203,6.500107765,8214,8682,0.22748875617980957
38.04999542,90.80949402,6.499139786,8362,9249,0.22711491584777832
38.04986954,91.45982361,6.500549316,8287,8528,0.2287755012512207
38.0521431,92.10928345,6.499675751,7338,7434,0.22764372825622559
38.04983139,92.75964355,6.49962759,6736,6803,0.22865605354309082
38.05080795,93.40835571,6.499847412,6211,6662,0.22864484786987305
38.05232239,94.05844116,6.499731541,5288,6290,0.229508638381958
38.05117035,94.71034241,6.498802185,4361,6353,0.22994422912597656
38.05224609,95.36132813,6.500163555,3998,6034,0.22906804084777832
38.05128479,96.01161957,6.50052309,3886,5859,0.22838068008422852
38.70397949,83.00689697,6.500024796,6184,7480,0.22943425178527832
38.70103836,83.64252472,6.499042511,6954,8560,0.22699880599975586
38.70191956,84.29223633,6.5002985,6750,7768,0.22876286506652832
38.70272827,84.94621277,6.500226974,6802,7332,0.23115277290344238
38.70019531,85.60012817,6.500017166,6733,7129,0.22947239875793457
38.69895935,86.25146484,6.500234604,6512,7237,0.22684311866760254
38.70139694,86.8991394,6.499105453,6530,7459,0.22863292694091797
38.7029953,87.55016327,6.499062538,6864,7597,0.22898483276367188
38.70205688,88.2015152,6.499078751,6810,7580,0.22897624969482422
38.6998291,88.85488129,6.501584053,6711,7548,0.23086333274841309
38.6969223,89.50504303,6.500448704,6809,7569,0.22835087776184082
38.69834137,90.15739441,6.500318527,7289,7820,0.22765612602233887
38.70009613,90.80558777,6.499634743,7727,8163,0.2283022403717041
38.70037079,91.45729065,6.500309944,7437,7723,0.22944426536560059
38.70018005,92.10720825,6.500200272,7420,7580,0.2272179126739502
38.70301819,92.76026917,6.49910593,6916,6961,0.2310624122619629
38.70130539,93.40950012,6.500524521,5910,6583,0.22766971588134766
38.70425415,94.0580368,6.499381542,4558,6124,0.22814559936523438
38.69790649,94.7097168,6.500894547,3968,5835,0.22980880737304688
38.69908905,95.36204529,6.500171661,3780,5828,0.23095369338989258
38.70051575,96.01068115,6.498393059,3740,5779,0.2285315990447998
39.35656738,83.00674438,6.501481056,6215,6981,0.2288191318511963
39.35224915,83.64266968,6.500635147,6972,7464,0.22875738143920898
39.34908676,84.29391479,6.499499321,7050,8437,0.22899174690246582
39.35050201,84.94638824,6.499662399,7503,8433,0.2283315658569336
39.35133362,85.59818268,6.498833656,7215,7663,0.22768187522888184
39.35039902,86.24931335,6.500383377,7075,7147,0.2290189266204834
39.34825897,86.90037537,6.499675751,6854,7027,0.22876858711242676
39.34777451,87.55366516,6.499976635,6719,7332,0.22925710678100586
39.34877014,88.20127869,6.499511242,6533,7757,0.22835254669189453
39.34992981,88.85346222,6.500291824,6521,7707,0.22955632209777832
39.35250092,89.50445557,6.498520851,6638,7503,0.2281968593597412
39.35085297,90.15496063,6.50088644,6521,7503,0.2285313606262207
39.34656525,90.80792236,6.499297142,6464,7165,0.22867226600646973
39.35018539,91.45728302,6.500461102,6597,7208,0.22727298736572266
39.35042953,92.10812378,6.501036644,6436,7049,0.22865676879882812
39.35147476,92.75753784,6.500259399,5775,6746,0.22776412963867188
39.34843826,93.40735626,6.499902248,5062,6541,0.23011469841003418
39.34740448,94.06158447,6.499200344,4264,6233,0.22922635078430176
39.35015869,94.71127319,6.499223709,3741,5624,0.2269730567932129
39.35254669,95.36175537,6.500608921,3647,5824,0.2299809455871582
39.35062408,96.01036072,6.499028206,3664,5662,0.22745418548583984
40.0018158,83.00526428,6.499960899,5936,6816,0.22908926010131836
40.00150299,83.64303589,6.498569489,6281,7242,0.22997307777404785
40.00053024,84.29725647,6.50062561,7176,7575,0.22931432723999023
40.00241089,84.94663239,6.499318123,7248,7947,0.22920870780944824
40.00226974,85.59942627,6.50047636,7223,8183,0.22858667373657227
39.99932861,86.2497406,6.499904156,7634,8008,0.2282111644744873
40.00050354,86.90197754,6.500664711,7683,7467,0.23215413093566895
40.00154114,87.5519104,6.500026703,7220,7017,0.2303314208984375
40.00046539,88.20335388,6.500571728,6712,7249,0.22906017303466797
40.00132751,88.85477448,6.499862194,6391,7203,0.2269916534423828
39.99803925,89.50520325,6.499961853,6370,7783,0.23010563850402832
39.9990387,90.15557098,6.500745773,5988,7467,0.22896528244018555
40.00037766,90.80643463,6.500453949,5633,6918,0.22787785530090332
40.00172424,91.45689392,6.499991417,5449,6309,0.22743940353393555
39.9965744,92.10953522,6.499142647,5210,6602,0.22841262817382812
39.99851227,92.7614975,6.500689983,4764,6215,0.22831487655639648
39.99985123,93.40939331,6.499807358,4193,5873,0.2270059585571289
40.00197983,94.05953979,6.499277115,3903,5857,0.22821688652038574
40.00143433,94.70838928,6.499406338,3791,5848,0.22820186614990234
39.99996567,95.36099243,6.499660492,3614,5669,0.2284858226776123
39.99813843,96.01195526,6.50055027,3520,5667,0.2283174991607666
