26.00494385,86.00180817,3.061219692,3539,5914,0.22705578804016113
25.99655533,86.24822998,3.063554764,3562,5910,0.2279341220855713
26.00497818,86.49629211,3.060854435,3769,5796,0.22837018966674805
25.99949265,86.75259399,3.0625844,3706,5793,0.2291109561920166
26.00170135,86.998909,3.06259346,3747,5999,0.2289106845855713
26.00358582,87.24662781,3.059866428,4015,6126,0.227769136428833
25.99656677,87.49948883,3.063679695,4071,6383,0.22972679138183594
26.00133514,87.74910736,3.059477329,4593,6708,0.22771477699279785
25.99760056,88.0004425,3.064112663,5462,7420,0.2284257411956787
26.00308228,88.24990845,3.05989933,7223,9172,0.2243058681488037
25.99720001,88.49778748,3.06309557,7935,10090,0.22997522354125977
25.99539566,88.75126648,3.064438343,8357,10436,0.23587799072265625
26.00185394,89.00166321,3.06020546,9309,12588,0.23059487342834473
26.00075912,89.2495575,3.060213566,9554,13342,0.2228238582611084
26.00075912,89.49778748,3.060124397,9407,13654,0.22310686111450195
26.00274277,89.74996185,3.061882019,9273,13675,0.2270362377166748
26.00232697,90.00041962,3.060034275,8923,13527,0.23136043548583984
26.24631882,86.02250671,3.064549446,3722,5891,0.22861289978027344
26.25341797,86.24516296,3.059555531,3748,5899,0.23064565658569336
26.24491501,86.49771881,3.063519955,3782,5886,0.23213791847229004
26.24167252,86.7490921,3.063193321,3571,5982,0.23111629486083984
26.25172806,86.99713135,3.061939716,3836,6126,0.22842025756835938
26.24721909,87.2492981,3.062618256,4065,6143,0.2276601791381836
26.24660492,87.49993896,3.063477993,4215,6204,0.23052668571472168
26.24757004,87.74906158,3.063445568,4569,6538,0.24015235900878906
26.25197601,88.0004425,3.061122894,5613,7497,0.23251962661743164
26.25281906,88.24838257,3.059904099,7389,8679,0.2291421890258789
26.24674225,88.49876404,3.063881397,7308,9450,0.22901082038879395
26.25161743,88.74787903,3.059409142,9156,11161,0.2290041446685791
26.2510376,89.00219727,3.062832832,9456,12709,0.23057293891906738
26.24808502,89.25122833,3.063838005,9698,13447,0.22542381286621094
26.25028229,89.49976349,3.062345505,9755,13841,0.2246842384338379
26.25390244,89.74966431,3.060726643,9407,13763,0.23012733459472656
26.25284195,89.99750519,3.058428764,9072,13559,0.22867965698242188
26.49974823,86.02770996,3.063190937,3624,5950,0.22854971885681152
26.50310135,86.24492645,3.060551643,3613,5992,0.2284550666809082
26.4957962,86.49749756,3.06423521,3639,5866,0.22812175750732422
26.50277328,86.74712372,3.058834553,3721,5768,0.22843170166015625
26.49773788,87.0019455,3.064502239,3808,5858,0.22906899452209473
26.50320053,87.25102997,3.062644958,3954,6095,0.23073887825012207
26.50383759,87.49717712,3.061293125,4084,6234,0.22883820533752441
26.49901581,87.74816132,3.063649654,4557,6549,0.22780060768127441
26.50139618,87.99994659,3.059955597,5731,7532,0.23032212257385254
26.49705124,88.24899292,3.062900543,6730,8584,0.2201094627380371
26.49829483,88.49822998,3.062301636,7731,9771,0.2286074161529541
26.50413895,88.74784088,3.062324524,8614,11590,0.22879266738891602
26.50181961,89.0012207,3.06210041,9913,13280,0.22417831420898438
26.50164032,89.25073242,3.059976101,10013,13076,0.22790217399597168
26.49711227,89.50010681,3.063806057,9663,13178,0.22232508659362793
26.50073624,89.75035095,3.060639858,9550,13184,0.22821807861328125
26.49451447,90.00131226,3.063188553,8893,12924,0.2283012866973877
26.75093842,86.02392578,3.060184956,3766,5834,0.22451090812683105
26.74333954,86.24737549,3.063337326,3615,5782,0.22701263427734375
26.74713516,86.49794006,3.062130928,3551,5897,0.2224118709564209
26.75326157,86.74420929,3.059545517,3657,5912,0.22806692123413086
26.74584579,86.99952698,3.063130856,3838,6082,0.23047876358032227
26.75091934,87.25028229,3.061171532,3930,6097,0.232743501663208
26.75398636,87.49882507,3.061356068,4135,6310,0.22736430168151855
26.74627304,87.75183105,3.063745022,4409,6466,0.22759151458740234
26.75398636,87.99840546,3.060963631,5256,6943,0.22659564018249512
26.74848557,88.25201416,3.062831879,6684,8425,0.22491955757141113
26.74874115,88.49581909,3.060531616,8115,10437,0.22217726707458496
26.75202942,88.74879456,3.060255527,8242,11132,0.22730255126953125
26.74707794,89.002388,3.063538551,9098,12352,0.22599077224731445
26.75009155,89.24755859,3.061023235,9662,12578,0.22906255722045898
26.74793625,89.50000763,3.062319756,9289,12929,0.22735381126403809
26.75053787,89.74963379,3.060792923,9253,12642,0.22777175903320312
26.74796295,90.00192261,3.06301403,8781,12146,0.22861504554748535
27.00122833,86.0193634,3.061537266,3626,6000,0.2236180305480957
26.9949646,86.24519348,3.062925339,3860,5917,0.2348487377166748
26.99719238,86.4980011,3.06349802,3644,5827,0.2228100299835205
26.99717331,86.74687958,3.062963963,3741,6136,0.22000980377197266
27.00149918,86.99789429,3.063271999,3977,6078,0.22382330894470215
27.00077057,87.24718475,3.060636044,4021,6180,0.22864532470703125
27.00101089,87.49620819,3.063855171,4192,6246,0.22861075401306152
27.00413132,87.74682617,3.061360359,4243,6454,0.23147845268249512
26.99634933,88.00034332,3.062776566,4726,6793,0.2284846305847168
27.00407028,88.25149536,3.061513901,6405,7945,0.2280871868133545
27.0008049,88.49877167,3.060751438,8200,9482,0.22659039497375488
26.99740982,88.75030518,3.063827515,8213,10241,0.224564790725708
26.99475098,89.00265503,3.06045723,8450,10836,0.23164081573486328
26.99943924,89.25131226,3.0626688,8733,11308,0.22823762893676758
26.99956131,89.5007782,3.061153412,8951,11881,0.22992181777954102
27.00006485,89.74806213,3.062857151,8919,12187,0.22570347785949707
27.00177765,90.00114441,3.060435295,8719,12029,0.22644829750061035
27.24673843,86.03117371,3.062419891,3727,6004,0.22782063484191895
27.25181961,86.24497986,3.060365677,3632,6118,0.21993637084960938
27.25047684,86.49449921,3.060742378,3882,5902,0.2232356071472168
27.25056839,86.74784851,3.063358784,3872,6218,0.227067232131958
27.24774933,86.99874878,3.062686443,3939,6196,0.22565460205078125
27.25108719,87.24841309,3.061266422,3974,6261,0.22658419609069824
27.24773026,87.50080109,3.063514233,4036,6315,0.22780704498291016
27.25089645,87.74907684,3.063552856,4149,6485,0.23196887969970703
27.25047684,88.00022888,3.06059742,4469,6600,0.22826051712036133
27.25308609,88.2492981,3.062594891,5215,7084,0.22007393836975098
27.2482338,88.50018311,3.063064098,6488,7861,0.23144221305847168
27.25251389,88.7490921,3.061645985,7633,8467,0.2280745506286621
27.2460289,89.00007629,3.061423302,7290,8961,0.2199726104736328
27.24609756,89.24834442,3.062285423,7410,9656,0.22655105590820312
27.24875259,89.50086212,3.063483238,7977,10421,0.23015594482421875
27.25080872,89.75033569,3.060317516,8231,11135,0.2274467945098877
27.24994659,89.99977875,3.063258171,8437,11615,0.22602224349975586
27.50322342,86.02459717,3.061332703,3687,5960,0.22574639320373535
27.50261688,86.24499512,3.062371731,3863,5984,0.22767877578735352
27.50647736,86.49835968,3.061268806,3819,6099,0.22789263725280762
27.49751282,86.74705505,3.063463211,3981,6307,0.22836709022521973
27.50045776,86.99655914,3.060261726,4014,6238,0.22618603706359863
27.50193787,87.24755859,3.061893463,4083,6348,0.2280433177947998
27.50275803,87.49882507,3.060990334,4175,6626,0.23298239707946777
27.49983597,87.74940491,3.061047554,4278,6576,0.22666239738464355
27.49959183,88.00087738,3.062858105,4374,6643,0.2339925765991211
27.50168228,88.24654388,3.060443878,4670,6926,0.22826528549194336
27.49804688,88.49879456,3.063596249,5389,7391,0.22472596168518066
27.50117493,88.74934387,3.062525749,5827,8085,0.23543405532836914
27.4988327,88.99801636,3.060651779,6372,8409,0.22957921028137207
27.49812698,89.25206757,3.063137531,6890,8731,0.2270345687866211
27.49832916,89.49702454,3.061533928,7122,9265,0.22790193557739258
27.49715805,89.75362396,3.063801289,7701,9896,0.22223448753356934
27.49653244,90.00263214,3.062469959,7828,10526,0.22723698616027832
27.74619675,86.0165863,3.064181328,3749,6114,0.23148488998413086
27.75195694,86.24354553,3.0596385,3987,6120,0.22925066947937012
27.74640274,86.49781036,3.062582493,4036,6163,0.23037171363830566
27.75270081,86.74716187,3.060903072,4065,6386,0.22140836715698242
27.75215149,86.99612427,3.062811375,4045,6469,0.22720003128051758
27.75019073,87.24850464,3.062358856,4165,6671,0.22722816467285156
27.75043106,87.50146484,3.062839508,4272,6790,0.22386980056762695
27.74854279,87.75084686,3.063913345,4184,6661,0.2259368896484375
27.75281143,87.99873352,3.061157703,4191,6785,0.22343039512634277
27.75082779,88.25061798,3.061962605,4498,7033,0.2246699333190918
27.74523926,88.50062561,3.063883305,4754,7027,0.22536611557006836
27.75101471,88.74832916,3.060647488,4953,7090,0.22046661376953125
27.75454712,88.99944305,3.061165333,5197,7653,0.22352981567382812
27.75218582,89.24959564,3.06303978,5681,8384,0.2264089584350586
27.75000381,89.49767303,3.062539101,6641,8743,0.22954583168029785
27.7509346,89.7506485,3.06230545,6880,8856,0.22056269645690918
27.74860382,89.99990845,3.064364433,7293,9408,0.22263574600219727
27.99816513,86.03352356,3.064031601,4052,6299,0.22661590576171875
28.00279999,86.24440002,3.058767319,3931,6271,0.21988463401794434
28.00440216,86.49352264,3.06090498,4337,6559,0.22157597541809082
28.00005341,86.7461319,3.063820839,4286,6858,0.22847723960876465
28.0037384,86.99604034,3.060187817,4507,6912,0.2307872772216797
27.99788284,87.24995422,3.064020157,4416,7105,0.22009587287902832
28.00733185,87.49541473,3.059336662,4345,7067,0.23627161979675293
27.99930954,87.74911499,3.063126087,4273,7087,0.22779512405395508
28.00125122,87.99819183,3.062420845,4290,6745,0.22821331024169922
27.99845505,88.24904633,3.062960625,4354,6899,0.22838926315307617
28.00307846,88.50111389,3.064845562,4473,7098,0.23078441619873047
28.00350952,88.74867249,3.061079979,4642,7206,0.22762179374694824
27.99768448,88.99909973,3.06490469,4731,7421,0.22525835037231445
28.00452805,89.24784088,3.059401512,4846,7498,0.22896909713745117
27.99829102,89.50036621,3.062746048,5359,8040,0.23286938667297363
28.00317383,89.74893951,3.062083244,6041,8881,0.2268228530883789
27.9957962,89.99963379,3.062028408,6762,8999,0.22681522369384766
28.25228882,86.02168274,3.060481071,4113,6316,0.22690987586975098
28.24750137,86.24829102,3.064071655,4404,6671,0.2290041446685791
28.25056076,86.4957428,3.061748981,4731,6959,0.22875022888183594
28.25002289,86.74918365,3.061919212,4991,7430,0.22897696495056152
28.24575043,87.00017548,3.063596725,5189,7984,0.2256622314453125
28.25191498,87.25032806,3.060143948,5026,8165,0.21993303298950195
28.24881744,87.49633789,3.060703278,4927,8029,0.21994423866271973
28.24865341,87.74660492,3.059875011,4665,7929,0.22261452674865723
28.25860596,87.99705505,3.060332298,4500,7357,0.22772455215454102
28.24852753,88.25427246,3.063158512,4441,7321,0.22985410690307617
28.25207901,88.50160217,3.062819004,4308,7240,0.22779345512390137
28.25177383,88.7504425,3.059045792,4411,7562,0.2286214828491211
28.24649811,89.00305939,3.063877106,4608,7265,0.23335981369018555
28.25372696,89.25036621,3.062434673,4618,7396,0.22478485107421875
28.24348068,89.50198364,3.063387871,4791,7443,0.22555041313171387
28.24967194,89.75019836,3.062957764,5090,7867,0.23404693603515625
28.24905777,90.0001297,3.06182766,5694,8617,0.22934222221374512
28.49760056,86.02470398,3.063900471,4353,6619,0.22960138320922852
28.50292969,86.24382019,3.060341835,4777,7139,0.22758984565734863
28.49669266,86.49598694,3.064349651,5247,7627,0.22772455215454102
28.50153351,86.74887085,3.058634281,6051,8795,0.22813057899475098
28.49568558,87.00010681,3.063112736,6768,9609,0.22328925132751465
28.49783325,87.24908447,3.061587811,6498,10258,0.22916126251220703
28.4943924,87.50183105,3.063079357,6323,10359,0.22926616668701172
28.503685,87.74928284,3.059803486,5617,9634,0.22446537017822266
28.49879074,88.00119019,3.063132763,4995,8699,0.23252487182617188
28.50361252,88.25075531,3.062293053,4567,8096,0.2300577163696289
28.50282669,88.49743652,3.060169697,4566,7786,0.2287132740020752
28.49861908,88.75177002,3.065350533,4586,7696,0.2260892391204834
28.50434113,88.99989319,3.05913496,4506,7527,0.23000836372375488
28.49640656,89.25074005,3.064499378,4537,7524,0.22455811500549316
28.50465775,89.49925232,3.061369419,4750,7686,0.23302149772644043
28.49953079,89.75167847,3.062450886,4756,7501,0.2271873950958252
28.5052681,89.99983215,3.061513424,5017,7552,0.22508835792541504
28.74881744,86.02727509,3.063169479,4789,6856,0.2200174331665039
28.74829865,86.24568939,3.063199997,5335,7635,0.22032666206359863
28.74930954,86.49719238,3.063850403,6618,8785,0.21971416473388672
28.75291824,86.7477417,3.059580803,7738,10219,0.23012614250183105
28.75188828,86.99758148,3.063439846,7325,10284,0.22785615921020508
28.75295258,87.25164795,3.061112881,6692,10265,0.22218537330627441
28.75256348,87.49612427,3.06083107,5852,9876,0.22305536270141602
28.74677658,87.7492981,3.063510895,6051,11110,0.22687745094299316
28.75003433,87.99628448,3.062413216,5888,10881,0.2268972396850586
28.75186157,88.25132751,3.062114239,5395,10174,0.2257544994354248
28.74658203,88.49880219,3.062355995,5073,9158,0.22711491584777832
28.75328064,88.74879456,3.060216904,4682,8366,0.22036337852478027
28.75075531,88.99938202,3.061696053,4713,8007,0.22994327545166016
28.75139236,89.24803925,3.06054306,4702,7908,0.22972345352172852
28.74671555,89.50050354,3.063776493,4667,7852,0.22005867958068848
28.7468338,89.75144958,3.063523293,4607,7779,0.21997952461242676
28.74925995,89.99919891,3.063921928,4683,7574,0.22071433067321777
28.99882889,86.03489685,3.062122822,5153,7309,0.2292771339416504
28.99868011,86.24906158,3.062927246,6342,8466,0.22325468063354492
28.99647141,86.49774933,3.064216137,7621,9966,0.22690677642822266
29.0015564,86.74641418,3.059967995,7457,9956,0.2228403091430664
29.00188446,86.99845123,3.064077854,6423,9837,0.2291245460510254
29.00043106,87.24604034,3.060504436,6260,9472,0.22013378143310547
29.00156784,87.49728394,3.059630871,6069,9425,0.22763323783874512
28.99657822,87.7514267,3.063336372,6010,9653,0.22054553031921387
28.99850845,87.99781799,3.061494827,6316,10403,0.23226571083068848
29.00244141,88.25022888,3.06186533,6219,11813,0.22721147537231445
28.99592209,88.50180054,3.061228275,6272,11995,0.22271418571472168
29.00276184,88.74867249,3.061047077,5400,11004,0.22989392280578613
28.9968605,88.99888611,3.063184261,5173,9541,0.2300090789794922
29.00177383,89.25049591,3.06182003,4944,8693,0.22767305374145508
28.9989624,89.50039673,3.06183672,4629,8191,0.22470355033874512
29.002491,89.75180817,3.062880993,4504,7916,0.2301013469696045
29.00315475,89.9990387,3.060410023,4611,7756,0.2302110195159912
29.24814987,86.02932739,3.06401968,5640,7642,0.22567415237426758
29.25483704,86.24615479,3.060575485,7628,9205,0.23186922073364258
29.24661636,86.49845886,3.061769485,7901,10266,0.22724366188049316
29.25522232,86.7480011,3.060166359,6863,9604,0.22092080116271973
29.24665833,86.99990845,3.064766884,6294,9758,0.23131465911865234
29.2532692,87.24710083,3.060004711,6428,9360,0.22821044921875
29.24899673,87.50001526,3.062816143,6257,9487,0.22971034049987793
29.25495911,87.74902344,3.059739113,6106,9611,0.22044157981872559
29.25008774,87.99869537,3.062051773,5833,9703,0.21970605850219727
29.25075531,88.2478714,3.061852455,5995,9929,0.22738194465637207
29.25279999,88.49868011,3.06078577,6633,11757,0.22322964668273926
29.25273132,88.74690247,3.060779095,6603,13215,0.22631216049194336
29.248703,89.00017548,3.06303215,6280,12890,0.22866153717041016
29.25270844,89.24823761,3.061833858,5686,10967,0.22503328323364258
29.25036621,89.50019836,3.061889172,5074,9912,0.21936416625976562
29.25319672,89.75012207,3.063178539,4958,9067,0.2279057502746582
29.25163651,90.00036621,3.061118603,4527,8217,0.2248704433441162
29.50307083,86.03446198,3.061771393,6649,8201,0.2268517017364502
29.49578857,86.24693298,3.063803196,8160,10091,0.22502636909484863
29.49943542,86.49815369,3.061873913,7338,9678,0.2260587215423584
29.49737549,86.74746704,3.064267159,7373,10204,0.22125816345214844
29.49148941,86.9966507,3.063177109,7037,10037,0.2279050350189209
29.50396729,87.24629974,3.060455799,6613,9609,0.22537946701049805
29.49490738,87.50189209,3.063480854,6117,9254,0.22660136222839355
29.50371933,87.74943542,3.060643196,6153,9160,0.22255778312683105
29.49980164,88.00031281,3.063834667,5968,9633,0.2301328182220459
29.50019836,88.24869537,3.06167078,6129,10328,0.22525334358215332
29.50401306,88.49862671,3.059663773,6268,10338,0.22245407104492188
29.50177383,88.74889374,3.064255238,6461,11284,0.23050713539123535
29.50309372,89.00306702,3.060890198,7261,13880,0.22925257682800293
29.50306702,89.25059509,3.059925556,7157,14102,0.2277219295501709
29.50270462,89.50024414,3.061964512,6479,13334,0.22330284118652344
29.49723816,89.75057983,3.062715054,5654,10956,0.22869181632995605
29.50114441,90.00106812,3.061495781,5048,9450,0.2283179759979248
29.74680901,86.02964783,3.063682556,7690,9217,0.22835636138916016
29.7511425,86.2456665,3.06070137,7867,9699,0.222517728805542
29.7508812,86.49694824,3.061292648,7111,9432,0.22921252250671387
29.75151253,86.74571228,3.059762955,7598,10334,0.22501468658447266
29.75017548,86.99933624,3.062655449,7049,9971,0.22471141815185547
29.7491684,87.24917603,3.063150883,6414,9386,0.22523045539855957
29.75422859,87.49956512,3.060956001,6652,9846,0.22474074363708496
29.75364494,87.74768829,3.06238842,6466,9916,0.2206277847290039
29.7470932,88.00088501,3.062049389,6769,10659,0.22852706909179688
29.75450897,88.25032043,3.059715271,6988,10918,0.22470808029174805
29.7455883,88.49954987,3.064231873,6945,11003,0.22798609733581543
29.75072479,88.75068665,3.061131954,6673,11222,0.22873997688293457
29.74807549,89.00144958,3.064470291,6672,11222,0.22949695587158203
29.75294304,89.24850464,3.058920383,6897,12941,0.22072887420654297
29.7530098,89.49865723,3.060367107,7810,15400,0.22932672500610352
29.75103569,89.75154114,3.062089443,7397,15256,0.22971296310424805
29.7521801,90.00006866,3.064072609,6375,13055,0.2238306999206543
30.00031281,86.02432251,3.061010838,7056,9327,0.22844958305358887
30.00297928,86.24655151,3.063890457,6841,9402,0.22798371315002441
29.99656677,86.49754333,3.06258297,8339,10645,0.22806334495544434
30.00356865,86.74863434,3.062652111,7436,10059,0.22785592079162598
30.00080299,86.99905396,3.059813499,7049,9847,0.22432851791381836
30.00203896,87.24732208,3.060870647,6998,10093,0.22005152702331543
30.00230789,87.4970932,3.060582161,7385,10842,0.2296137809753418
29.99730682,87.75196838,3.062039375,7015,10738,0.2251567840576172
29.99964142,88.001091,3.062777996,7160,11218,0.22471117973327637
29.998909,88.24721527,3.063989162,7419,11409,0.22149205207824707
29.99929619,88.49929047,3.064988136,7552,11343,0.2261641025543213
30.00427055,88.74568939,3.061083794,7202,11048,0.22292208671569824
30.00263405,88.99850464,3.060423851,6592,11013,0.22181296348571777
30.00152397,89.25125885,3.063272953,6535,11136,0.22760915756225586
30.0033741,89.49738312,3.060595036,6794,11802,0.2210679054260254
30.00232887,89.74520874,3.058674335,7825,14520,0.22891712188720703
29.99627495,90.00139618,3.063453674,8217,15524,0.22235894203186035
30.25032806,86.03434753,3.061944962,6477,8961,0.22774720191955566
30.25483894,86.2460022,3.062153816,7241,9921,0.22032880783081055
30.24981308,86.4969101,3.062356472,8025,10452,0.22977066040039062
30.25605774,86.74774933,3.059729576,7686,10196,0.22054386138916016
30.25385475,86.99629974,3.060781479,7166,9767,0.22467565536499023
30.24848366,87.25042725,3.062703133,7374,10050,0.22530794143676758
30.25539398,87.49744415,3.059898376,7447,10638,0.2315511703491211
30.24963951,87.75180054,3.062310696,7454,11097,0.22780132293701172
30.25382614,87.99859619,3.060277462,7359,11393,0.225661039352417
30.2473011,88.24760437,3.062971115,7203,11183,0.23229694366455078
30.25311852,88.49727631,3.062893867,7363,11104,0.2291276454925537
30.25354195,88.75009155,3.060472488,7636,11281,0.22598838806152344
30.24821472,89.00349426,3.06303978,7526,11284,0.22807979583740234
30.25317574,89.24770355,3.060656548,7511,11293,0.2308042049407959
30.25268555,89.5014267,3.060805321,7178,12154,0.2279956340789795
30.25181389,89.74841309,3.059288502,7151,11950,0.22649002075195312
30.24741936,90.0009079,3.063148022,7515,12500,0.225569486618042
30.49666214,86.02502441,3.06128931,6238,8700,0.22804927825927734
30.5010376,86.24703979,3.063330173,7066,9822,0.22011876106262207
30.4984951,86.49798584,3.064412117,6842,9598,0.2266852855682373
30.50317192,86.74710846,3.059646606,7040,9703,0.2253572940826416
30.50241661,86.99734497,3.061553001,7255,9916,0.22167038917541504
30.49596786,87.2483902,3.06482172,7463,10336,0.22608351707458496
30.50136185,87.49813843,3.059643269,7178,10044,0.22718548774719238
30.49845123,87.74978638,3.06270504,7172,10645,0.22506999969482422
30.50243378,87.99662018,3.060544491,7361,11014,0.24304795265197754
30.49843216,88.25105286,3.063747883,7195,10930,0.23205018043518066
30.50027466,88.49629974,3.060397148,7529,11535,0.22491168975830078
30.5002346,88.75090027,3.061039448,7993,11914,0.22838592529296875
30.50083733,88.99903107,3.060274601,7968,12343,0.22945165634155273
30.49734497,89.25136566,3.063044071,8598,12942,0.22054719924926758
30.5026722,89.50019836,3.059862614,8539,12483,0.23469185829162598
30.49627686,89.75199127,3.064019203,7986,12854,0.22714924812316895
30.50397301,90.00006104,3.060269833,7435,12577,0.2276017665863037
30.74882317,86.03030396,3.064255714,6460,8512,0.22769427299499512
30.7542038,86.24588013,3.060182571,7806,9513,0.22697234153747559
30.74820709,86.49751282,3.063162327,7193,9283,0.2277388572692871
30.75205231,86.74593353,3.059551716,7246,9879,0.2293710708618164
30.74533081,86.9994278,3.063996792,7470,10042,0.22841644287109375
30.75473213,87.24674225,3.059117794,7485,10206,0.22044062614440918
30.7527523,87.49804687,3.063336372,7285,10163,0.22952628135681152
30.7511425,87.7480011,3.061423302,7653,10385,0.22997522354125977
30.74684525,88.00161743,3.063617706,7444,10982,0.22516632080078125
30.75373077,88.24891663,3.059497833,7416,10890,0.2256331443786621
30.74675369,88.50108337,3.063837051,8013,11592,0.22914624214172363
30.75085258,88.75223541,3.062160015,8575,12615,0.2209615707397461
30.75399399,88.99622345,3.060124874,8739,13182,0.22372746467590332
30.74728584,89.2492981,3.063126564,8854,13415,0.22574234008789062
30.7512455,89.5007019,3.059625626,8801,13666,0.22955560684204102
30.75221062,89.75052643,3.062318802,8801,13372,0.22053194046020508
30.75060272,90.00032043,3.063029289,8149,12454,0.22388696670532227
30.99996948,86.02572632,3.061523438,5677,7822,0.22658276557922363
30.99972153,86.24568176,3.061891079,6591,8736,0.22916817665100098
30.99921036,86.49633789,3.062571049,7303,9001,0.2203836441040039
31.00317574,86.75006866,3.06014061,7048,9325,0.2317807674407959
30.99726105,87.00039673,3.062649727,7482,9513,0.22843194007873535
31.00123978,87.24990082,3.061879158,7280,9416,0.2293548583984375
30.99396133,87.50100708,3.063235283,7202,9633,0.22531700134277344
31.00222778,87.74749756,3.060387611,6996,9770,0.22708845138549805
30.99489975,87.99960327,3.06466341,7070,10548,0.2290024757385254
31.00269508,88.24932861,3.060288906,7336,10752,0.22897768020629883
31.00060463,88.50228882,3.061673641,8109,11631,0.2303149700164795
31.00021935,88.75059509,3.064455032,8625,12703,0.2302570343017578
31.00185585,89.00105286,3.060577393,8982,13092,0.2318286895751953
31.00084686,89.24953461,3.061294556,8988,13722,0.22800922393798828
30.99559021,89.5027771,3.063905716,9210,14049,0.23003435134887695
31.00369072,89.7502594,3.061488152,8791,14167,0.22504377365112305
30.99602509,90.00001526,3.064176559,8906,13702,0.22878313064575195
