23.00263977,82.99948883,5.649563313,3596,5656,0.2270951271057129
22.99712753,83.50629425,5.650847435,3699,5634,0.2270948886871338
22.99580002,84.01134491,5.649354458,3681,5765,0.22717976570129395
23.00193405,84.51413727,5.65025568,3808,5718,0.22576642036437988
23.00011826,85.01257324,5.649206638,3810,5777,0.22655725479125977
22.99802017,85.51289368,5.648258209,3957,5711,0.22786736488342285
22.99778748,86.01368713,5.650073528,3948,5656,0.22749972343444824
23.00337982,86.51469421,5.650240421,4001,5842,0.22689437866210938
23.00282288,87.01720428,5.650218964,3968,5850,0.2283484935760498
23.00015259,87.51340485,5.649614334,3991,5899,0.22685909271240234
22.99737167,88.01467896,5.650496006,3898,5916,0.2265470027923584
23.0009079,88.5134201,5.650246143,4040,5893,0.22702503204345703
22.99941635,89.01541138,5.651186943,3856,5965,0.22713351249694824
22.99777222,89.51670074,5.649436951,3863,6013,0.22681498527526855
22.99678802,90.01774597,5.651198387,3847,5891,0.22731852531433105
23.00040436,90.51672363,5.649560928,3831,5922,0.22644853591918945
22.99962616,91.01879883,5.650226593,3806,6005,0.22728705406188965
22.9945488,91.52016449,5.650595665,3701,5821,0.22750520706176758
22.9968071,92.02024078,5.649241924,3677,5831,0.22747802734375
23.00090408,92.52151489,5.649529457,3668,5888,0.22691798210144043
23.00099564,93.02174377,5.650556564,3786,5736,0.22646832466125488
22.99709702,93.52340698,5.650759697,3663,5853,0.22668933868408203
22.99620056,94.025383,5.650156975,3778,5936,0.22690582275390625
23.00016403,94.5267334,5.650513172,3671,5817,0.22857332229614258
23.00214767,95.02388763,5.649492741,3799,5926,0.22727060317993164
23.00207901,95.52616882,5.64908886,3776,5721,0.22758030891418457
22.99765396,96.02568817,5.649413586,3704,5768,0.22665905952453613
22.99635696,96.52429199,5.650310516,3652,5907,0.22803187370300293
23.00093842,97.02485657,5.650847435,3704,5886,0.22642207145690918
23.00146866,97.52215576,5.64892292,3600,5757,0.22764897346496582
23.00112915,98.0219574,5.649497986,3647,5856,0.22718167304992676
22.99941635,98.527771,5.65031147,3605,5737,0.22765421867370605
23.00112152,99.02494812,5.650157928,3645,5714,0.22761940956115723
22.99850464,99.52726746,5.650806427,3621,5735,0.22683429718017578
22.99987411,100.0246735,5.649374485,3549,5805,0.2286994457244873
23.49876785,82.97234344,5.650677204,3850,5883,0.22765874862670898
23.50150299,83.492836,5.649041176,3825,5869,0.2266523838043213
23.4983139,83.99821472,5.650723457,3825,5875,0.22743535041809082
23.49935913,84.50035858,5.650277138,3708,5764,0.22764158248901367
23.49950027,84.99776459,5.650814056,3779,5822,0.22652387619018555
23.50100327,85.49912262,5.648402691,4071,5787,0.2268521785736084
23.4972496,85.99926758,5.649823189,4140,5774,0.2277519702911377
23.49943542,86.50061798,5.648694038,4080,5761,0.22684550285339355
23.50045395,87.00180054,5.650918961,4008,5770,0.22626996040344238
23.50074005,87.50062561,5.650733948,4072,5898,0.22748589515686035
23.49797058,88.00286865,5.650520802,3867,5781,0.2386322021484375
23.49777603,88.50395203,5.649746895,3840,5943,0.22671723365783691
23.49892044,89.0059433,5.64961195,3897,6015,0.22687411308288574
23.50019073,89.50654602,5.650362015,3794,5879,0.2268831729888916
23.50310516,90.00489807,5.649371624,3775,5897,0.22713017463684082
23.5010376,90.50492859,5.648884773,3813,5758,0.22687864303588867
23.49744415,91.0079422,5.649808884,3709,5623,0.22712421417236328
23.49966431,91.50909424,5.652096272,3712,5643,0.2286665439605713
23.50187302,92.00982666,5.649983406,3704,5695,0.22683334350585938
23.50197983,92.50814819,5.650236607,3566,5731,0.22614312171936035
23.49875641,93.00938416,5.650224686,3663,5656,0.22780299186706543
23.49991989,93.50680542,5.651012421,3573,5570,0.22774291038513184
23.49862289,94.01080322,5.649199486,3719,5717,0.22724413871765137
23.50039291,94.50930786,5.649839401,3589,5659,0.22662091255187988
23.49834824,95.010849,5.650169373,3554,5734,0.22695374488830566
23.50033569,95.51028442,5.650229454,3576,5709,0.2268974781036377
23.4982872,96.01123047,5.650222301,3470,5519,0.22681784629821777
23.49906158,96.5091095,5.648812294,3547,5492,0.22627735137939453
23.50029755,97.01045227,5.650391579,3581,5623,0.22735023498535156
23.50344467,97.51319885,5.64986515,3363,5553,0.22662115097045898
23.49929428,98.01264954,5.649647713,3570,5670,0.22764849662780762
23.49777222,98.51454163,5.649866104,3496,5601,0.2269573211669922
23.49797058,99.015625,5.651046753,3485,5667,0.2277977466583252
23.5003891,99.51748657,5.650363922,3532,5542,0.22678184509277344
23.49967575,100.0178528,5.6495924,3602,5619,0.2272794246673584
23.99988937,82.97447205,5.649951935,3701,5770,0.22729063034057617
23.99850464,83.4944458,5.649833679,3634,5733,0.22796177864074707
24.00042343,83.99691772,5.651208878,3824,5696,0.22797799110412598
24.00206375,84.4977951,5.649435997,3971,5710,0.22795605659484863
24.0021553,84.99903107,5.65037632,3873,5541,0.22747492790222168
23.99876785,85.50212097,5.648420334,3994,5873,0.2280750274658203
23.99786377,86.00319672,5.651334286,4069,5862,0.2276287078857422
23.99998474,86.50090027,5.650724888,4223,5931,0.2275102138519287
23.99965286,87.00268555,5.649747849,4215,6070,0.22608327865600586
24.0005455,87.50427246,5.649746895,4108,6132,0.2273106575012207
23.99943542,88.00346375,5.650420189,4053,6141,0.22710561752319336
23.99925613,88.5049057,5.649961472,4193,6196,0.22673320770263672
24.00075912,89.00487518,5.650195122,4294,6194,0.22827458381652832
24.00210571,89.50154114,5.649791241,4126,6144,0.22682571411132812
24.00372696,90.00547028,5.651067257,3958,6089,0.22842669486999512
24.00318909,90.50683594,5.64956665,3772,5996,0.22741293907165527
23.99967957,91.00608826,5.65047884,3804,5961,0.22744989395141602
23.99953842,91.50737762,5.650121689,3770,5912,0.22752881050109863
23.99832153,92.00712585,5.650832653,3636,6003,0.22638154029846191
24.00291443,92.51102448,5.649492264,3764,5876,0.22739434242248535
23.99882507,93.00802612,5.650422096,3617,5810,0.22740578651428223
23.99964523,93.5066452,5.650051117,3619,5795,0.22670602798461914
23.99923325,94.0091629,5.649690628,3638,5687,0.2264256477355957
24.0017128,94.50862885,5.649950981,3712,5667,0.22731995582580566
23.99918365,95.00971985,5.649422646,3533,5769,0.2264268398284912
24.00003052,95.5098877,5.649406433,3764,5679,0.2281482219696045
24.00032806,96.01194763,5.65058136,3547,5693,0.2272968292236328
24.00454712,96.51126862,5.650158405,3588,5797,0.22866225242614746
24.00184631,97.01268768,5.649947166,3617,5766,0.22690629959106445
23.998909,97.51187134,5.64988184,3581,5756,0.22774410247802734
23.99756241,98.01344299,5.650229454,3560,5610,0.2265791893005371
24.00093842,98.51280212,5.650115013,3554,5628,0.22723817825317383
24.00024033,99.01092529,5.649747849,3614,5686,0.22729015350341797
23.99677277,99.51316833,5.650135994,3571,5584,0.22749018669128418
23.99723816,100.0152283,5.65182972,3451,5559,0.22814083099365234
24.50198746,82.97995758,5.650783062,3837,5812,0.22631621360778809
24.50099945,83.49265289,5.650123596,3849,5689,0.2270340919494629
24.49809647,83.99272156,5.6495924,3863,5659,0.22714924812316895
24.49879837,84.49796295,5.650138855,3905,5675,0.2277388572692871
24.49990082,85.00063324,5.649615288,4043,5742,0.22715258598327637
24.50327301,85.50128174,5.648485184,4143,5752,0.22619342803955078
24.50041199,85.99915314,5.650938034,4150,5723,0.22785091400146484
24.50200653,86.50042725,5.649989128,4320,5986,0.22715234756469727
24.50102615,87.00335693,5.649514198,4309,6238,0.23054218292236328
24.50079346,87.50038147,5.651348114,4444,6403,0.22761917114257812
24.49695206,88.00398254,5.650192261,4389,6284,0.22756361961364746
24.49810791,88.50619507,5.65033102,4401,6283,0.22672104835510254
24.50221634,89.00553894,5.650213718,4324,6316,0.22707414627075195
24.50127029,89.50393677,5.64971447,4121,6150,0.22668766975402832
24.49960709,90.0040741,5.649652481,4086,6185,0.2275247573852539
24.50149918,90.5029068,5.650615692,4066,6006,0.22774410247802734
24.49924088,91.00559998,5.6509552,3977,5961,0.2266223430633545
24.50141144,91.50804138,5.649908066,3801,5881,0.2261674404144287
24.49718094,92.00839996,5.650733471,3644,5984,0.22608041763305664
24.50009918,92.51082611,5.651124001,3746,5962,0.22806620597839355
24.50158691,93.00865173,5.650407791,3712,5830,0.22764015197753906
24.50093079,93.50867462,5.65073967,3650,5790,0.2272648811340332
24.50043869,94.00828552,5.649180412,3474,5723,0.2282261848449707
24.50144196,94.50659943,5.649886131,3574,5735,0.22666597366333008
24.50200272,95.00949097,5.649788857,3622,5577,0.22755861282348633
24.49979401,95.50762177,5.650302887,3562,5574,0.22671794891357422
24.49747849,96.00733948,5.650513649,3506,5642,0.22739720344543457
24.49898529,96.51080322,5.649186134,3510,5489,0.22774195671081543
24.50024796,97.01234436,5.650352955,3485,5535,0.22698092460632324
24.49853134,97.51097107,5.64879179,3441,5601,0.2268369197845459
24.49839401,98.01199341,5.649781227,3440,5403,0.22785353660583496
24.49919128,98.5114212,5.649931908,3410,5627,0.22715520858764648
24.50257874,99.01092529,5.649746895,3540,5449,0.2273547649383545
24.50066376,99.51109314,5.649942398,3541,5545,0.22675752639770508
24.49745178,100.0128326,5.649992943,3432,5485,0.22793292999267578
24.99617004,82.9815979,5.650317192,3687,5621,0.22704863548278809
25.00186157,83.49098969,5.648836613,3632,5463,0.22547411918640137
24.99757767,83.99937439,5.649541855,3721,5477,0.2263779640197754
24.99930954,84.49781799,5.650936127,3874,5352,0.22757673263549805
24.9972229,84.99951172,5.650723934,4119,5642,0.22644996643066406
25.00175095,85.49833679,5.649279594,4324,5807,0.22739672660827637
24.99906158,86.0021286,5.650160313,4425,5755,0.22794866561889648
24.99765396,86.50089264,5.650612831,4435,5945,0.22882747650146484
24.99749374,87.00445557,5.650892258,4593,6263,0.2274332046508789
24.99943542,87.50298309,5.650167465,4589,6729,0.22866296768188477
25.00227737,88.0022049,5.649995327,4778,6806,0.22652697563171387
25.0009613,88.50193787,5.650457382,4692,6815,0.2272188663482666
24.99845123,89.00778198,5.650639534,4601,6555,0.22744131088256836
24.99834824,89.50538635,5.650222301,4389,6335,0.22639870643615723
24.99914169,90.00468445,5.651054382,4299,6348,0.2271437644958496
25.00103378,90.50318146,5.649973869,4048,6250,0.22670793533325195
24.99725342,91.00772858,5.650987625,3959,6116,0.228041410446167
25.00129318,91.50672913,5.650414944,3894,6071,0.22673821449279785
25.00150681,92.00558472,5.650357246,3810,5944,0.22675108909606934
24.99995804,92.50863647,5.649683952,3764,6030,0.22795581817626953
24.99942398,93.00852966,5.649273872,3741,5816,0.22715234756469727
25.00265884,93.50808716,5.650586128,3736,5931,0.22736358642578125
25.00173569,94.00996399,5.650722027,3682,5859,0.2264721393585205
24.99776459,94.50971985,5.650429726,3651,5919,0.22670745849609375
25.00100708,95.01022339,5.649312019,3795,5768,0.22713446617126465
25.00232697,95.51046753,5.649855614,3774,5783,0.22675061225891113
24.99847794,96.00958252,5.650081635,3617,5718,0.22756576538085938
24.99678421,96.51015472,5.648646355,3690,5734,0.22771358489990234
25.0014267,97.0091629,5.650168419,3568,5759,0.2279801368713379
25.00297928,97.50718689,5.649795532,3568,5701,0.2270646095275879
25.00231171,98.01038361,5.648524284,3574,5598,0.22723793983459473
24.99530411,98.51109314,5.64925909,3592,5719,0.2267923355102539
24.99850082,99.01136017,5.650472641,3585,5610,0.22757887840270996
25.00115204,99.51075745,5.650253296,3635,5707,0.2269740104675293
25.00216293,100.0127411,5.650393009,3560,5668,0.227830171585083
25.50117874,82.98318481,5.650353432,3882,5852,0.22625017166137695
25.49953461,83.49265289,5.650631428,3906,5819,0.22610926628112793
25.50210953,83.99715424,5.650307655,4017,5730,0.22917652130126953
25.5019989,84.49692535,5.650918007,4413,5872,0.22684454917907715
25.49848175,84.99790955,5.650496483,4599,5935,0.22745680809020996
25.49821091,85.49874878,5.648198128,4838,5882,0.22726106643676758
25.50030136,86.00032806,5.65019989,4735,6200,0.22747111320495605
25.50375748,86.50086212,5.649898052,4668,6279,0.2278456687927246
25.50189209,87.00049591,5.650967121,4591,6526,0.2266557216644287
25.49978256,87.50217438,5.650135994,5074,7079,0.22648930549621582
25.50330353,88.00325012,5.649996758,5089,7659,0.22665810585021973
25.5008812,88.5049057,5.65099144,5187,7763,0.2279059886932373
25.49585342,89.00669098,5.649610519,4969,7501,0.2285747528076172
25.49780273,89.50569153,5.649600029,4769,6928,0.22637391090393066
25.50215149,90.0051651,5.650140285,4501,6758,0.22799324989318848
25.5016098,90.50395203,5.649390221,4450,6603,0.22684001922607422
25.49910736,91.00352478,5.64944458,4225,6419,0.22686266899108887
25.50048065,91.50608063,5.65028429,4144,6244,0.22766900062561035
25.50121307,92.00780487,5.650130272,3977,6131,0.22773456573486328
25.49833298,92.50605774,5.649490356,4048,6024,0.2271723747253418
25.50027847,93.00776672,5.648927212,3950,6039,0.22622084617614746
25.5005722,93.50887299,5.649782181,3809,5989,0.22649335861206055
25.50091934,94.00801086,5.650359154,3634,6009,0.2281324863433838
25.49961853,94.50910187,5.650499344,3715,5880,0.2261664867401123
25.49884796,95.01042938,5.649924755,3524,5897,0.22639179229736328
25.50033569,95.51071167,5.650452137,3686,5839,0.2274303436279297
25.5038414,96.01189423,5.649918079,3619,5794,0.22732043266296387
25.50024033,96.50875854,5.650196552,3632,5900,0.227766752243042
25.49918747,97.00665283,5.650230408,3650,5888,0.2275846004486084
25.49795914,97.50964355,5.650174141,3608,5796,0.22820186614990234
25.5023613,98.00816345,5.649695396,3539,5713,0.22852587699890137
25.50055313,98.5085907,5.650141716,3567,5752,0.2269153594970703
25.49915314,99.00991058,5.650013924,3573,5678,0.22690701484680176
25.49914551,99.5105896,5.650419235,3791,5581,0.22786188125610352
25.50064087,100.0118713,5.650583267,3579,5721,0.2266712188720703
26.00213242,82.98416138,5.651293278,3903,5867,0.2263479232788086
25.99816895,83.49511719,5.650009155,3948,5773,0.22769880294799805
25.99940872,83.99636841,5.650344849,4319,5941,0.22623991966247559
26.00105667,84.49609375,5.651121616,4440,5944,0.22614407539367676
26.00095367,84.99954224,5.650327682,4785,5990,0.22719502449035645
25.9982605,85.5009079,5.650765419,5049,5996,0.22731614112854004
26.00084686,86.00135803,5.650902748,5004,6094,0.2276160717010498
26.00381088,86.49907684,5.649958611,5027,6337,0.22821807861328125
26.00145721,87.00027466,5.649533272,4938,6421,0.22793245315551758
25.99720001,87.50442505,5.649905205,4749,6669,0.22774434089660645
25.99814224,88.00312042,5.649882793,4917,7117,0.2267460823059082
26.00260925,88.50226593,5.65052557,5162,7542,0.2271721363067627
26.00368118,89.00248718,5.650029182,5379,7807,0.22711896896362305
25.99775314,89.5065918,5.650309086,5185,7521,0.22724246978759766
25.99704742,90.00483704,5.649748802,4996,7360,0.2265172004699707
26.00118256,90.5045166,5.65059948,4759,6897,0.22760224342346191
26.00281143,91.00478363,5.649078846,4485,6585,0.22694730758666992
25.99968338,91.50520325,5.65057373,4193,6328,0.22760701179504395
25.99704742,92.00897217,5.649760246,4155,6209,0.22762036323547363
25.99791718,92.50615692,5.649466515,3983,5987,0.2268991470336914
25.99969482,93.00918579,5.649276733,3891,6004,0.22717499732971191
25.99894333,93.50881195,5.649981499,3871,5827,0.2268202304840088
26.00128174,94.00952148,5.650760651,3724,5882,0.2271261215209961
26.00031281,94.50689697,5.650308609,3568,5835,0.22631359100341797
25.99952698,95.00870514,5.65126133,3553,5714,0.2265932559967041
25.99894714,95.50985718,5.650632858,3537,5650,0.2277538776397705
26.00062943,96.01010132,5.649890423,3464,5738,0.22750210762023926
25.99910355,96.51198578,5.649337769,3525,5659,0.22779464721679688
25.99798965,97.01120758,5.650006294,3471,5596,0.22787213325500488
25.99742126,97.51072693,5.650052547,3470,5692,0.22764325141906738
25.99975586,98.01011658,5.650913239,3601,5462,0.2271745204925537
26.00295639,98.50906372,5.649755955,3449,5702,0.22835803031921387
26.00063705,99.01083374,5.648716927,3589,5500,0.22747278213500977
25.9997139,99.50909424,5.651028633,3625,5518,0.22686290740966797
26.00014114,100.0138245,5.650056839,3429,5550,0.22687077522277832
26.50394058,82.98483276,5.649499893,3852,5667,0.22684502601623535
26.50095749,83.49311066,5.64987278,3939,5654,0.22729015350341797
26.49888229,83.99633789,5.649026871,4442,5804,0.22728753089904785
26.50007629,84.49945068,5.650980473,4576,5946,0.22771024703979492
26.49975204,84.99940491,5.649552822,4547,5894,0.2268991470336914
26.4977951,85.50024414,5.650499821,4921,5976,0.22675871849060059
26.49929428,86.00203705,5.650475502,5090,6198,0.22723388671875
26.50233078,86.50121307,5.651392937,5081,6269,0.22716045379638672
26.50317001,87.00328064,5.649805069,5081,6531,0.22780251502990723
26.49819565,87.50328827,5.648840904,5040,6679,0.22789716720581055
26.49648285,88.00315094,5.650417328,5082,6878,0.2277202606201172
26.50061035,88.50318909,5.649995804,4989,7245,0.2261061668395996
26.5036087,89.00341034,5.649493217,5164,7301,0.2274608612060547
26.50083542,89.50530243,5.650066376,5382,7529,0.2275528907775879
26.49768448,90.00441742,5.64886713,5345,8008,0.22710394859313965
26.50106049,90.50570679,5.650205135,5053,7345,0.22718024253845215
26.50392532,91.00611877,5.649798393,4920,7141,0.22632527351379395
26.49932861,91.5070343,5.649978638,4562,6602,0.22813129425048828
26.49948883,92.00717163,5.650062084,4345,6484,0.22653722763061523
26.50313568,92.5067215,5.649960995,4316,6357,0.22588205337524414
26.50040817,93.0080719,5.650201321,4098,6207,0.22766804695129395
26.49928665,93.50754547,5.649336815,3926,6068,0.2272171974182129
26.4987793,94.00725555,5.650691509,3900,5986,0.22700715065002441
26.50047302,94.50899506,5.650184631,3851,5999,0.22651886940002441
26.49933624,95.01150513,5.649546623,3739,5892,0.22782278060913086
26.49964142,95.50820923,5.650475025,3687,5841,0.22658348083496094
26.49960327,96.00834656,5.650440216,3658,5800,0.22594714164733887
26.50354004,96.50888062,5.64940834,3574,5793,0.22768425941467285
26.50123215,97.00956726,5.650335312,3598,5609,0.2272202968597412
26.49581909,97.51098633,5.649825096,3467,5654,0.22610712051391602
26.49835968,98.01029968,5.651136398,3518,5609,0.22670745849609375
26.50073242,98.51156616,5.649602413,3518,5522,0.2269303798675537
26.50148392,99.00846863,5.650209427,3475,5631,0.2264423370361328
26.4960022,99.51281738,5.651062012,3477,5614,0.22536635398864746
26.49716187,100.0121002,5.650222778,3468,5561,0.22681117057800293
27.0033226,82.98625183,5.651176929,3992,5580,0.22678542137145996
27.00165176,83.49182892,5.650071144,4251,5821,0.22733354568481445
26.99797058,83.99614716,5.650019169,4423,5811,0.22729063034057617
26.99981689,84.49733734,5.650584221,4609,5912,0.2269268035888672
27.00224686,84.99836731,5.649600983,4721,6039,0.22745776176452637
27.00028992,85.49718475,5.649768353,5166,6240,0.22687125205993652
26.99978256,85.99702454,5.649718285,5598,6402,0.22659635543823242
27.00183105,86.50179291,5.649990082,5994,6749,0.22806692123413086
27.00311279,87.00123596,5.650213242,5762,6831,0.22658157348632812
26.99916077,87.50422668,5.650963783,5619,7055,0.22826790809631348
27.00020599,88.00097656,5.651069641,5568,7375,0.22626614570617676
27.00046921,88.50402832,5.650110722,5548,7331,0.22736001014709473
26.99962997,89.00652313,5.650587559,5541,7440,0.2265002727508545
26.99701309,89.50502777,5.650097847,5558,7348,0.22751474380493164
26.99965286,90.00538635,5.650215626,5429,7611,0.22653794288635254
27.00145721,90.50600433,5.65026474,5465,7858,0.22667789459228516
27.00147247,91.00670624,5.649196625,5493,7986,0.2271440029144287
26.99897766,91.50714111,5.650562763,5238,7565,0.22662615776062012
26.99830627,92.0083847,5.649475574,4846,7094,0.2268984317779541
27.0010376,92.50700378,5.64949131,4618,7053,0.22691106796264648
27.00012207,93.01013184,5.650702953,4572,6772,0.22772693634033203
26.99925613,93.50774384,5.649205208,4248,6437,0.2268824577331543
26.99919128,94.00888824,5.649657249,4178,6356,0.22681164741516113
27.00072479,94.50848389,5.650530815,4026,6238,0.22602558135986328
27.00056458,95.00959778,5.649490833,3944,6242,0.22670984268188477
27.00062943,95.51098633,5.649662971,4025,5999,0.22796154022216797
27.00035858,96.01027679,5.650597572,3734,5982,0.22731304168701172
27.00016403,96.50871277,5.650844574,3708,5952,0.22815799713134766
26.99996948,97.00875092,5.649882317,3579,5726,0.22589564323425293
27.00130081,97.51046753,5.649152756,3506,5757,0.22666716575622559
27.00026703,98.00973511,5.651107788,3675,5712,0.22743606567382812
26.99983978,98.50789642,5.649672508,3541,5683,0.22685551643371582
26.99845886,99.00928497,5.649711609,3538,5586,0.2271735668182373
27.00105286,99.51008606,5.651334763,3532,5716,0.22668910026550293
26.99918365,100.0114746,5.649598122,3545,5720,0.22607207298278809
27.50115204,82.98832703,5.650996685,4055,5630,0.22674226760864258
27.49912643,83.49184418,5.649760246,4299,5818,0.22739744186401367
27.50059509,83.99546051,5.649975777,4511,5836,0.23591256141662598
27.49983978,84.49571991,5.649291039,4725,6165,0.2295072078704834
27.50228882,84.99842834,5.649971962,5008,6132,0.22745394706726074
27.50123215,85.5008316,5.650506496,5686,6544,0.22769808769226074
27.49943924,86.00074768,5.648940086,6152,6736,0.22976064682006836
27.50021744,86.49986267,5.650620937,6519,7147,0.22872066497802734
27.50071335,87.00094604,5.651192665,6052,7543,0.2306654453277588
27.50059509,87.50276947,5.650209904,5962,7537,0.22947907447814941
27.49723053,88.00323486,5.649539948,6063,7330,0.22777295112609863
27.49890137,88.50517273,5.649880409,5852,7386,0.22828030586242676
27.50033188,89.00605011,5.649267197,5928,7557,0.2283778190612793
27.50062943,89.50431061,5.649953365,5906,7523,0.2310788631439209
27.49905777,90.0032196,5.649487972,5496,7398,0.2284839153289795
27.5018959,90.50628662,5.650006294,5570,7481,0.22737669944763184
27.50119781,91.00609589,5.650392532,5416,8045,0.22757792472839355
27.50040054,91.50648499,5.650761604,5551,8494,0.22776532173156738
27.49874115,92.00627136,5.649353504,5353,8141,0.22782087326049805
27.49921417,92.51032257,5.649910927,5117,7673,0.22846126556396484
27.50393677,93.00843811,5.649598122,4897,7073,0.22851300239562988
27.50119019,93.50880432,5.65038681,4505,6814,0.22910571098327637
27.498909,94.00966644,5.650231838,4372,6471,0.2274632453918457
27.49826431,94.50845337,5.649985313,4305,6593,0.2281351089477539
27.49988174,95.01052856,5.649927139,4167,6237,0.22832965850830078
27.5008049,95.50891113,5.649459362,3956,6109,0.22960996627807617
27.49875259,96.00939178,5.649235725,3886,6115,0.22743749618530273
27.49847794,96.50917053,5.649440765,3824,5975,0.22780609130859375
27.49966049,97.00938416,5.650452614,3662,5945,0.22954154014587402
27.50292587,97.5087738,5.651012421,3678,5752,0.22745943069458008
27.50105667,98.01065063,5.649089813,3608,5777,0.22814559936523438
27.49951172,98.50975037,5.64972496,3628,5782,0.22864866256713867
27.49871063,99.01019287,5.6491189,3639,5725,0.22874689102172852
27.49937057,99.51002502,5.650266647,3599,5767,0.22797513008117676
27.4994812,100.0100098,5.649808884,3594,5656,0.2287294864654541
28.00000381,82.98576355,5.651213646,4229,5867,0.22925424575805664
27.99846649,83.4941864,5.649684906,4671,5908,0.22962093353271484
27.99962234,83.998909,5.649394989,4838,6135,0.23038315773010254
28.00277328,84.49733734,5.650611877,5056,6307,0.22874712944030762
27.99914551,84.99782562,5.649187565,5359,6504,0.22797107696533203
27.99914169,85.50170135,5.650112629,5707,6673,0.22789740562438965
28.00225449,86.00056458,5.649526596,6184,7154,0.22828173637390137
27.99859238,86.5020752,5.650082111,6224,7799,0.22854256629943848
27.99899673,87.00388336,5.649046898,6234,8103,0.22569537162780762
27.9980545,87.49990082,5.649801731,6066,7896,0.22749757766723633
28.00186539,88.00061035,5.650027752,6090,7648,0.2279679775238037
28.00143814,88.5055542,5.649967194,6284,7530,0.22934889793395996
27.99958801,89.00519562,5.648694992,6181,7478,0.2291123867034912
27.99788284,89.50460815,5.650045395,5985,7663,0.2280573844909668
27.99790192,90.00274658,5.65058136,5705,7507,0.23020482063293457
28.00229645,90.50585937,5.650222778,5684,7689,0.22585177421569824
28.00117493,91.00863647,5.650124073,5578,7406,0.22744059562683105
27.99810028,91.50793457,5.649141312,5285,7703,0.22773051261901855
27.99939728,92.00720215,5.650258064,5474,8064,0.22616028785705566
27.99954987,92.50779724,5.648749828,5693,8192,0.22705960273742676
28.00084305,93.00784302,5.64936161,5184,7552,0.22848081588745117
27.99819946,93.50782776,5.650726318,4945,7312,0.22690653800964355
28.0014267,94.00712585,5.651144981,4572,6834,0.22731709480285645
28.00307846,94.50830078,5.651116371,4404,6731,0.22824311256408691
28.00177383,95.01059723,5.649495602,4299,6443,0.22820305824279785
27.99873352,95.50764465,5.649494171,4125,6367,0.22986435890197754
27.99560165,96.00782776,5.649977684,4058,6151,0.22823500633239746
27.99947357,96.51011658,5.649985313,3929,6074,0.22802948951721191
28.00000763,97.01020813,5.650677681,3742,5993,0.23704218864440918
28.00034332,97.50963593,5.64837122,3707,5903,0.2279043197631836
27.99981689,98.0104599,5.649695873,3559,5901,0.22876787185668945
27.9990654,98.50999451,5.649726868,3594,5740,0.22792696952819824
28.00205231,99.00775146,5.650753021,3537,5748,0.22962641716003418
28.00115585,99.51029205,5.651636124,3547,5707,0.22898077964782715
27.99745941,100.0107117,5.650366783,3655,5678,0.23003697395324707
28.49848175,82.98329163,5.650037289,4357,5855,0.22876358032226562
28.49861526,83.49364471,5.650187492,4590,6027,0.23006844520568848
28.50669861,83.99787903,5.651277542,5061,6342,0.23065447807312012
28.50248337,84.49891663,5.650242329,5124,6504,0.22857165336608887
28.49851608,85.00118256,5.649934769,5895,7019,0.22938013076782227
28.49905014,85.50108337,5.649483681,6131,7389,0.22928357124328613
28.50097275,85.99963379,5.65007782,6318,7566,0.23030829429626465
28.50464249,86.50144196,5.650331497,6273,7709,0.22817444801330566
28.50310516,87.00354004,5.650356293,6195,7771,0.2293260097503662
28.49775696,87.50428772,5.650226116,6262,7962,0.22737884521484375
28.49953842,88.00174713,5.649321556,6455,7724,0.22805428504943848
28.50123215,88.50318909,5.64914608,6386,7790,0.22824478149414062
28.50117493,89.00473785,5.648951054,6411,7627,0.22875690460205078
28.49807739,89.50668335,5.651514053,6159,7466,0.2270219326019287
28.50270844,90.0066452,5.650598526,6151,7437,0.22694706916809082
28.50134277,90.50454712,5.650501251,5946,7465,0.2284526824951172
28.50123978,91.00567627,5.649029255,5658,7623,0.22820711135864258
28.49929047,91.50604248,5.651023388,5614,7617,0.22885608673095703
28.50040436,92.00784302,5.64968586,5445,7368,0.2302536964416504
28.50324631,92.50701141,5.649075508,5489,7648,0.2266685962677002
28.50089264,93.0085907,5.649027824,5435,7879,0.2279367446899414
28.5002861,93.50668335,5.649960518,5440,8025,0.22720909118652344
28.49853897,94.01002502,5.649520874,5104,7684,0.22962713241577148
28.50122833,94.50965881,5.649895191,4823,7228,0.2279953956604004
28.49790955,95.0120697,5.649875641,4572,6868,0.2278299331665039
28.49769211,95.50930023,5.649438858,4368,6542,0.2274165153503418
28.49938965,96.00935364,5.649949074,4246,6313,0.22745943069458008
28.50059891,96.50886536,5.649131775,3862,6155,0.22747421264648438
28.49969482,97.01049042,5.650720596,3673,6010,0.22729110717773438
28.4996376,97.50863647,5.650878429,3724,5856,0.2270967960357666
28.49967575,98.0072937,5.650522232,3683,5735,0.22764134407043457
28.50086212,98.50956726,5.649915695,3547,5774,0.2264866828918457
28.5007019,99.00914001,5.650737762,3633,5758,0.22783112525939941
28.50144958,99.51296997,5.650168419,3473,5777,0.22630596160888672
28.49946213,100.0088882,5.65015173,3532,5838,0.2269580364227295
29.00238037,82.98373413,5.650451183,4552,6034,0.22704839706420898
28.99943924,83.49388123,5.650075436,4978,6033,0.22861146926879883
28.99908447,83.99597168,5.649561882,5180,6263,0.22737455368041992
28.99843979,84.49858093,5.649512768,5458,6722,0.22739791870117188
29.00211334,84.99691772,5.64966774,6063,7502,0.22803068161010742
29.00156403,85.49906158,5.650021553,6422,8479,0.2288801670074463
28.99782181,85.99915314,5.649572372,6408,8807,0.22803020477294922
28.99932098,86.50041199,5.651246071,6702,9025,0.22761774063110352
29.00014496,87.00286865,5.650433064,6807,8294,0.22797918319702148
28.99932861,87.50268555,5.650273323,7057,8134,0.22966980934143066
28.9993515,88.00170898,5.64908123,7195,8104,0.22824716567993164
28.99862289,88.50341797,5.650337219,6915,8046,0.23263287544250488
28.99934387,89.00399017,5.649374962,6453,7998,0.22722864151000977
29.00313568,89.50506592,5.650897026,6381,7743,0.22777271270751953
28.9997406,90.00641632,5.649733543,6475,7770,0.2287769317626953
29.00123978,90.50543213,5.649265289,6159,7396,0.2307121753692627
29.00031662,91.00537109,5.649283409,5945,7815,0.22900700569152832
29.00211334,91.50540161,5.65128994,5840,7734,0.22829985618591309
29.00122452,92.0071106,5.64910984,5717,7582,0.2272195816040039
28.99643707,92.50897217,5.65066433,5494,7587,0.22951674461364746
28.99832153,93.00711823,5.64978075,5597,7645,0.22800159454345703
29.00011444,93.50931549,5.650465965,5648,7952,0.2285139560699463
29.00307465,94.00977325,5.649250507,5628,8153,0.22890019416809082
28.99833679,94.51062012,5.649877071,5357,8008,0.23058676719665527
28.99765778,95.00939941,5.650592804,5002,7667,0.22731876373291016
29.00266266,95.50657654,5.649297714,4537,7082,0.22814393043518066
29.00218201,96.01030731,5.649909973,4334,6638,0.22916817665100098
29.00185013,96.50863647,5.649216175,4037,6277,0.2280430793762207
28.99593353,97.01046753,5.649920464,3805,6254,0.22936177253723145
28.99922943,97.50868225,5.650063038,3767,6034,0.22788310050964355
29.00355911,98.01031494,5.650104523,3658,5937,0.22825217247009277
29.00366211,98.5087738,5.649961472,3672,5827,0.22776150703430176
29.00091171,99.01063538,5.650923729,3656,5811,0.2301008701324463
28.99850845,99.51020813,5.650212288,3655,5646,0.23024773597717285
28.99959564,100.0110855,5.650327682,3568,5641,0.22791242599487305
29.50371552,82.98620605,5.650172234,4985,5957,0.22761964797973633
29.50257492,83.49183655,5.649595261,5322,6139,0.22964954376220703
29.49990463,83.99700928,5.650268078,5417,6487,0.22873687744140625
29.50021744,84.49752045,5.650511265,5630,6740,0.227524995803833
29.49866104,84.99770355,5.650764465,5631,7338,0.22874021530151367
29.50242996,85.4990387,5.650317192,6171,8608,0.22803354263305664
29.49884796,85.99985504,5.648921013,7107,9968,0.229902982711792
29.50183868,86.50107574,5.650528908,7881,10338,0.22761297225952148
29.5025177,87.00205994,5.651204109,8325,9584,0.2294471263885498
29.49936295,87.50447083,5.650919437,8440,8904,0.2282555103302002
29.4989624,88.00212097,5.650104523,7937,8434,0.2284252643585205
29.49853134,88.50413513,5.649536133,7448,8164,0.2298882007598877
29.50250626,89.00358582,5.649995327,7101,8081,0.22803068161010742
29.50341415,89.50479126,5.650495052,6885,7902,0.2279798984527588
29.49902344,90.003479,5.650769234,6545,8007,0.23030567169189453
29.49649048,90.50585175,5.649677277,6312,7681,0.22983264923095703
29.4988327,91.00399017,5.650398254,6514,7758,0.22820234298706055
29.50402832,91.50535583,5.651098251,6103,7604,0.22881436347961426
29.50082397,92.0057373,5.649673462,6059,7613,0.22941970825195312
29.49915314,92.50601196,5.650313377,5979,7570,0.22825002670288086
29.4992981,93.00936127,5.649189949,5798,7494,0.22903776168823242
29.49977875,93.50856018,5.650284767,5545,7555,0.22798466682434082
29.50156784,94.00709534,5.64916563,5391,7705,0.22771430015563965
29.50032043,94.50947571,5.649240017,5577,8098,0.22813963890075684
29.49980164,95.00881958,5.649205208,5373,8135,0.22873473167419434
29.49994659,95.51116943,5.650870323,4985,7476,0.22783422470092773
29.4996376,96.00924683,5.650369644,4601,6621,0.22814249992370605
29.49792862,96.50895691,5.649644852,4086,6424,0.22829914093017578
29.49921417,97.01087189,5.650426865,3820,6068,0.2269144058227539
29.49854279,97.50917053,5.649755478,3707,6041,0.2291886806488037
29.50248718,98.01194763,5.651170731,3690,5702,0.23014044761657715
29.50175858,98.50932312,5.649591446,3746,5766,0.23001599311828613
29.49887085,99.01066589,5.649918079,3557,5701,0.22969484329223633
29.50056076,99.51281738,5.649905205,3534,5723,0.22979092597961426
29.50020981,100.0080566,5.650201797,3630,5737,0.22697091102600098
30.00384331,82.99028015,5.650745392,4841,6063,0.22979378700256348
29.99564552,83.49369812,5.649725914,5078,6122,0.22907590866088867
30.00146484,83.99465179,5.649975777,5642,6517,0.22868752479553223
30.00446701,84.49412537,5.650539398,5765,6980,0.22945809364318848
30.00188828,84.99810791,5.650709152,6050,7175,0.22852563858032227
29.99764442,85.49947357,5.64976263,6598,7732,0.22751426696777344
30.00047874,86.00048828,5.648693085,7349,9249,0.22945499420166016
30.00191116,86.50125122,5.650225639,8262,9896,0.2287454605102539
30.00216675,87.00067139,5.649932861,9335,10262,0.22701239585876465
29.99687195,87.50353241,5.649922848,9519,9903,0.22875356674194336
29.99777031,88.0072403,5.651144981,8714,9519,0.2285141944885254
29.99960136,88.50466919,5.651013374,7924,8565,0.2279198169708252
30.0016346,89.00190735,5.650718689,7625,8239,0.22855019569396973
30.00063896,89.50449371,5.649970055,7258,7978,0.23019671440124512
29.99716377,90.00674438,5.647947788,7122,7938,0.22796154022216797
29.99689102,90.50823212,5.648949623,6590,7914,0.22821378707885742
30.00059319,91.00550842,5.650548458,6410,7702,0.22864031791687012
30.00206947,91.50563049,5.650180817,6464,7599,0.2293081283569336
29.9997673,92.00770569,5.650735855,6241,7551,0.22751832008361816
29.99973869,92.51045227,5.649255276,6140,7407,0.22945261001586914
29.99884987,93.00888062,5.651045799,5936,7581,0.2292320728302002
30.00108528,93.50842285,5.649211884,5680,7465,0.22709131240844727
30.00222015,94.0068512,5.649100304,5604,7604,0.22950029373168945
30.00115395,94.50804138,5.648860931,5421,7503,0.22783946990966797
29.99898338,95.01095581,5.651249886,5253,7533,0.22992563247680664
30.00355339,95.51371002,5.648726463,5154,7480,0.227766752243042
29.99959373,96.01439667,5.649900436,4717,7164,0.2282862663269043
29.99698639,96.50976563,5.650313377,4297,6529,0.22863006591796875
29.99933624,97.00884247,5.648848534,3868,6385,0.23006296157836914
29.99894333,97.51084137,5.648525715,3814,6029,0.22805547714233398
29.99852371,98.01074982,5.650725365,3686,5847,0.22921514511108398
29.99904823,98.50720978,5.650380611,3622,5745,0.22804665565490723
30.00065804,99.00857544,5.651350021,3532,5638,0.22850751876831055
30.0008297,99.51019287,5.649554729,3506,5570,0.22852301597595215
30.00057983,100.0104675,5.649318695,3609,5610,0.22941350936889648
30.49970818,82.98821259,5.650500298,4960,6210,0.22998881340026855
30.49774742,83.49344635,5.651008606,5429,6337,0.2280721664428711
30.49878311,83.99724579,5.649507999,5693,6581,0.22861266136169434
30.5009346,84.49546814,5.650484085,6016,7092,0.22734379768371582
30.50078583,84.99772644,5.649710655,6417,7484,0.22841238975524902
30.49933815,85.49861145,5.648906708,6922,8069,0.22855615615844727
30.50210571,85.9974823,5.650996685,7592,8516,0.2281026840209961
30.50243378,86.50218964,5.649188519,7821,8649,0.2295534610748291
30.5003643,87.00190735,5.651005745,8459,9280,0.22911930084228516
30.50124168,87.50321198,5.650084972,9231,10265,0.22879528999328613
30.49844551,88.00154114,5.648887634,9597,10403,0.22860097885131836
30.50135422,88.50392151,5.648895741,9002,9730,0.22827935218811035
30.49905968,89.00696564,5.649672031,8570,9199,0.22896289825439453
30.49946213,89.5055542,5.650194168,8054,8336,0.22918057441711426
30.50090599,90.00725555,5.650952816,7567,8243,0.23032069206237793
30.49830627,90.50570679,5.649597168,7278,8158,0.22810602188110352
30.50330353,91.0055542,5.649530411,7027,7957,0.22856521606445312
30.50143242,91.50844574,5.649596214,6567,7906,0.22929906845092773
30.49974442,92.00634766,5.648742676,6247,7843,0.22741270065307617
30.50166702,92.50617981,5.649407387,6222,7756,0.22920989990234375
30.50099564,93.00705719,5.65067482,6040,7251,0.2276935577392578
30.49765587,93.50682831,5.650325775,6094,7518,0.22840452194213867
30.49860954,94.00999451,5.649127007,5726,7470,0.22772836685180664
30.50382042,94.50898743,5.649864197,5612,7490,0.22849154472351074
30.50109291,95.01107788,5.65044117,5263,7247,0.22914910316467285
30.50193596,95.5098877,5.649195194,5061,6848,0.22890639305114746
30.49914169,96.00780487,5.650076866,4814,6756,0.22919774055480957
30.49964905,96.51088715,5.649991035,4394,6508,0.22908496856689453
30.50154114,97.01205444,5.64923954,4182,6204,0.22952628135681152
30.50066185,97.5098877,5.650595665,3811,5971,0.23042941093444824
30.50111198,98.01035309,5.649459839,3665,5739,0.22954058647155762
30.49721146,98.50815582,5.648686409,3744,5705,0.23006033897399902
30.50013351,99.01116943,5.650942802,3574,5725,0.22840547561645508
30.50092506,99.51211548,5.650144577,3713,5707,0.22828221321105957
30.50052071,100.0097504,5.650663853,3635,5730,0.2282238006591797
31.00271988,82.99015808,5.651116371,5298,6147,0.22823858261108398
31.00095558,83.49266815,5.64971447,5818,6463,0.22885775566101074
31.00349045,83.99606323,5.650055408,6258,6884,0.23010778427124023
31.0039196,84.49998474,5.650474548,6798,7453,0.22797489166259766
31.00226021,84.9984436,5.650333881,6765,7813,0.23337364196777344
30.99974823,85.49874115,5.649605751,6758,7948,0.22849059104919434
31.00003242,86.00037384,5.649353981,7020,8293,0.2283620834350586
31.00473404,86.50170898,5.649165154,7272,8762,0.22917485237121582
31.00013351,87.00201416,5.650717258,7996,8732,0.22948551177978516
31.00092125,87.50452423,5.649391174,8550,9173,0.22841906547546387
30.99825859,88.00124359,5.650277615,8438,9677,0.228132963180542
31.00085831,88.50227356,5.648970127,9538,10371,0.22839069366455078
30.99895859,89.00315094,5.649327755,9231,10256,0.22846221923828125
31.00016022,89.50331879,5.650262833,9034,9726,0.22959303855895996
31.00051308,90.00521851,5.650444031,8447,8875,0.22813940048217773
31.00294113,90.50759888,5.650453568,7968,8166,0.2293097972869873
31.00163269,91.00695038,5.650884151,7363,7995,0.22868633270263672
30.99905205,91.50837708,5.649460793,7100,8209,0.22892379760742188
30.99785042,92.00756836,5.649222374,6767,8104,0.23198890686035156
31.00135612,92.51189423,5.650370598,6419,7836,0.22838568687438965
30.99926949,93.00868225,5.650427818,6451,7597,0.23142004013061523
31.00010872,93.5068512,5.650963783,6219,7561,0.22784805297851562
31.00016022,94.00946045,5.649418831,6000,7514,0.2292468547821045
30.99954224,94.50769043,5.650247574,5841,7517,0.2284388542175293
31.00325012,95.00954437,5.650658607,5681,7209,0.22845149040222168
31.00345039,95.5112915,5.649975777,5200,6992,0.22898006439208984
31.00044632,96.00857544,5.651094437,4805,6527,0.230712890625
30.9998703,96.50968933,5.649978161,4525,6412,0.2294766902923584
30.99904823,97.01065063,5.65117836,4053,6016,0.23043227195739746
31.00204086,97.50930023,5.650051117,3988,5932,0.2285466194152832
30.99853706,98.01252747,5.650861263,3681,5604,0.22693324089050293
30.99555779,98.5093689,5.649032593,3597,5683,0.2275540828704834
30.99920273,99.00956726,5.649401188,3537,5693,0.2275087833404541
31.00318527,99.50862885,5.650250435,3695,5654,0.22918319702148438
31.00150299,100.0105743,5.649676323,3539,5610,0.22903943061828613
31.50005531,82.98930359,5.651549816,5381,6190,0.22948288917541504
31.49675179,83.4936676,5.64925909,5658,6693,0.22823762893676758
31.50232697,83.99636841,5.650083065,6105,7033,0.22838997840881348
31.50331879,84.4987793,5.650453091,6178,7786,0.22809481620788574
31.50330353,84.99763489,5.650306702,6331,7534,0.2287006378173828
31.49876785,85.49906158,5.650099277,6607,7846,0.22842764854431152
31.50144768,86.00176239,5.648931503,7049,8308,0.22728800773620605
31.5016613,86.50004578,5.650310516,7273,8255,0.2280724048614502
31.50209045,86.99909973,5.648735046,7407,8312,0.22885847091674805
31.4996891,87.50137329,5.650075912,7521,8475,0.22998428344726562
31.50178719,88.00585175,5.650164604,7901,8781,0.22868919372558594
31.5018425,88.50445557,5.650424004,8321,9425,0.22871780395507812
31.50046158,89.00319672,5.650364876,8656,9900,0.22829437255859375
31.49979782,89.50395203,5.649435043,9303,10164,0.2290041446685791
31.50061226,90.00435638,5.650756836,9294,9891,0.2288227081298828
31.50134277,90.50735474,5.649757385,8721,9314,0.2298123836517334
31.50056458,91.006073,5.648354053,8075,8271,0.22826623916625977
31.49604988,91.5044632,5.650229454,7516,8213,0.2291092872619629
31.49881172,92.00681305,5.649017334,7407,7983,0.22856545448303223
31.50278664,92.50826263,5.650456429,6847,8106,0.22834110260009766
31.50077248,93.00790405,5.649356842,6539,8000,0.22911715507507324
31.49758911,93.50746918,5.651027679,6390,7709,0.2304089069366455
31.49986839,94.0061264,5.649770737,6310,7668,0.22843599319458008
31.50361824,94.5080719,5.650431633,6032,7524,0.22748279571533203
31.50119209,95.00648499,5.64994812,5728,7140,0.2280871868133545
31.49889183,95.51101685,5.650461197,5371,6793,0.22989511489868164
31.49858856,96.00941467,5.649605751,4882,6519,0.2284839153289795
31.50136757,96.50835419,5.649932384,4532,6348,0.22934770584106445
31.5038147,97.00891113,5.650202751,4024,6139,0.2294776439666748
31.50145531,97.51005554,5.650252819,3850,5949,0.22915410995483398
31.50075722,98.01061249,5.649935722,3752,5898,0.2301931381225586
31.49907112,98.51139832,5.64940834,3608,5694,0.22699928283691406
31.49926567,99.00926971,5.650429726,3569,5596,0.22951984405517578
31.50127792,99.50900269,5.650821686,3639,5601,0.2285771369934082
31.50186157,100.0105438,5.65045929,3497,5622,0.22731661796569824
32.00140381,82.98522949,5.650608063,5395,6387,0.2275390625
32.00380707,83.49092102,5.649487495,5674,6523,0.22821903228759766
32.00140762,83.99610901,5.65071106,5944,7131,0.2294778823852539
32.00150299,84.49704742,5.649657249,6083,7505,0.2297978401184082
31.99980164,85.00126648,5.648824692,6187,7628,0.22886157035827637
32.00097656,85.49840546,5.649364471,6363,7961,0.22950363159179688
32.00376892,85.99868011,5.648733139,7078,8160,0.2295544147491455
31.99926949,86.50106812,5.650445938,7305,8248,0.22933387756347656
31.99926186,87.00125885,5.649541855,7312,8146,0.22928786277770996
32.00114822,87.503479,5.649309635,7506,8485,0.22901010513305664
32.00083923,88.00285339,5.64979744,7495,8455,0.2283024787902832
31.99791718,88.50282288,5.650586128,7722,8810,0.22769570350646973
31.99905968,89.00564575,5.649746418,8121,8869,0.22897100448608398
31.99970818,89.50476074,5.65027523,8510,9660,0.22930431365966797
32.0022583,90.0061264,5.650201797,9204,10455,0.22971796989440918
32.00218201,90.50543976,5.648884773,9413,10441,0.22925066947937012
32.00095749,91.00816345,5.648837566,9080,10159,0.23328423500061035
31.99714088,91.50759125,5.649981022,8743,9237,0.22937297821044922
31.99836349,92.00649261,5.651093483,7986,8194,0.22824788093566895
32.00211334,92.50656891,5.649776459,7433,8122,0.22739005088806152
32.00393677,93.00653839,5.65019846,7119,8029,0.2284989356994629
31.99979973,93.50762939,5.649476051,6807,7812,0.22841715812683105
31.99654198,94.00979614,5.650094032,6309,7938,0.2292616367340088
31.99979973,94.50788879,5.650682449,6179,7540,0.22776556015014648
32.00457001,95.00541687,5.650043488,5727,7206,0.2286841869354248
32.00255585,95.50926208,5.650372028,5323,6825,0.2283313274383545
31.99998474,96.01026917,5.649315357,4970,6574,0.22778701782226562
32.00252533,96.50932312,5.649883747,4527,6432,0.22794079780578613
32.00061798,97.0116272,5.650107384,3849,6195,0.23055386543273926
32.00112534,97.50759888,5.649719715,3881,6024,0.22777080535888672
31.99947739,98.00830078,5.649693489,3785,5805,0.2294316291809082
31.99868965,98.50971985,5.650979042,3677,5667,0.2286524772644043
32.00030136,99.01041412,5.650789261,3532,5777,0.2284102439880371
31.99694252,99.51171112,5.650054932,3589,5679,0.22964119911193848
31.99651909,100.0096588,5.649479866,3690,5584,0.2273118495941162
32.50354004,82.98468781,5.651148796,5730,6876,0.22985386848449707
32.50538635,83.49320221,5.649393082,5760,7144,0.22916054725646973
32.50314331,83.99414063,5.650804996,5813,7303,0.23000359535217285
32.49798584,84.49825287,5.650402069,5901,7310,0.22807741165161133
32.49872589,84.99847412,5.65004158,6361,7476,0.23125171661376953
32.50061035,85.49874878,5.649542332,6641,7738,0.2284078598022461
32.50478363,85.99742126,5.649328709,6783,8092,0.23043251037597656
32.50287628,86.49691772,5.650131226,6610,7967,0.22834110260009766
32.50011444,87.00127411,5.649551392,7057,8136,0.22959494590759277
32.49822235,87.50354767,5.6500144,7360,8350,0.22899413108825684
32.49849701,88.00110626,5.649768353,7389,8191,0.2283494472503662
32.50279999,88.50024414,5.650103569,7292,8326,0.22953200340270996
32.5027771,89.00164795,5.650089264,7428,8508,0.22841835021972656
32.49995422,89.506073,5.649881363,7750,8827,0.22946643829345703
32.4973259,90.00545502,5.649493217,8207,9002,0.2284409999847412
32.49812317,90.50379944,5.650735855,8554,9425,0.22821950912475586
32.50276947,91.00358582,5.649993896,9020,10035,0.23014497756958008
32.50067902,91.50785828,5.649907112,9171,9949,0.22871851921081543
32.5004921,92.00688171,5.649828911,9010,9511,0.22794342041015625
32.50035477,92.50959778,5.650087833,8407,8666,0.22882580757141113
32.49917221,93.01098633,5.65072298,7805,7967,0.22782349586486816
32.4994812,93.50715637,5.649882317,7019,7714,0.22882723808288574
32.49977493,94.00985718,5.650354385,6684,7372,0.22916293144226074
32.50377655,94.50939941,5.649932861,5771,6999,0.2345283031463623
32.49992371,95.00746155,5.649447441,5442,6799,0.22894072532653809
32.49739075,95.51018524,5.650397778,4989,6504,0.22857308387756348
32.49950409,96.01025391,5.649658203,4812,6494,0.2295844554901123
32.50146484,96.51130676,5.649827957,4283,6347,0.22777557373046875
32.50253677,97.00907135,5.650956631,3974,6176,0.22847247123718262
32.4987793,97.50938416,5.649562836,3933,5990,0.22986674308776855
32.49732971,98.01198578,5.649350166,3815,5923,0.22841382026672363
32.50078201,98.50912476,5.649884701,3664,5935,0.22886347770690918
32.50041199,99.00674438,5.650152206,3596,5745,0.22740387916564941
32.50143433,99.50880432,5.64872551,3654,5726,0.22805094718933105
32.4983902,100.0109253,5.649939537,3621,5799,0.22702932357788086
33.00239182,82.98786926,5.652019501,5750,7106,0.22827911376953125
33.00157928,83.49310303,5.649642944,6123,8129,0.2291269302368164
32.99982452,83.99768066,5.650428772,6663,8573,0.22952985763549805
33.00070953,84.49836731,5.649248123,7077,8699,0.2290048599243164
33.00058746,84.99915314,5.650381088,7086,7980,0.22763729095458984
33.00100708,85.50153351,5.649904251,7261,7942,0.2289731502532959
32.99740601,85.99911499,5.649719238,7079,8011,0.22694802284240723
32.99843216,86.50067139,5.650415421,6932,7931,0.22853779792785645
33.00070953,87.00202942,5.6509161,6850,8195,0.22794103622436523
33.00294495,87.50169373,5.649867535,7095,8337,0.2285163402557373
32.99848175,88.00083923,5.649968147,7158,8445,0.23044729232788086
32.9970932,88.50283051,5.648992538,7505,8428,0.22883224487304688
33.00015259,89.00457764,5.649900436,7594,8420,0.22780513763427734
33.00224686,89.50680542,5.650726318,7816,8610,0.2281355857849121
33.00239563,90.00428009,5.649189472,7739,8896,0.2287921905517578
32.99720001,90.50471497,5.649695396,8048,8828,0.22828888893127441
32.99768066,91.00711823,5.651003838,8459,9374,0.22869443893432617
32.99993896,91.50537109,5.649729252,8815,9965,0.22859859466552734
33.00337219,92.00593567,5.650571823,9483,10211,0.22856998443603516
33.00406647,92.50498199,5.648791313,9397,9990,0.2293868064880371
33.00143433,93.00662231,5.651385307,8758,9038,0.23145508766174316
33.00031281,93.50849915,5.649331093,7947,8220,0.2286229133605957
32.9990387,94.00950623,5.649748802,7449,7553,0.22884249687194824
33.00337219,94.50888062,5.649708271,6701,7170,0.22761893272399902
33.00125885,95.00794983,5.649876118,5898,6694,0.23077893257141113
33.00079346,95.51056671,5.650062561,5110,6438,0.22934842109680176
33.00029755,96.01121521,5.65012455,4714,6429,0.22796392440795898
32.99999237,96.50974274,5.649699211,4455,6467,0.22881770133972168
32.99879456,97.00654602,5.649961472,4096,6150,0.2289566993713379
32.99953079,97.50759888,5.649623871,3945,5991,0.22856903076171875
33.0007019,98.01216125,5.64986515,3807,6009,0.22906875610351562
33.00378418,98.50924683,5.650681496,3745,5775,0.22967815399169922
32.99910355,99.01124573,5.650897503,3670,5858,0.23033571243286133
32.99975967,99.51066589,5.648803711,3665,5751,0.22794628143310547
33.00106049,100.0074921,5.650200844,3579,5671,0.2287120819091797
33.5066452,82.98794556,5.650298595,5555,7099,0.22752976417541504
33.50081253,83.49277496,5.649718285,5965,7846,0.22870755195617676
33.49517059,83.99846649,5.649652481,6992,8956,0.22876763343811035
33.49880981,84.49797058,5.649392128,7879,9402,0.22835206985473633
33.50279999,84.99954224,5.649529934,7884,9054,0.2294626235961914
33.50595093,85.50175476,5.650315285,7775,8678,0.22870731353759766
33.49991608,86.00245667,5.64889431,7450,7973,0.22871828079223633
33.4962616,86.50288391,5.64979887,7083,7677,0.2305910587310791
33.49848175,87.00144958,5.65009594,7119,7753,0.22743749618530273
33.50164795,87.50107574,5.649608612,7177,8102,0.2297210693359375
33.50312805,88.00273132,5.649287224,6962,8284,0.22875475883483887
33.49897766,88.50387573,5.650191307,7082,8345,0.2293529510498047
33.4991684,89.0047226,5.650122643,7525,8227,0.22820305824279785
33.50179291,89.50630951,5.648872375,7464,8390,0.22963190078735352
33.50374603,90.00416565,5.650730133,7459,8633,0.22806549072265625
33.50201797,90.50589752,5.650021553,7544,8793,0.22915220260620117
33.49949646,91.0067215,5.650188923,8036,8575,0.2288520336151123
33.49778366,91.50811005,5.65059185,8009,8985,0.225966215133667
33.49893188,92.00759125,5.650731087,8445,9271,0.22967314720153809
33.49838257,92.5036087,5.650592804,8959,9909,0.22761988639831543
33.49945068,93.00704193,5.650371075,9146,9822,0.22982454299926758
33.50180054,93.50515747,5.649912357,8511,8867,0.2274951934814453
33.5019455,94.0083847,5.649352074,8178,8282,0.2318410873413086
33.50324249,94.50920105,5.650934219,7192,7202,0.2280113697052002
33.50021362,95.00750732,5.650270462,6589,6757,0.2288343906402588
33.49827576,95.50985718,5.651583195,5920,6312,0.22877883911132812
33.50120544,96.00904846,5.649391651,5277,6107,0.22833609580993652
33.50168228,96.50952911,5.6506567,4569,6283,0.22865629196166992
33.49996185,97.01110077,5.649792671,4012,6120,0.2292482852935791
33.4983902,97.50857544,5.650185108,3861,6132,0.22830700874328613
33.50139236,98.01091003,5.649703026,3717,6007,0.22890996932983398
33.50251389,98.5092926,5.649623394,3586,5867,0.2283182144165039
33.50192261,99.01069641,5.650523663,3554,5643,0.22886180877685547
33.4995575,99.50923157,5.650483131,3699,5674,0.22850322723388672
33.49884033,100.010498,5.649910927,3628,5700,0.22912907600402832
34.00404358,82.98723602,5.65054369,5834,6937,0.2290499210357666
34.00266266,83.49246216,5.649594784,6383,7536,0.2287130355834961
34.00165176,83.99609375,5.651309967,7071,8065,0.22900700569152832
33.99916077,84.49848175,5.650533676,7680,8978,0.22765398025512695
33.99822235,84.99814606,5.650374889,7981,9625,0.22718548774719238
34.00254059,85.49907684,5.64925766,8524,9538,0.2278141975402832
33.99987793,85.9979248,5.649729252,8465,9121,0.22840356826782227
33.99646759,86.5007782,5.65054369,8079,8380,0.2277059555053711
33.99845886,87.0044632,5.648881912,7729,7964,0.22783803939819336
33.99770355,87.50338745,5.650176048,7290,7826,0.22835564613342285
34.00014877,88.00410461,5.65085125,7124,8359,0.2278296947479248
34.00038147,88.50468445,5.650430679,7171,8370,0.22943377494812012
33.99910355,89.00521088,5.650494576,7103,8303,0.22814321517944336
33.99868011,89.50598907,5.648853302,7200,8227,0.22775912284851074
34.00077057,90.00424194,5.648653507,7609,8307,0.2266530990600586
34.0017395,90.50198364,5.649433136,7390,8194,0.228271484375
33.99934387,91.00526428,5.650687218,7482,8322,0.22690439224243164
34.0042572,91.50780487,5.650579453,7166,8514,0.22870445251464844
34.0004158,92.00822449,5.650251389,7469,8371,0.2309403419494629
33.99892807,92.50691986,5.65161705,7909,8782,0.22780942916870117
33.99903488,93.00629425,5.649295807,8055,8295,0.228074312210083
33.99907303,93.50994873,5.648913383,8567,8452,0.2287294864654541
34.00257111,94.00912476,5.649644375,8500,7714,0.23033499717712402
33.99814224,94.51293945,5.651580811,7892,7218,0.22830820083618164
33.99697876,95.01235962,5.649507046,6793,6648,0.23004794120788574
33.99764252,95.51107025,5.648113728,5915,6312,0.2284221649169922
34.00189972,96.01127625,5.650514603,4767,6253,0.2275245189666748
34.0010376,96.5098114,5.650627136,4112,6355,0.22814083099365234
33.99583435,97.0120697,5.649173737,3997,5996,0.22840619087219238
34.00136566,97.50938416,5.648871899,3763,5912,0.2291100025177002
34.00408173,98.00883484,5.649845123,3692,5667,0.22914791107177734
34.00194168,98.51144409,5.650452614,3615,5697,0.22920441627502441
33.99927521,99.00813293,5.648478031,3453,5528,0.2285459041595459
33.99629211,99.51124573,5.650670528,3468,5592,0.22783708572387695
33.99744415,100.0099335,5.649535179,3523,5623,0.22993063926696777
34.5013237,82.98685455,5.651025772,5448,6892,0.2292020320892334
34.50080872,83.49343109,5.650741577,6018,7507,0.2274923324584961
34.4992981,83.9977417,5.650206566,6688,7603,0.2288346290588379
34.50198746,84.49948883,5.649569511,7032,7925,0.2297365665435791
34.50099182,85.00037384,5.650184631,7472,8381,0.22983002662658691
34.50154114,85.50016022,5.649785042,8149,9223,0.22837400436401367
34.5006485,86.00064087,5.650196075,8754,9024,0.22778630256652832
34.49898529,86.50092316,5.649477005,8586,8919,0.22791790962219238
34.50127411,87.00209808,5.650266647,7964,8852,0.22930550575256348
34.49994659,87.50260162,5.649931431,7595,8277,0.22967910766601562
34.49969101,88.00195312,5.64942646,7273,7981,0.22751188278198242
34.50091553,88.50259399,5.649452209,7404,8393,0.22872281074523926
34.5001297,89.00294495,5.64969492,7057,8278,0.22862577438354492
34.50112152,89.50389099,5.650375366,7323,8331,0.2279958724975586
34.49865341,90.00521851,5.649796963,7205,8116,0.2274620532989502
34.50330353,90.50468445,5.650485039,7347,8176,0.22871804237365723
34.50031281,91.00714111,5.649368286,7518,8154,0.2267448902130127
34.50014114,91.50843811,5.648436546,6999,8152,0.22783803939819336
34.49672699,92.00662994,5.65019989,7405,8465,0.22909069061279297
34.5015564,92.50698853,5.650495529,7364,8341,0.2294166088104248
34.50213623,93.00857544,5.650900364,7508,8130,0.2282559871673584
34.50153351,93.5083847,5.65024662,7493,7935,0.22795796394348145
34.50016022,94.00785828,5.650033474,7407,7598,0.22928237915039062
34.49842072,94.50597382,5.650019646,7430,6800,0.2283952236175537
34.50376892,95.01054382,5.649453163,6484,6567,0.22848224639892578
34.50141525,95.51197052,5.648862362,5339,6555,0.22848224639892578
34.50024414,96.01040649,5.650547028,4489,6304,0.22856831550598145
34.49899292,96.51034546,5.650669098,4115,6022,0.22781753540039062
34.49905777,97.0092392,5.649096966,4005,5884,0.22775506973266602
34.50131226,97.50917816,5.650883675,3831,5946,0.22892379760742188
34.50283813,98.01026917,5.650057793,3676,5832,0.22828936576843262
34.50003815,98.50816345,5.650564194,3553,5572,0.22825264930725098
34.49843597,99.00869751,5.64977169,3622,5662,0.22884798049926758
34.49992371,99.5115509,5.649242401,3645,5702,0.22838735580444336
34.5020752,100.0105362,5.651224136,3615,5679,0.22792816162109375
35.00374603,82.99141693,5.651145935,5694,6883,0.2275538444519043
34.99835968,83.49326324,5.650289536,6160,7102,0.22824573516845703
35.00156403,83.99642181,5.649187565,6259,7703,0.22817778587341309
35.00311279,84.49712372,5.649716377,6651,7963,0.22852873802185059
35.0002594,84.99732971,5.649502754,7222,7949,0.23046112060546875
34.99957657,85.50055695,5.649593353,7537,8260,0.22862529754638672
35.00118256,85.99945068,5.649995804,7989,8588,0.22876596450805664
35.00337219,86.50233459,5.648975372,8352,9566,0.23028969764709473
34.99852753,87.00115967,5.648797989,8608,9713,0.22913575172424316
34.99728012,87.5017395,5.650309563,8301,9557,0.22917580604553223
34.99823761,88.00326538,5.649682045,8214,8979,0.22938752174377441
35.00033188,88.50279999,5.650601387,8024,8074,0.2287459373474121
35.00237274,89.0056076,5.650512695,7499,8065,0.22818756103515625
35.00022888,89.50569153,5.648428917,7509,7986,0.22812104225158691
34.9986496,90.00479126,5.649951935,7075,8389,0.22870874404907227
34.99899673,90.50747681,5.650165558,7054,8507,0.22869181632995605
35.00226593,91.00498199,5.649678707,7230,8207,0.22838950157165527
35.00248718,91.50743103,5.64956522,7132,8287,0.23393535614013672
35.00275421,92.00631714,5.649992943,6931,7874,0.2284238338470459
35.00118256,92.50476074,5.650521755,7095,8057,0.23004484176635742
35.00086975,93.00430298,5.649591446,6631,7762,0.22760820388793945
35.00150681,93.50921631,5.650485039,6350,7328,0.22791552543640137
34.99842834,94.00862122,5.649721622,6186,6888,0.22816729545593262
34.99611664,94.51013184,5.651375294,5992,6764,0.2286972999572754
35.00000763,95.00899506,5.64921236,5680,6407,0.22833609580993652
35.00453949,95.50834656,5.651118755,4913,6416,0.22918081283569336
35.00127029,96.00879669,5.649507523,4235,5861,0.2270956039428711
34.99836731,96.50869751,5.650493622,3926,5949,0.22953391075134277
34.99990845,97.01046753,5.650922775,3732,5744,0.22898125648498535
35.0040741,97.51051331,5.650377274,3580,5654,0.2302379608154297
35.00287628,98.00927734,5.650134087,3668,5655,0.22999930381774902
35.00092316,98.51072693,5.649647236,3628,5537,0.23021984100341797
34.99863434,99.00805664,5.650623798,3543,5612,0.22946453094482422
34.9997139,99.50994873,5.650474548,3475,5545,0.22958683967590332
35.00164032,100.0107422,5.649479866,3461,5608,0.2268815040588379
35.50331879,82.98975372,5.65179348,5399,6705,0.2286090850830078
35.50082016,83.49223328,5.649411201,5904,7022,0.22997689247131348
35.49550629,83.99623108,5.649684906,6182,7352,0.2296738624572754
35.4996376,84.49972534,5.649681091,6540,7204,0.2292945384979248
35.50136566,85.00269318,5.650221825,6725,7647,0.22800850868225098
35.49967957,85.49961853,5.65063858,6777,7811,0.22895240783691406
35.50040436,85.99795532,5.648756027,7061,7929,0.2290794849395752
35.50158691,86.50102234,5.650633812,7583,8260,0.22937607765197754
35.50121307,87.0013504,5.649954319,7839,8825,0.2281045913696289
35.50114441,87.50038147,5.650074005,8463,9786,0.22913002967834473
35.49881744,87.99946594,5.649542332,8609,9649,0.22826337814331055
35.49904633,88.50154877,5.650348663,8377,9122,0.22706294059753418
35.50210953,89.00502777,5.650089264,8122,8353,0.2287156581878662
35.50215149,89.50397491,5.650303364,7770,8110,0.2288360595703125
35.49791718,90.00558472,5.650946617,7452,8069,0.22935056686401367
35.50007629,90.50556946,5.648554802,6981,8213,0.22812128067016602
35.50089264,91.00688171,5.650075912,6973,8298,0.22752761840820312
35.50183487,91.50853729,5.649060249,6869,8101,0.2290353775024414
35.49716949,92.00733948,5.649986744,7012,7824,0.22963857650756836
35.49570465,92.50793457,5.650251389,6673,7866,0.2304680347442627
35.50115967,93.00971985,5.649582863,6380,7471,0.22843074798583984
35.50165176,93.50823975,5.649886131,5785,6878,0.22870659828186035
35.50341034,94.00849152,5.650619507,5633,6748,0.22795891761779785
35.49758911,94.50827026,5.650178909,5388,6471,0.22807693481445312
35.50070953,95.00895691,5.650599003,4882,6293,0.2288675308227539
35.5042572,95.50933838,5.649260521,4281,6178,0.22919464111328125
35.50517654,96.00927734,5.650636673,4032,6127,0.2295982837677002
35.50218582,96.51170349,5.650361061,3795,5903,0.2285921573638916
35.49797821,97.01243591,5.650868893,3725,5738,0.22858953475952148
35.50042725,97.50994873,5.649430275,3596,5826,0.22951555252075195
35.50316238,98.00796509,5.650317192,3585,5647,0.2279951572418213
35.5040741,98.50994873,5.650816917,3611,5492,0.22858285903930664
35.49888229,99.00791931,5.65050602,3553,5527,0.2293226718902588
35.49671936,99.51007843,5.650988579,3456,5616,0.22913336753845215
35.50305939,100.0087738,5.65002346,3468,5512,0.22927641868591309
36.00767517,82.98867798,5.651045799,5505,6881,0.22885370254516602
36.00153351,83.48976135,5.650767326,5685,6870,0.22916746139526367
35.99784088,83.99487305,5.650733948,6155,7368,0.22862625122070312
36.00156021,84.49867249,5.648562908,6469,7364,0.22771191596984863
36.00327682,84.99990845,5.649456024,6655,7583,0.22861218452453613
35.9987793,85.49852753,5.649628639,6801,7772,0.2281956672668457
35.99664688,86.00216675,5.649835587,6931,7875,0.22726130485534668
36.0029068,86.50251007,5.650578499,6987,7869,0.2290191650390625
36.00489044,87.00153351,5.649110794,7333,8113,0.22856688499450684
36.00198364,87.50357819,5.650937557,7837,8774,0.22801804542541504
35.99903107,88.00354004,5.649763107,8568,9533,0.22846126556396484
35.99847412,88.5030899,5.650870323,9300,9899,0.2269284725189209
36.00371552,89.00209045,5.648514748,8987,9406,0.22702503204345703
36.002285,89.50467682,5.651601315,8500,8989,0.2275688648223877
36.00011063,90.00402832,5.649842262,7845,8328,0.22783303260803223
35.99728394,90.50714111,5.65121603,7683,8124,0.22837185859680176
36.0022583,91.00702667,5.649879456,7348,8094,0.2302401065826416
36.00218201,91.50662231,5.649186134,7112,7940,0.22841167449951172
36.00050735,92.00608826,5.650690556,6858,7864,0.22788190841674805
36.0010376,92.50733185,5.649950981,6520,7625,0.22934174537658691
36.00191879,93.00905609,5.650848866,5977,7204,0.2283778190612793
35.99934006,93.50858307,5.649921417,5791,6828,0.22756457328796387
35.9986496,94.00900269,5.650941372,5490,6623,0.22846555709838867
35.99871063,94.50924683,5.650213242,4974,6367,0.22843289375305176
36.00018311,95.01235962,5.649744987,4552,6392,0.23070883750915527
35.99896622,95.5098877,5.649852753,4105,6147,0.22815895080566406
36.00053406,96.00889587,5.650001526,3935,6038,0.2287156581878662
36.00056458,96.50723267,5.651291847,3744,5841,0.2293412685394287
36.00086975,97.00839996,5.649970055,3751,5851,0.22746610641479492
35.99962616,97.51081848,5.649926186,3742,5621,0.2278609275817871
35.99853516,98.00883484,5.648540497,3625,5865,0.2289438247680664
36.00004196,98.50933075,5.650326729,3530,5740,0.22908616065979004
36.00183868,99.00987244,5.649790764,3601,5693,0.229583740234375
36.00057983,99.50852966,5.650150776,3497,5574,0.2280406951904297
36.00015259,100.0101242,5.64988327,3455,5509,0.22886061668395996
36.50035095,82.98971558,5.650428772,5391,6751,0.2273261547088623
36.49814606,83.49246979,5.649728775,5802,6760,0.22891736030578613
36.50139236,83.99447632,5.649895191,6269,7308,0.22813916206359863
36.5031395,84.49862671,5.649857998,6347,7380,0.2280428409576416
36.49979401,84.99845886,5.649215698,6347,7562,0.2283008098602295
36.49707031,85.4990387,5.651385307,6776,7471,0.2288191318511963
36.49627304,86.00285339,5.651098251,6683,7502,0.2277686595916748
36.5005722,86.50250244,5.649147034,6764,7865,0.22995686531066895
36.50164032,87.00223541,5.649741173,6972,8165,0.22826695442199707
36.4995842,87.50254059,5.650259972,7566,8072,0.2281184196472168
36.50038147,88.00195312,5.650229454,7945,8363,0.2309885025024414
36.50120926,88.50292969,5.650714874,8168,8912,0.22696232795715332
36.50134277,89.00637054,5.649868965,9054,9721,0.22852849960327148
36.50149536,89.50484467,5.649880409,9397,10163,0.22925686836242676
36.50037384,90.0045929,5.649787426,8697,9785,0.22783184051513672
36.49967957,90.50450134,5.650279522,8380,8954,0.22957801818847656
36.4980545,91.00814056,5.649620056,7711,8062,0.2293410301208496
36.49616241,91.50882721,5.650409698,7480,7862,0.2300708293914795
36.50016785,92.00763702,5.650546074,7077,7792,0.22954154014587402
36.50233078,92.50796509,5.64895916,6374,7677,0.22776103019714355
36.50510025,93.00725555,5.650239944,5682,6902,0.22823834419250488
36.50167847,93.50817871,5.649768829,5551,6542,0.22881245613098145
36.50019836,94.01020813,5.650424004,5292,6536,0.2290198802947998
36.50004196,94.50785828,5.650075436,5167,6080,0.22871661186218262
36.50048828,95.00974274,5.649978638,4358,6109,0.2284555435180664
36.50061798,95.50871277,5.648911476,3971,5985,0.2294473648071289
36.49830246,96.00888062,5.650222778,3913,6022,0.22894740104675293
36.49577332,96.51052856,5.65010643,3773,5847,0.23071575164794922
36.49972534,97.00775146,5.649941921,3678,5740,0.22795748710632324
36.50008774,97.50862122,5.649981499,3579,5595,0.2294912338256836
36.49860382,98.00556946,5.648286819,3755,5699,0.22804808616638184
36.50014496,98.50827026,5.649996758,3618,5652,0.22783684730529785
36.50144196,99.01334381,5.64971447,3551,5782,0.22754883766174316
36.49872589,99.51216125,5.649564743,3545,5596,0.22843599319458008
36.49849701,100.0093689,5.650109291,3492,5495,0.22829604148864746
37.00159073,82.99115753,5.65126276,5817,6651,0.22879981994628906
37.00077057,83.49497223,5.649147987,6090,6588,0.23073482513427734
37.00234985,83.9977417,5.650717735,6320,6987,0.22873473167419434
36.99961853,84.49916077,5.649515152,6232,7385,0.22783160209655762
36.99913788,84.99804687,5.650673866,6256,7403,0.2280721664428711
36.99979401,85.49979401,5.650242805,6258,7306,0.22927045822143555
37.00221252,85.99995422,5.649436951,6619,7592,0.22867393493652344
37.00140381,86.50141907,5.649665356,6945,7745,0.22924518585205078
36.99934387,87.00267792,5.650235176,6907,7572,0.2299046516418457
37.00102997,87.50118256,5.648497581,6862,7696,0.22892451286315918
37.00091171,88.00167084,5.651096344,7105,8166,0.22822928428649902
37.00226593,88.50531006,5.649861813,7535,8415,0.22923803329467773
36.99973679,89.00454712,5.648219585,8086,8896,0.2272958755493164
36.99791718,89.5050354,5.649974823,8377,9341,0.2301921844482422
36.99984741,90.00196838,5.650048256,9043,10077,0.2285773754119873
37.00161743,90.50595093,5.64926815,9446,10103,0.22901320457458496
37.00299072,91.00525665,5.650211334,8595,9347,0.2276625633239746
36.99917603,91.50683594,5.649881363,8003,8324,0.23026561737060547
36.99957275,92.00663757,5.649863243,7075,7755,0.2277209758758545
37.00176239,92.5076828,5.649429321,6545,7325,0.22738409042358398
37.00241852,93.00878143,5.649568558,6029,6857,0.22948598861694336
37.00094604,93.5090332,5.649806976,5419,6408,0.22885656356811523
36.99798965,94.00882721,5.651684761,5195,6409,0.22952795028686523
37.00165939,94.50804901,5.650032997,4614,6413,0.22854256629943848
36.99853516,95.00886536,5.64974308,4162,6070,0.2283027172088623
37.00013733,95.50950623,5.650362015,4000,5935,0.2280595302581787
36.99833679,96.00774384,5.650036335,3860,5820,0.22912120819091797
37.0008316,96.50743103,5.649731636,3695,5851,0.22852611541748047
37.00117111,97.00920105,5.650216103,3655,5742,0.22865724563598633
36.99970627,97.51094055,5.650781631,3571,5687,0.22789525985717773
37.00042725,98.00965881,5.649401665,3665,5718,0.22855687141418457
37.00106049,98.50891113,5.650240898,3564,5618,0.22869539260864258
37.00014496,99.00933838,5.649862289,3618,5580,0.22799038887023926
37.00101089,99.50939941,5.648736954,3420,5699,0.22777605056762695
37.00112915,100.0089264,5.649973869,3611,5645,0.22873783111572266
37.49943542,82.98666382,5.650950432,6227,7064,0.22875547409057617
37.50122833,83.49316406,5.64997673,6313,7087,0.2289438247680664
37.50151443,83.99373627,5.649971485,6386,6971,0.22886300086975098
37.50368118,84.4967041,5.65067482,6328,7098,0.22986674308776855
37.50195312,84.9984436,5.649989128,6441,7348,0.2294633388519287
37.4989624,85.49952698,5.650465965,6506,7551,0.2269747257232666
37.5011673,85.99954224,5.650422096,6607,7661,0.2288815975189209
37.50322723,86.49989319,5.649672985,6741,7602,0.2287454605102539
37.49959946,87.00088501,5.650241375,6831,7579,0.22830677032470703
37.49636078,87.50428772,5.648939133,6958,7702,0.2299346923828125
37.49800873,88.00245667,5.649101257,6940,7770,0.22803211212158203
37.50246811,88.50378418,5.649689674,7199,8217,0.22850251197814941
37.49783707,89.00543213,5.650128365,7406,8388,0.23029375076293945
37.49805069,89.50396729,5.651064873,7712,8596,0.2283487319946289
37.50001907,90.0063858,5.649370193,8455,8967,0.23081588745117188
37.5014267,90.50629425,5.649665356,8906,9827,0.22835683822631836
37.50323486,91.00564575,5.649643898,9323,9985,0.23210620880126953
37.49878693,91.50708771,5.650366783,8907,9148,0.22751593589782715
37.49803162,92.00468445,5.649831772,7933,8485,0.2294774055480957
37.50066376,92.50720215,5.649398804,6546,7212,0.22875761985778809
37.49995041,93.009552,5.649585724,6468,6543,0.229323148727417
37.5025177,93.50701904,5.6498909,5766,6531,0.2267467975616455
37.49718475,94.00721741,5.650119305,5497,6648,0.22745800018310547
37.49753952,94.50754547,5.648902893,4579,6523,0.22855329513549805
37.50273132,95.00819397,5.650247097,4191,6201,0.23014545440673828
37.50506592,95.51266479,5.650111198,3912,5948,0.22824525833129883
37.49890518,96.00865936,5.64932251,3832,5918,0.23050761222839355
37.49322128,96.50806427,5.650316715,3588,5719,0.2280571460723877
37.49911499,97.00870514,5.650093079,3657,5658,0.22834324836730957
37.50177002,97.51078796,5.649258614,3629,5810,0.2280573844909668
37.50256348,98.0120697,5.649936676,3592,5616,0.22838854789733887
37.49552155,98.51081848,5.65159893,3466,5680,0.22792506217956543
37.49720764,99.00730896,5.64966774,3611,5586,0.22859978675842285
37.50056458,99.51078033,5.649147034,3555,5489,0.2288517951965332
37.49966431,100.0119171,5.651120186,3611,5553,0.22809720039367676
37.9993515,82.98727417,5.650603294,6299,7444,0.22933030128479004
37.99946213,83.49401093,5.648983002,6724,7653,0.2279496192932129
38.00312805,83.99726105,5.649890423,6643,7528,0.22893142700195312
38.00148773,84.49776459,5.650385857,6964,7191,0.23008513450622559
38.00022888,84.99752808,5.650001526,6783,7000,0.2297365665435791
37.99769974,85.49828339,5.649652481,6696,7264,0.2281351089477539
37.99880981,85.99964905,5.648432732,6576,7196,0.23047757148742676
38.0022049,86.49969482,5.650122643,6655,7597,0.22875738143920898
38.00226593,87.00302124,5.651152611,6500,7500,0.22808599472045898
38.00093842,87.50199127,5.649192333,6735,7686,0.23005056381225586
37.99993896,88.00210571,5.649177551,6895,7559,0.22939229011535645
38.00190735,88.50300598,5.649742126,6891,7445,0.22977089881896973
38.00362778,89.00236511,5.650155067,7037,8044,0.2295513153076172
38.00059509,89.50418091,5.649924278,7237,8089,0.2290029525756836
37.9981842,90.00486755,5.649816513,7460,8311,0.22926807403564453
37.99780655,90.50549316,5.64918232,7836,8434,0.22947239875793457
38.00323486,91.0070343,5.650901318,8077,8722,0.22908592224121094
38.00521469,91.50588989,5.650069237,8456,9002,0.22945618629455566
38.0016098,92.00741577,5.651067257,8321,8346,0.23252058029174805
37.99927521,92.50832367,5.649632931,7270,7373,0.22937703132629395
37.99934006,93.00764465,5.649795532,7133,6891,0.2297511100769043
38.00078964,93.50894928,5.651319981,5873,6541,0.22781157493591309
38.00206757,94.01023865,5.649758339,4764,6411,0.22679901123046875
37.9981842,94.51039886,5.650079727,4142,6440,0.2287442684173584
37.99835587,95.00958252,5.650309086,3969,6059,0.22853779792785645
38.00039291,95.5093689,5.649676323,3944,5803,0.2286839485168457
38.00101852,96.00778198,5.64943409,3763,5700,0.22777080535888672
37.99936676,96.50753784,5.649785995,3737,5795,0.2290024757385254
37.99742889,97.00888062,5.650371075,3692,5695,0.22698760032653809
38.0014801,97.51164246,5.649641991,3588,5589,0.2277383804321289
38.00182343,98.01092529,5.650320053,3598,5702,0.2275834083557129
37.99969482,98.509552,5.649935246,3590,5775,0.22759294509887695
37.99866486,99.01078796,5.650063992,3624,5596,0.22804808616638184
37.99910736,99.51010895,5.650794983,3558,5572,0.228363037109375
38.00102615,100.0113831,5.650489807,3638,5626,0.2287425994873047
38.50647354,82.98869324,5.64993,6049,7083,0.22762370109558105
38.49843216,83.49147034,5.649656773,6707,7822,0.2287893295288086
38.49910736,83.99671936,5.650115013,7352,8165,0.22585678100585938
38.50041962,84.49758148,5.650273323,7530,7804,0.22727727890014648
38.50234604,84.998703,5.649449348,7308,7876,0.22699880599975586
38.49965668,85.50018311,5.651575089,7208,7243,0.22826552391052246
38.49711609,86.00241852,5.649724007,7098,7046,0.22915959358215332
38.50212097,86.50186157,5.649162292,6931,7370,0.22817301750183105
38.50339508,86.99817657,5.650339127,6736,7499,0.2292625904083252
38.50215149,87.501297,5.648931503,6716,7876,0.22862648963928223
38.49807739,88.0042572,5.650579453,6775,7634,0.2284257411956787
38.49983978,88.50476837,5.650343418,6939,7655,0.22914671897888184
38.4999733,89.00437927,5.650313377,7230,7818,0.2288830280303955
38.50259399,89.50389862,5.649747849,7027,7799,0.22880840301513672
38.49790192,90.00563812,5.649027348,7275,8154,0.2276167869567871
38.50091553,90.50591278,5.649346352,7281,8276,0.22756505012512207
38.50263977,91.00662231,5.649628162,7494,8196,0.22772502899169922
38.50080872,91.50656128,5.650424957,7816,8179,0.22791099548339844
38.49536133,92.00669861,5.649727821,7661,7665,0.2281341552734375
38.49830627,92.50993347,5.650686264,7158,7331,0.22854852676391602
38.50234222,93.00798035,5.649138451,6756,7458,0.22869443893432617
38.50267029,93.50726318,5.650962353,5227,6636,0.22908973693847656
38.50145721,94.00570679,5.649424553,4414,6194,0.22784924507141113
38.49835968,94.50969696,5.650607109,4114,6056,0.2289738655090332
38.50144958,95.01205444,5.649315834,3957,6049,0.22830438613891602
38.50548172,95.50981903,5.650230885,3793,5808,0.22850346565246582
38.50174713,96.00662231,5.649842262,3719,5763,0.22804665565490723
38.49403381,96.51005554,5.649363518,3781,5637,0.22850561141967773
38.50045395,97.01022339,5.649306297,3614,5707,0.22918128967285156
38.50222778,97.51144409,5.650190353,3699,5700,0.22967815399169922
38.50061035,98.01161957,5.651221275,3520,5776,0.2286686897277832
38.4989624,98.50918579,5.649451256,3572,5709,0.22791695594787598
38.49877548,99.00914764,5.650707245,3549,5705,0.2279653549194336
38.50324631,99.50973511,5.649196625,3501,5527,0.22690534591674805
38.50040436,100.009697,5.649597168,3505,5560,0.22917461395263672
39.00060272,82.98739624,5.650604248,5809,6734,0.22735142707824707
39.00062561,83.49291229,5.650856018,6341,7153,0.2273857593536377
39.00231934,83.99698639,5.650861263,6857,7827,0.2279653549194336
39.00146866,84.49771118,5.650292397,7080,8002,0.22789239883422852
38.99887085,85.00120544,5.649528027,7958,7974,0.22823715209960938
38.99964905,85.50080109,5.649629593,7688,7686,0.22605538368225098
38.99944305,86.00177765,5.650774956,7407,7560,0.22773241996765137
39.00011444,86.50126648,5.650000572,7157,7081,0.22700786590576172
38.99974823,87.00367737,5.649847031,6979,7284,0.22765398025512695
38.99755859,87.50149536,5.649624348,6514,7439,0.2270951271057129
38.99934387,88.00012207,5.651541233,6682,7621,0.22890090942382812
39.00209045,88.50254822,5.650853157,6620,7763,0.2292461395263672
39.00418854,89.00309753,5.649694443,6799,7632,0.22867512702941895
39.00063705,89.50402832,5.649593353,7039,7717,0.2275376319885254
38.99959564,90.00589752,5.651449203,6972,7651,0.22965669631958008
38.99999237,90.50717163,5.649210453,6884,7848,0.2289586067199707
39.00148392,91.00769806,5.649574757,6630,7611,0.22880887985229492
38.99659348,91.50844574,5.65017128,6383,7307,0.22908258438110352
38.99912643,92.00415802,5.649127483,6298,7042,0.22867727279663086
39.00176239,92.50533295,5.64956522,5950,6778,0.228165864944458
39.00326538,93.00775909,5.649056911,5324,6715,0.22810697555541992
38.99793243,93.50897217,5.651202679,4484,6594,0.22915887832641602
38.99893188,94.00772095,5.648542404,4186,6383,0.2275080680847168
38.99931335,94.5079422,5.649618149,3850,5697,0.22871804237365723
39.00305557,95.00790405,5.650170326,3649,5614,0.22889184951782227
38.99993896,95.51060486,5.649710178,3555,5581,0.22803735733032227
38.99750519,96.01045227,5.64958477,3503,5582,0.22873544692993164
38.99736023,96.51099396,5.649262428,3624,5658,0.2301645278930664
38.99966812,97.00847626,5.650317192,3530,5588,0.22907280921936035
39.00329971,97.50672913,5.649609566,3593,5552,0.22823262214660645
38.99982452,98.009552,5.649573803,3638,5584,0.22938060760498047
38.99690247,98.50914001,5.649001598,3575,5621,0.22833824157714844
38.9992218,99.01190186,5.649247169,3570,5605,0.2291736602783203
38.99904633,99.50855255,5.650221825,3642,5565,0.22862768173217773
39.00131226,100.0080261,5.649769783,3485,5638,0.22791504859924316
39.50242996,82.99057007,5.650568008,5267,6639,0.22948813438415527
39.50076294,83.49414062,5.649425983,5615,6854,0.22894978523254395
39.49811935,83.99816132,5.6492033,6035,7114,0.22833967208862305
39.49996185,84.49714661,5.650362492,6878,7406,0.2323312759399414
39.49840546,84.9992218,5.650770187,7194,7784,0.2296433448791504
39.49901962,85.50099182,5.64985466,7421,8091,0.2284557819366455
39.50308228,86.00004578,5.650347233,8001,7721,0.2303633689880371
39.50292587,86.50095367,5.649934769,7677,7596,0.22907042503356934
39.4992218,86.99983215,5.65059042,7350,7394,0.22945404052734375
39.49716187,87.50125885,5.650204182,7066,7070,0.2278430461883545
39.50209045,88.00398254,5.651163101,6853,7421,0.23040556907653809
39.503685,88.50436401,5.650196075,6632,7524,0.2297375202178955
39.50131989,89.00614929,5.64969635,6568,7710,0.22925233840942383
39.49650574,89.50466919,5.650118828,6418,7577,0.2282240390777588
39.4985733,90.00668335,5.64969492,6750,7533,0.228165864944458
39.50009155,90.50570679,5.650749207,6570,7494,0.22766637802124023
39.50168228,91.00746155,5.650691986,6328,7184,0.22818493843078613
39.50057983,91.50514984,5.651417255,6038,7173,0.22914385795593262
39.49946976,92.00457764,5.649806976,5706,6891,0.22858595848083496
39.50054169,92.50634766,5.650197029,5323,6485,0.22867560386657715
39.50173569,93.00820923,5.650007248,4620,6443,0.23032402992248535
39.50062943,93.50780487,5.650371552,4179,6301,0.22803521156311035
39.4995575,94.0059967,5.647406101,3956,5969,0.22755169868469238
39.50066376,94.51073456,5.649485588,3766,5943,0.23062801361083984
39.50059509,95.00857544,5.649435043,3775,5828,0.22800922393798828
39.50206757,95.50886536,5.648970604,3621,5678,0.2290503978729248
39.50041199,96.00958252,5.649423599,3619,5740,0.22864603996276855
39.50000763,96.50990295,5.650162697,3611,5648,0.22869229316711426
39.50079346,97.0096283,5.650260925,3606,5750,0.22864317893981934
39.49775696,97.51259613,5.650643349,3599,5663,0.22857999801635742
39.49862671,98.00907135,5.650647163,3500,5638,0.22905611991882324
39.50187683,98.5092392,5.650949478,3612,5516,0.22798681259155273
39.50495911,99.01004028,5.649746895,3697,5474,0.2288973331451416
39.5018158,99.5092926,5.650173187,3718,5721,0.22864675521850586
39.49909592,100.0117645,5.650586128,3534,5715,0.23013019561767578
40.00188828,82.99189758,5.650621414,5079,6721,0.22878408432006836
40.00269318,83.49239349,5.649412155,5450,6868,0.22787761688232422
40.00175858,83.9948349,5.649950027,5815,6894,0.22852778434753418
39.99865723,84.49539948,5.649143219,5957,7142,0.2305312156677246
40.00019073,84.99884033,5.65085125,6482,7203,0.22687959671020508
39.99905396,85.50169373,5.649599075,7017,7595,0.2287120819091797
39.99898911,86.00161743,5.649869442,7420,7986,0.22902703285217285
40.00183868,86.50183868,5.650180817,7888,8173,0.22891736030578613
40.00067139,87.00039673,5.650017738,8256,7891,0.2284409999847412
40.00151443,87.5045929,5.649423599,7794,8041,0.22801470756530762
40.00270462,88.0045929,5.649402618,7241,7200,0.22819900512695312
40.00274277,88.50376892,5.650776863,7177,7463,0.22761082649230957
40.00054169,89.0042572,5.650696754,6839,7388,0.2264854907989502
40.00001526,89.50551605,5.650076866,6728,7710,0.22812438011169434
40.00143433,90.00616455,5.650741577,6263,7844,0.22797417640686035
40.0007019,90.50608826,5.651534081,5910,7313,0.22837615013122559
39.99856567,91.0059967,5.650117397,5787,6814,0.22886919975280762
40.00107956,91.50597382,5.649559975,5927,6730,0.2280712127685547
40.00479126,92.00558472,5.649271011,5475,6493,0.22849583625793457
39.99939346,92.5092392,5.651322365,4807,6296,0.22834539413452148
39.99943924,93.00590515,5.650907516,4420,6374,0.22863268852233887
39.99744415,93.50627136,5.651580811,4223,6221,0.22971510887145996
40.00030899,94.00830078,5.65067482,3929,6184,0.22910284996032715
40.0030365,94.51043701,5.649804115,3723,6165,0.22772979736328125
40.00102234,95.00942993,5.649756432,3728,5938,0.2293100357055664
39.99595642,95.51223755,5.649790764,3691,5769,0.23000240325927734
39.99536133,96.01054382,5.650461197,3684,5753,0.22790026664733887
40.00280762,96.50888062,5.649928093,3722,5772,0.2275373935699463
40.00317383,97.01038361,5.648753166,3652,5558,0.22812819480895996
40.00116348,97.51005554,5.649354935,3684,5635,0.22674798965454102
39.99609375,98.00907135,5.649740219,3612,5628,0.22765684127807617
39.99876022,98.50917053,5.649621487,3567,5601,0.22915267944335938
40.00301743,99.00943756,5.649294853,3625,5594,0.22827529907226562
40.00162888,99.50836945,5.650330544,3418,5679,0.22844433784484863
39.99734497,100.0077362,5.650450706,3462,5543,0.2305443286895752
