25.99822998,88.00038147,3.062114716,3357,6123,0.22926902770996094
26.00125885,88.49648285,3.061476231,3352,5835,0.22854351997375488
25.99925995,88.99745178,3.061411858,3360,5738,0.22847414016723633
26.00028992,89.49816895,3.062087059,3318,5829,0.22832727432250977
26.00153732,89.99829102,3.062483311,3356,5651,0.22853422164916992
26.49835587,88.01502991,3.061695099,3713,6986,0.22954440116882324
26.49848175,88.49681091,3.063271046,3486,6387,0.22913146018981934
26.49782562,88.99784088,3.062051773,3402,6074,0.22845959663391113
26.49930954,89.49958801,3.062456131,3330,5761,0.2280275821685791
26.49900436,89.99797058,3.062020302,3225,5709,0.2290184497833252
27.00337601,88.01400757,3.062594891,4470,9121,0.22762513160705566
27.0023613,88.49414062,3.062163353,3878,7337,0.2284700870513916
27.00170517,88.99763489,3.06144762,3628,6649,0.22961783409118652
27.00065613,89.49756622,3.061696053,3461,6279,0.22773408889770508
26.99655533,89.99989319,3.06176281,3321,5879,0.22814249992370605
27.50030899,88.01725769,3.06163311,7100,13215,0.2286689281463623
27.49713516,88.49412537,3.062019348,5321,11917,0.22794032096862793
27.50329971,88.99830627,3.061714649,4310,8374,0.2279365062713623
27.50004196,89.49771881,3.062428951,3733,7153,0.2293555736541748
27.49940109,89.99701691,3.061603069,3624,6553,0.22880864143371582
28.00227356,88.01506042,3.062038422,6181,10582,0.22964978218078613
28.0014267,88.49472046,3.062881947,5860,10208,0.22913146018981934
28.00057602,88.99746704,3.061940193,7197,13604,0.23008036613464355
28.0004921,89.49900818,3.061795235,5240,10232,0.22875618934631348
28.00347519,89.99790192,3.06151247,3948,7879,0.22834205627441406
28.50281143,88.01364136,3.061655521,7778,12758,0.22786545753479004
28.50039673,88.49537659,3.062719345,7248,11711,0.22958636283874512
28.49846649,88.99594116,3.061810493,6325,10954,0.22929167747497559
28.49595261,89.49746704,3.061915398,6502,11877,0.22808456420898438
28.49992752,89.99929047,3.062339306,6226,13239,0.22832703590393066
29.00140762,88.01408386,3.061406136,8582,12920,0.22816109657287598
29.00503922,88.49597931,3.061973095,8393,13253,0.22922229766845703
28.99959183,88.99744415,3.061967373,8009,12637,0.22875356674194336
28.99946213,89.49610138,3.062054157,6925,11075,0.22840499877929688
29.00278091,89.99503326,3.061484337,6086,10503,0.22936654090881348
29.49899292,88.01284027,3.062777519,8955,12942,0.22932004928588867
29.50083923,88.49620056,3.062927246,8844,12995,0.2288532257080078
29.5010643,88.99754333,3.061564922,8378,13146,0.2293689250946045
29.50149536,89.49523163,3.061993599,8176,13122,0.22535300254821777
29.50300217,89.99767303,3.062439919,7625,11780,0.22783875465393066
29.99999428,88.01577759,3.062754154,8143,11302,0.22712135314941406
29.99920654,88.49479675,3.060916901,8758,12844,0.22734522819519043
30.00098228,88.99562073,3.061760902,8867,12861,0.2288682460784912
29.99977303,89.49862671,3.061295033,8625,13254,0.2286374568939209
30.00387192,89.99928284,3.062152863,8375,13134,0.22694921493530273
30.50471115,88.0141449,3.063937664,6962,9420,0.22898554801940918
30.50002098,88.49577332,3.061770439,7998,11027,0.2286520004272461
30.50162506,88.99390411,3.061220169,8915,12128,0.2296280860900879
30.50195503,89.49589539,3.062626839,9607,14832,0.22916865348815918
30.50173187,89.99656677,3.060957909,8633,13033,0.22799992561340332
31.00462341,88.01564026,3.062141895,4905,7711,0.22851181030273438
31.00299454,88.49562836,3.062813759,6928,12380,0.22646450996398926
31.00392723,88.99692535,3.061774254,9029,14698,0.22876620292663574
30.99840355,89.49642944,3.063262463,9464,15417,0.22939682006835938
31.00021935,89.99898529,3.06099844,9327,14958,0.22979283332824707
31.50286293,88.0134201,3.061225891,4373,7932,0.22909951210021973
31.49979782,88.49410248,3.062098026,5240,9698,0.23000192642211914
31.50263405,88.99626923,3.062108994,7787,13479,0.22908878326416016
31.50331879,89.49729919,3.061740398,6967,11551,0.2284703254699707
31.50227165,89.99964905,3.061368942,7160,10415,0.2280874252319336
32.00559616,88.01372528,3.061020851,4850,9392,0.226912260055542
32.00012589,88.49307251,3.061897755,4419,8129,0.228271484375
31.99926376,88.99874115,3.061943531,4514,8108,0.22948217391967773
32.00170135,89.4958725,3.061347485,4677,7955,0.22908949851989746
31.99981117,89.99716187,3.063205719,5540,8849,0.22806882858276367
32.50447845,88.01263428,3.062528133,8090,16437,0.23023724555969238
32.50183105,88.49285889,3.060418129,6065,12384,0.22968339920043945
32.49894714,88.99595642,3.061835289,4787,9400,0.22821378707885742
32.5043335,89.49754333,3.061617851,4445,8082,0.2285597324371338
32.50202942,89.99987793,3.062565804,4318,7561,0.22986149787902832
33.0017662,88.01327515,3.062402725,7301,12534,0.2281813621520996
33.00405121,88.49487305,3.061512947,6919,12622,0.22931385040283203
33.0007515,88.99673462,3.062682629,7347,15098,0.22865986824035645
32.99970245,89.49782562,3.061572075,5209,10302,0.22811269760131836
32.99887848,90.00071716,3.061418056,4394,8036,0.2282090187072754
33.50163269,88.01475525,3.062224865,8054,12665,0.23383331298828125
33.50273132,88.49651337,3.062045574,7599,11571,0.23018479347229004
33.49954224,88.99487305,3.060722828,6919,11374,0.22761130332946777
33.50182343,89.49625397,3.061273098,7543,14424,0.22695541381835938
33.50148392,89.99925995,3.062481403,6271,13407,0.22942686080932617
34.00450897,88.01396179,3.062047005,8262,13125,0.23098325729370117
34.00439453,88.49589539,3.062016964,8345,13237,0.22859859466552734
34.00310516,88.99681091,3.063583374,8180,12280,0.22841215133666992
34.00085831,89.49648285,3.060984135,7122,11858,0.2286396026611328
34.00014114,89.99925232,3.061700821,6753,11099,0.2298743724822998
34.50440979,88.0136261,3.062689781,8401,12100,0.2285749912261963
34.5031662,88.49428558,3.061024189,8941,12977,0.22784209251403809
34.50460052,88.99668884,3.061995983,8302,13080,0.22753381729125977
34.50143433,89.49588013,3.060521126,7900,12992,0.22759079933166504
34.50276184,89.99839783,3.062282562,7757,11814,0.2283773422241211
35.0030632,88.01277161,3.061061382,8404,11576,0.22885847091674805
35.00270462,88.49455261,3.061274529,8635,12078,0.2320575714111328
35.00248337,88.99794769,3.062949181,8835,12660,0.22947382926940918
34.99974823,89.49642944,3.062508583,8342,13160,0.2275846004486084
35.00285721,89.99945068,3.061993599,8308,13015,0.22860145568847656
35.5052948,88.01426697,3.061861515,6678,8891,0.22792506217956543
35.50239182,88.49304962,3.061892986,8146,10875,0.22922182083129883
35.50298309,88.99620819,3.061690807,8560,12317,0.22958064079284668
35.50125504,89.49758148,3.060954571,8651,12537,0.22795772552490234
35.50192261,89.998909,3.06195879,8735,12806,0.2291579246520996
36.00519562,88.01519012,3.06102705,5038,7862,0.22839879989624023
36.00035095,88.49422455,3.063191891,6236,8829,0.22789669036865234
36.00135803,88.99697113,3.060424328,7121,10005,0.22915077209472656
35.99967194,89.49554443,3.0625,8585,11718,0.22930455207824707
36.00348663,89.99697876,3.061535358,8711,12583,0.2285318374633789
