-0.004543304443,-0.004165649414,2.299463749,3552,6439,0.32721638679504395
-0.004962921143,5.003284454,2.299945354,3496,6357,0.22692418098449707
-0.00626373291,10.02376938,2.299798012,3453,6197,0.22690796852111816
-0.001754760742,15.03699875,2.299847603,3458,6352,0.2271573543548584
-0.0007858276367,20.04807663,2.300452232,3504,6273,0.22670316696166992
-0.002880096436,25.0596199,2.300502777,3639,6428,0.22876596450805664
-0.006294250488,30.07011414,2.3007617,3531,6419,0.22833681106567383
-0.002994537354,35.07605743,2.300547123,3501,6224,0.22669315338134766
5.340576172e-05,40.08385849,2.300339699,3624,6223,0.22873783111572266
0.002391815186,45.08824158,2.300289631,3601,6346,0.22600746154785156
-0.001232147217,50.09382248,2.300198078,3517,6245,0.22868967056274414
-0.002143859863,55.10003281,2.301066875,3549,6266,0.2264242172241211
0.0003967285156,60.10814285,2.300379276,3526,6384,0.22781729698181152
0.001819610596,65.11530304,2.300744534,3619,6344,0.22852325439453125
-0.002250671387,70.12267303,2.301086903,3848,6621,0.22961735725402832
-0.001094818115,75.1240387,2.300300598,6067,8501,0.22898006439208984
-0.001434326172,80.12560272,2.299904346,7659,11416,0.22835946083068848
-0.0007743835449,85.13124084,2.300310612,8602,12530,0.22704148292541504
-0.0005836486816,90.1314621,2.300471783,9130,12871,0.2286834716796875
-0.0002021789551,95.13381958,2.299777508,10279,14468,0.22857975959777832
0.001964569092,100.135704,2.300734043,7688,12043,0.22744250297546387
5.006519318,-0.04783248901,2.300519943,3526,6209,0.32774925231933594
5.001667023,5.001243591,2.300682068,3538,6241,0.2274770736694336
5.004329681,10.02376175,2.299846172,3401,6374,0.2266554832458496
5.001663208,15.03504944,2.300331116,3470,6235,0.22847962379455566
4.999977112,20.04598236,2.299512386,3563,6212,0.22734308242797852
4.999591827,25.05256271,2.300682545,3554,6288,0.22707557678222656
5.000110626,30.06558609,2.299978256,3553,6222,0.22734856605529785
5.003772736,35.07450104,2.300222397,3518,6229,0.22781801223754883
5.000713348,40.07923508,2.300580502,3527,6236,0.22895097732543945
4.997573853,45.08678818,2.300474644,3586,6342,0.2303025722503662
5.00094223,50.09159851,2.299282074,3701,6383,0.22768235206604004
5.002567291,55.09790039,2.300163269,3555,6388,0.22829079627990723
5.002540588,60.1052742,2.300029278,3572,6430,0.22759556770324707
4.999290466,65.11133575,2.301114559,3638,6375,0.22782397270202637
4.999900818,70.11677551,2.301865101,3656,6458,0.2268526554107666
5.001358032,75.12019348,2.300993443,3847,6747,0.22677040100097656
4.998935699,80.12514496,2.299663544,4102,6754,0.2280266284942627
5.000091553,85.12597656,2.300492764,6613,8454,0.2276778221130371
5.001373291,90.12733459,2.301107407,9046,12688,0.2296769618988037
5.001186371,95.13137817,2.300123692,9796,12641,0.22721266746520996
5.000396729,100.1304016,2.301576614,9837,13082,0.22760438919067383
10.0113945,-0.04400634766,2.299654484,3510,6442,0.3272378444671631
10.00549316,5.004142761,2.300671577,3518,6202,0.22759532928466797
10.00032425,10.02069855,2.299015999,3572,6456,0.22837328910827637
9.999198914,15.03451538,2.299874783,3532,6437,0.22627711296081543
10.0013504,20.0478096,2.29823637,3502,6404,0.22725486755371094
10.0028801,25.05620956,2.300699234,3575,6335,0.2270967960357666
10.00090408,30.06565857,2.300894737,3492,6334,0.22852396965026855
10.0011673,35.07252884,2.301016808,3653,6497,0.22792887687683105
10.00184631,40.07958221,2.300183773,3775,6444,0.22889494895935059
10.0038414,45.08617401,2.301193237,5619,11267,0.2270340919494629
10.00283813,50.0931015,2.30112505,3738,6913,0.22793841361999512
10.00045776,55.09743118,2.301012993,3632,6512,0.2265622615814209
9.998924255,60.10579681,2.300305843,3726,6333,0.23017668724060059
9.999271393,65.1129303,2.301431179,3534,6431,0.2305295467376709
9.998435974,70.11567688,2.301339626,4264,7400,0.22723150253295898
10.00080872,75.12241364,2.300531864,4288,7596,0.2279350757598877
10.00058746,80.12413025,2.30099678,3654,6439,0.2274179458618164
10.00139999,85.12628174,2.300068378,3689,6605,0.2265162467956543
9.998935699,90.13048553,2.299150467,4631,7139,0.22617673873901367
9.995651245,95.12981415,2.299776077,8007,9387,0.22685456275939941
10.00013733,100.131546,2.29983902,9789,12415,0.22696137428283691
15.01161575,-0.04556274414,2.300405025,3735,6333,0.32724881172180176
15.00270462,4.999336243,2.299963951,3585,6373,0.22620034217834473
15.00263214,10.02023697,2.299836636,3510,6378,0.22742056846618652
15.00257874,15.0320282,2.299398422,3452,6229,0.2296922206878662
15.00310135,20.0453186,2.299920082,3478,6181,0.227921724319458
15.00133133,25.05662537,2.300605774,3575,6315,0.22880077362060547
15.00013351,30.06678391,2.299961567,3644,6500,0.22700858116149902
14.99906921,35.07358551,2.300263405,3685,6421,0.22617602348327637
15.00070953,40.08105087,2.300452709,8247,7613,0.22784829139709473
15.00307846,45.08692551,2.30108881,8082,13029,0.22673726081848145
14.99833679,50.09279633,2.301518917,8175,15275,0.22782349586486816
14.99930191,55.09924316,2.301502705,3605,7035,0.22630095481872559
15.00271606,60.10675049,2.302350044,3600,6410,0.22716140747070312
15.00217438,65.11058807,2.30082798,3759,6609,0.22808313369750977
15.00004959,70.1162262,2.300830364,9016,12083,0.22922229766845703
14.99982452,75.11953735,2.299781322,6216,8341,0.22783207893371582
15.00177765,80.12425995,2.300168037,3632,6361,0.22600793838500977
15.00258255,85.1257019,2.301572323,3628,6450,0.228255033493042
14.99782181,90.13258362,2.301414967,3675,6241,0.22716999053955078
14.99942017,95.13194275,2.299283504,3743,6563,0.2272500991821289
15.00292969,100.1294098,2.299998283,6386,8175,0.22764086723327637
20.01146317,-0.04573822021,2.29993248,3676,6318,0.3268771171569824
20.00371552,5.001079559,2.300703526,3486,6238,0.23162460327148438
20.0056839,10.02070999,2.299166679,3552,6242,0.22800493240356445
20.00585175,15.03390121,2.299470425,3503,6293,0.22805571556091309
20.00025558,20.04618835,2.300829411,3534,6165,0.22727274894714355
20.00064468,25.05920029,2.300096989,3614,6241,0.22826242446899414
20.00302124,30.06536865,2.299983501,3673,6279,0.2284541130065918
20.00522232,35.07107544,2.300445557,4682,6466,0.2273249626159668
20.00055313,40.07984161,2.300900459,8286,12709,0.2266247272491455
20.00020981,45.08730698,2.301605701,7882,12643,0.23220157623291016
20.00115585,50.09288788,2.300608635,5964,14153,0.2279801368713379
20.00224304,55.09724045,2.301396847,3712,6488,0.22684359550476074
20.0012207,60.10491943,2.2991786,3706,6441,0.22783136367797852
19.99784851,65.11060333,2.302658081,3892,6455,0.22700786590576172
19.9981575,70.112854,2.29872036,3801,6745,0.22839689254760742
20.00297546,75.12219238,2.300750256,3745,6450,0.22631049156188965
20.00138474,80.12411499,2.300162792,3670,6318,0.2273404598236084
20.00030899,85.12760925,2.300268173,3658,6312,0.22919201850891113
19.99824142,90.1288147,2.300147057,3570,6419,0.2294328212738037
20.00095749,95.12911987,2.300878048,3673,6426,0.22813987731933594
20.00180054,100.1296005,2.300224781,3614,6341,0.22702360153198242
25.01489639,-0.04516220093,2.300654888,3575,6285,0.32840991020202637
25.00899506,5.001026154,2.300208569,3586,6326,0.22910451889038086
25.00508881,10.02400208,2.300747395,3482,6521,0.22787046432495117
25.00100708,15.03661346,2.299773693,3465,6427,0.22626972198486328
25.00128555,20.04560852,2.299850941,3584,6442,0.22674942016601562
25.00479889,25.05438614,2.29964447,3691,6437,0.227372407913208
25.00123596,30.06477356,2.300439835,3841,6659,0.2264268398284912
24.99900436,35.0720787,2.300744534,12044,11199,0.2268047332763672
25.00101471,40.08241272,2.300658226,8064,13126,0.22657275199890137
25.00366211,45.08522797,2.300175667,7959,13144,0.22725272178649902
25.00294113,50.09256744,2.300048828,4054,7062,0.2261519432067871
25.00072861,55.10152435,2.299939156,3577,6447,0.2276139259338379
24.99795151,60.10944748,2.300349236,4032,6489,0.22655701637268066
25.00118256,65.10969543,2.300085068,11524,14261,0.2279667854309082
25.00138092,70.1149826,2.302122593,6992,11608,0.22791171073913574
25.00071716,75.12207794,2.300079346,3798,6809,0.22676491737365723
24.99786758,80.1245575,2.300611019,3722,6478,0.22707152366638184
25.00021362,85.126297,2.299547195,3719,6606,0.2285168170928955
24.99931717,90.1308136,2.301281929,3621,6570,0.22816920280456543
25.00284958,95.12889099,2.299777508,3733,6364,0.22853827476501465
25.00139236,100.1315613,2.300507545,3675,6411,0.22686195373535156
30.01557159,-0.0475730896,2.299488544,3783,6509,0.32730650901794434
30.00579071,5.002761841,2.300314903,3690,6318,0.2270030975341797
30.00470734,10.02203369,2.30036068,3581,6432,0.22765660285949707
30.00397301,15.03387451,2.2996068,3589,6473,0.22700786590576172
30.00208855,20.04600525,2.299853802,3616,6534,0.22629880905151367
30.00061798,25.05591202,2.300008297,3573,6673,0.2262122631072998
30.00286674,30.06331635,2.300405025,6630,6754,0.22709226608276367
30.00222015,35.07278824,2.300403118,8632,12823,0.2265162467956543
30.00152779,40.08259583,2.300325871,8299,12755,0.22672128677368164
29.99909592,45.08803558,2.301443577,5221,13299,0.22821903228759766
30.00064468,50.09355164,2.300833225,3759,6569,0.22814178466796875
30.00169182,55.1002655,2.300513744,3793,6663,0.22724390029907227
29.99917793,60.10506439,2.301241398,11405,8051,0.22673702239990234
30.0016861,65.1137619,2.300727367,9724,12746,0.22670698165893555
30.00025749,70.11877441,2.300431252,10306,13470,0.22744989395141602
30.00022125,75.12099457,2.300331116,4279,8424,0.22699522972106934
30.00118446,80.12300873,2.300247669,3636,6463,0.22745609283447266
29.99931145,85.12548065,2.300728798,3506,6427,0.22845125198364258
29.9971962,90.12802124,2.299705982,3694,6510,0.22658085823059082
29.99847221,95.1326828,2.300169945,3715,6417,0.22818875312805176
30.00201035,100.1309586,2.300144672,3591,6433,0.22655940055847168
35.01756287,-0.0450630188,2.299301624,3530,6435,0.3264453411102295
35.00497437,5.001331329,2.299317837,3657,6524,0.2268531322479248
35.00585937,10.02065659,2.29955864,3668,6413,0.22882509231567383
35.00205612,15.03454971,2.299325466,3626,6441,0.22842812538146973
35.00294495,20.04523849,2.300760746,3626,6392,0.2270674705505371
35.00246429,25.05747223,2.299807072,4088,6591,0.227614164352417
35.00430298,30.06652832,2.300609589,9933,12652,0.22770929336547852
35.00218201,35.07514954,2.300029278,8730,13154,0.22719359397888184
35.00157928,40.08028412,2.3005867,7185,13095,0.22730326652526855
35.00176239,45.08673859,2.300944328,3765,6655,0.22887372970581055
34.99982452,50.09381104,2.300527096,3796,6362,0.22614145278930664
34.99994659,55.10045624,2.300590515,5193,6507,0.2275559902191162
35.004776,60.10516739,2.300934792,10354,12723,0.22736215591430664
35.00356293,65.1120224,2.299723625,9820,12411,0.22724342346191406
34.99983978,70.1184082,2.299489021,5959,13593,0.22764992713928223
34.99806213,75.12223053,2.301395416,3762,6481,0.22718167304992676
35.00153732,80.1229248,2.300477028,3610,6477,0.2274479866027832
35.00042725,85.12792969,2.300443649,8406,6749,0.22826147079467773
35.00091553,90.12755585,2.300118923,3931,7040,0.2275679111480713
35.00196838,95.12770081,2.299629688,3624,6544,0.22754621505737305
35.00198364,100.1269684,2.300458431,3554,6547,0.22680306434631348
40.01943207,-0.04831695557,2.299816608,3727,6307,0.32709836959838867
40.0100975,5.00069809,2.300214291,3599,6484,0.22825098037719727
40.00436783,10.0237236,2.300650597,3683,6255,0.2267909049987793
40.00100708,15.03531265,2.299587727,3631,6304,0.2271864414215088
40.00223541,20.04627228,2.301011086,3714,6490,0.22762823104858398
40.00455475,25.05488968,2.30094862,9062,7475,0.22841954231262207
40.00585175,30.06623077,2.299879551,8623,12569,0.22809815406799316
40.00223541,35.07299805,2.301023006,8873,12813,0.22687697410583496
40.00098419,40.08060455,2.301589966,4440,8850,0.2276473045349121
40.00177383,45.08855438,2.300657749,3726,6535,0.22770333290100098
40.00341034,50.09189606,2.300441742,3854,6586,0.22821807861328125
40.0004425,55.09967041,2.300813675,13309,11830,0.22739315032958984
39.99806213,60.10494614,2.299873829,9630,12547,0.22644972801208496
39.99909592,65.11179352,2.30081892,9608,12592,0.22829222679138184
39.99927139,70.11614227,2.298920155,3889,6963,0.22758984565734863
40.00089264,75.11780548,2.300535202,3667,6435,0.22822856903076172
40.00375366,80.122612,2.300831318,4481,6667,0.2278444766998291
39.99992371,85.12908936,2.300312996,11687,12677,0.2264857292175293
40.00193024,90.13097382,2.299897671,10926,14169,0.22815489768981934
40.00063705,95.13008881,2.301132679,6014,11061,0.22745203971862793
39.99962234,100.1276474,2.300606728,3604,6574,0.22817254066467285
45.02074432,-0.04337310791,2.300042629,3511,6455,0.3271965980529785
45.00839233,5.001808167,2.299768448,3546,6319,0.22797369956970215
45.00707245,10.0186348,2.300541401,3609,6360,0.22618937492370605
45.0065918,15.03364182,2.300047874,3739,6397,0.22780966758728027
45.00217056,20.04800415,2.301285267,4720,6389,0.22812294960021973
45.00111389,25.0558548,2.299925327,9572,12906,0.22847700119018555
45.00430298,30.0625267,2.301003933,8784,12697,0.2276902198791504
45.00428009,35.07148743,2.30119133,6161,13870,0.22691869735717773
45.00279236,40.0795784,2.300701141,3701,6293,0.22834515571594238
45.00234985,45.08939362,2.300010204,3659,6376,0.22640109062194824
45.00028229,50.09440613,2.299539566,8765,6802,0.22699856758117676
45.00383377,55.09760666,2.299814701,10280,12584,0.22746872901916504
45.00247192,60.10676956,2.301443577,9931,11934,0.22849535942077637
45.00085449,65.11194611,2.300450802,5067,12682,0.22681069374084473
44.99795532,70.11647797,2.300387859,3694,6414,0.22907423973083496
44.9998703,75.11800385,2.299583435,3842,6606,0.2277069091796875
45.00281906,80.12340546,2.300457001,13899,8516,0.22676396369934082
45.00169373,85.12580872,2.299295425,10569,12494,0.22725844383239746
44.99900436,90.12719727,2.300588131,10324,12774,0.22767376899719238
44.99987793,95.12861633,2.300756931,4251,8019,0.22716307640075684
44.99996185,100.1294403,2.301345348,3566,6417,0.22754263877868652
50.02135849,-0.04578018188,2.300046444,3704,6523,0.3274681568145752
50.00802994,5.00271225,2.299694538,3681,6117,0.2276768684387207
50.00769806,10.02214813,2.300270557,3532,6432,0.22751903533935547
50.00695801,15.03544617,2.29972887,3828,6519,0.22833967208862305
50.00508881,20.04550171,2.299252987,13060,11042,0.22710847854614258
50.00473022,25.05525208,2.300480843,8938,12971,0.22821640968322754
50.00449753,30.06428528,2.300867558,9326,13196,0.2268831729888916
50.00123596,35.07469177,2.301048756,3987,7112,0.22724008560180664
50.00106049,40.07945633,2.298908234,3767,6608,0.23026633262634277
50.00254059,45.08488464,2.300468922,4134,6550,0.22826099395751953
50.00235748,50.09290695,2.300747395,11227,12646,0.22722101211547852
50.00316238,55.10039139,2.299195766,10270,12699,0.22814536094665527
50.00094223,60.10601807,2.300995827,7842,12917,0.22832226753234863
50.00119781,65.1087265,2.299564838,3867,6617,0.22744297981262207
50.00256348,70.11660767,2.300804138,3766,6330,0.22727298736572266
50.00045013,75.11974335,2.298865318,5558,6564,0.22722220420837402
50.00035858,80.12025452,2.299729824,10854,12788,0.22758913040161133
50.0031662,85.12484741,2.301424503,10449,12934,0.226485013961792
50.00493622,90.12738037,2.299362659,6358,14000,0.22730803489685059
50.00202179,95.12895966,2.300349236,3651,6728,0.22775673866271973
49.99739838,100.1285553,2.30074501,3569,6408,0.2269914150238037
55.02288818,-0.04651260376,2.299609184,3622,6470,0.3267090320587158
55.00979614,5.000679016,2.29995966,3657,6539,0.22751975059509277
55.00609589,10.01833725,2.298762321,3679,6391,0.22715544700622559
55.00554657,15.0333252,2.30072403,7417,6710,0.2279949188232422
55.00649643,20.04750443,2.300693512,9704,13024,0.22635602951049805
55.00266647,25.05587006,2.300521374,9581,12934,0.2283940315246582
55.00166321,30.06362152,2.300082207,5648,13935,0.22789382934570312
54.99921799,35.07184601,2.300205708,3754,6554,0.2279951572418213
55.00362396,40.0812912,2.300120354,3831,6680,0.22701478004455566
55.00037003,45.08666229,2.300468445,12078,8053,0.22654223442077637
55.00035477,50.09337616,2.301347256,10508,12803,0.22691965103149414
55.00216675,55.10171127,2.299802303,10492,12888,0.2261829376220703
55.00213242,60.10597992,2.300596714,4573,8383,0.22699785232543945
55.00000381,65.10928345,2.300896645,3820,6562,0.2271404266357422
55.00349426,70.11564636,2.29893446,3931,6546,0.22629022598266602
55.00151062,75.12206268,2.300387383,12268,12341,0.22718000411987305
55.001194,80.12294006,2.29955864,10358,12767,0.227769136428833
55.00107956,85.12401581,2.300766468,10236,12787,0.2286226749420166
55.00516891,90.12493896,2.300413609,3963,6931,0.2283635139465332
55.00370407,95.13035583,2.300848961,3529,6454,0.2266097068786621
55.00005722,100.129364,2.300750256,3676,6352,0.22640490531921387
60.026474,-0.04498291016,2.29982996,3715,6294,0.3275721073150635
60.01114273,5.000701904,2.300075054,3586,6478,0.22714018821716309
60.00657654,10.02069473,2.299916744,3955,6593,0.22778534889221191
60.00326538,15.03533554,2.300428867,11180,12847,0.2267162799835205
60.00530624,20.04584503,2.300032139,9480,13001,0.22737622261047363
60.00228882,25.05578613,2.300633907,8339,13447,0.2276623249053955
60.00130081,30.0631218,2.300365925,3788,6842,0.227097749710083
59.99888992,35.0743866,2.300370216,3839,6454,0.23111772537231445
60.00032043,40.08283615,2.300529957,5203,6583,0.22751927375793457
60.00378799,45.08878326,2.300290108,11281,12995,0.22730684280395508
60.00352478,50.09317017,2.300651073,10351,12766,0.22846531867980957
60.00085831,55.10018539,2.300198078,6273,13913,0.22697234153747559
59.99985504,60.10516357,2.300849438,3752,6533,0.22642087936401367
60.00333023,65.11130524,2.300837994,3840,6373,0.22738027572631836
60.0036087,70.11458588,2.300869942,9217,6775,0.22689533233642578
60.00417328,75.11832428,2.300937653,10460,12656,0.23096275329589844
60.00124359,80.12326813,2.300415516,10299,12548,0.2270069122314453
60.00050354,85.12483215,2.300573826,6081,12725,0.22634124755859375
60.00074387,90.12684631,2.300189018,3638,6658,0.22803330421447754
60.00205231,95.12760925,2.29981041,3619,6561,0.22744464874267578
59.99853516,100.1301422,2.299868107,3584,6327,0.22768187522888184
65.02675629,-0.04710769653,2.298866749,3514,6455,0.32713770866394043
65.00861359,5.00138092,2.300366402,3585,6346,0.22736549377441406
65.0045166,10.02282333,2.300314903,3742,6554,0.22697901725769043
65.00533295,15.0332756,2.300181389,6520,8813,0.22939419746398926
65.00483704,20.04729843,2.300721645,9432,11946,0.22779035568237305
65.0014801,25.05768967,2.300835609,4682,9289,0.22845673561096191
65.00253296,30.0628891,2.30065012,3758,6501,0.22779560089111328
65.00041962,35.0745697,2.300219536,3906,6640,0.22655129432678223
65.00146484,40.07859802,2.30055666,13821,11827,0.22753047943115234
65.00152588,45.08705521,2.300079346,10308,12732,0.22824573516845703
65.00201416,50.09259415,2.30062151,10092,12935,0.22683000564575195
65.00214386,55.09986115,2.299597263,3964,6954,0.22722959518432617
64.99991608,60.10643387,2.300106525,3734,6595,0.22669601440429688
64.99830627,65.11161041,2.299444675,4321,6545,0.22709918022155762
65.00197601,70.11647797,2.300530434,11767,12526,0.22728896141052246
65.00124359,75.11942291,2.300441265,10256,12735,0.22580432891845703
65.00534821,80.12086487,2.300035477,8177,12909,0.22702598571777344
64.99903107,85.12217712,2.300397873,3806,6706,0.2278752326965332
64.99983978,90.12805176,2.30057478,3646,6496,0.22740793228149414
64.99825287,95.12557983,2.300497055,3588,6390,0.2285759449005127
64.99974823,100.125412,2.298967838,3684,6482,0.22610759735107422
70.02735901,-0.04466629028,2.300332069,3625,6378,0.32846784591674805
70.0134201,5.000408173,2.300131798,3690,6493,0.22676444053649902
70.00617981,10.02401733,2.300907612,3647,6532,0.22700881958007812
70.0029068,15.0377388,2.29902792,3590,6656,0.22730112075805664
70.00431824,20.04782104,2.300226688,3932,6758,0.22742629051208496
70.00469208,25.05608749,2.300122738,3689,6566,0.22931981086730957
70.0045929,30.06560135,2.301206112,3746,6472,0.22625994682312012
70.00087738,35.07465744,2.299419403,8741,6583,0.2279653549194336
69.99977112,40.08119202,2.299592018,10775,13021,0.22791218757629395
70.00150299,45.08686829,2.299983501,10460,12469,0.22628283500671387
70.00120544,50.09630966,2.300402164,5265,13260,0.22713255882263184
70.00100708,55.09921646,2.30003643,3605,6596,0.2267320156097412
70.0018158,60.1027832,2.299759865,3773,6370,0.22928690910339355
70.00434875,65.10657501,2.300570488,13095,7998,0.22761893272399902
70.00313568,70.1162796,2.299396038,10435,12420,0.2266063690185547
69.99963379,75.12104797,2.2992239,10291,12766,0.22906780242919922
69.99951172,80.11959076,2.299922466,4416,7842,0.22873973846435547
70.00241089,85.1210022,2.300226688,3599,6465,0.22734498977661133
70.00322723,90.12871552,2.300161362,3700,6319,0.22657465934753418
70.00444794,95.1313324,2.29930687,3554,6389,0.22795701026916504
69.99993896,100.1278229,2.30027771,3497,6268,0.22794055938720703
75.03022766,-0.04881286621,2.300070763,3600,6409,0.32721519470214844
75.01126099,4.999740601,2.29989481,3551,6369,0.22722196578979492
75.00639343,10.02117538,2.30028677,3562,6348,0.22774291038513184
75.00237274,15.03826141,2.300529003,3652,6157,0.2278592586517334
75.00418854,20.04557419,2.301427841,3504,6196,0.22745752334594727
75.004776,25.05750656,2.300346851,3796,6368,0.22822833061218262
75.00166321,30.0638504,2.300070286,3935,6413,0.22651004791259766
75.00034332,35.075737,2.299302101,10144,9795,0.22714686393737793
75.00198364,40.08078003,2.300685406,10391,12456,0.22783136367797852
75.00350952,45.08662415,2.300876617,8330,12986,0.2281804084777832
75.00125122,50.09407043,2.29949522,3759,6598,0.22781157493591309
75.001091,55.09851837,2.300488472,3678,6416,0.22657418251037598
75.00636292,60.10533142,2.300463676,5007,6457,0.2265148162841797
75.00281525,65.10986328,2.300408363,10621,12277,0.22780323028564453
74.99889374,70.11531067,2.300092697,10321,12368,0.22899889945983887
74.99575806,75.11968231,2.299100876,6092,13526,0.22699308395385742
74.99880219,80.12126923,2.300452709,3784,6470,0.22698593139648438
75.00369263,85.12687683,2.300052166,3732,6403,0.22663617134094238
75.00325012,90.12928772,2.300042629,3637,6374,0.22733211517333984
75.00040436,95.12643433,2.300293922,3603,6323,0.22783660888671875
74.99937439,100.1224823,2.299932957,3521,6265,0.2262711524963379
80.02824402,-0.04685211182,2.300518513,3562,6282,0.3272700309753418
80.0094986,5.002838135,2.300802708,3517,6391,0.2283339500427246
80.00547791,10.02069473,2.300426006,3571,6335,0.2269742488861084
80.00663757,15.03586578,2.300083637,3594,6286,0.2267160415649414
80.00350189,20.04629898,2.299528122,3665,6338,0.22604990005493164
80.00211334,25.0570488,2.300456047,3646,6310,0.2282121181488037
80.00485992,30.06380081,2.299927711,3491,6387,0.22797393798828125
80.00553894,35.07070923,2.300312042,3796,6757,0.22671294212341309
79.99852753,40.07940292,2.299176216,6560,8746,0.22650361061096191
80.00030518,45.08665466,2.300107002,4469,8130,0.22774863243103027
80.00012207,50.09413147,2.300594807,3644,6390,0.22745370864868164
80.00437927,55.09784317,2.299339294,3948,6344,0.22767353057861328
80.00219727,60.1037178,2.300334454,12103,11850,0.22604632377624512
80.00187683,65.10825348,2.299183369,10202,12185,0.22812199592590332
80.0042038,70.11360168,2.29989481,10299,12695,0.22798562049865723
80.00198364,75.11846161,2.300179005,3736,6779,0.2280714511871338
79.99863434,80.12068176,2.299207211,3645,6422,0.22779536247253418
79.99947357,85.12467957,2.299791336,3506,6455,0.22695541381835938
80.00340271,90.12522125,2.299580574,3495,6295,0.2270045280456543
80.00574493,95.12767029,2.299227238,3575,6215,0.2274165153503418
79.99935913,100.1260071,2.299767494,3552,6351,0.2261800765991211
85.03104401,-0.04710769653,2.299549103,3478,6309,0.3286416530609131
85.01121521,5.002071381,2.299796104,3646,6220,0.22663426399230957
85.00520325,10.02005768,2.300347805,3537,6392,0.22673583030700684
85.00399017,15.03450775,2.300537109,3548,6203,0.2273998260498047
85.00533295,20.04607773,2.300227642,3627,6292,0.22784161567687988
85.00398254,25.05635452,2.299341679,3550,6382,0.22661209106445312
85.00092316,30.06482315,2.300041199,3559,6289,0.22768902778625488
85.00038147,35.07066345,2.30017519,3587,6410,0.22706103324890137
85.00370789,40.08171082,2.300279617,3652,6289,0.2263481616973877
85.00236511,45.08983231,2.299918652,3620,6492,0.22825837135314941
85.00083923,50.09400558,2.300084591,3695,6268,0.2265009880065918
85.00078583,55.09725952,2.299652576,8514,6518,0.2287578582763672
85.00239563,60.10360336,2.299030304,9992,12275,0.22699189186096191
85.00072479,65.1092453,2.30068922,10254,12274,0.22778844833374023
85.00035095,70.11509705,2.299605846,5590,12567,0.226698637008667
85.00167084,75.11916351,2.300124168,3589,6300,0.22898173332214355
85.00236511,80.12034607,2.29998827,3553,6226,0.2260453701019287
84.99966431,85.12460327,2.298689365,3595,6339,0.22819042205810547
84.99997711,90.12541962,2.300273895,3490,6180,0.22683382034301758
85.00042725,95.12942505,2.300345421,3535,6284,0.22676324844360352
85.0016098,100.1258545,2.300678253,3508,6112,0.22717881202697754
90.03004456,-0.04804611206,2.299685955,3515,6355,0.32618212699890137
90.01132965,5.00112915,2.299090862,3513,6396,0.2268843650817871
90.00778961,10.02173615,2.299988747,3562,6242,0.22740483283996582
90.00392151,15.03591919,2.300713539,3555,6429,0.22792410850524902
90.00463867,20.04587173,2.299407005,3957,6612,0.2269737720489502
90.00161743,25.05727768,2.30065012,4971,6816,0.22784113883972168
90.00269318,30.0651207,2.300309181,4300,7164,0.22643399238586426
90.00131989,35.07369995,2.300127983,3664,6517,0.22673535346984863
90.00171661,40.08306885,2.300261974,3607,6454,0.22714662551879883
90.00138855,45.08769608,2.30082655,3636,6455,0.22742366790771484
90.00370789,50.09172821,2.300515175,3726,6360,0.2264416217803955
90.00497437,55.09905243,2.300139904,5600,7643,0.22774720191955566
90.00313568,60.10289001,2.300126076,8437,9751,0.22786808013916016
90.00382233,65.10787964,2.300683975,8511,12937,0.22788453102111816
90.00559998,70.11097717,2.300251484,3781,6717,0.22895026206970215
90.00019836,75.12020111,2.300569534,3612,6427,0.22645235061645508
89.99853516,80.12288666,2.299864769,3547,6460,0.22762107849121094
89.99900818,85.12553406,2.299963951,3536,6329,0.22706365585327148
90.00228119,90.12963104,2.29993391,3519,6256,0.2268071174621582
90.00003815,95.12940979,2.300305367,3711,6322,0.22810745239257812
90.0016098,100.1268158,2.299465179,3636,6399,0.22766566276550293
95.02938843,-0.04632949829,2.300354004,3545,6330,0.3263669013977051
95.0111084,5.003444672,2.300958157,3516,6215,0.2274036407470703
95.00775146,10.02379608,2.300489426,3725,6421,0.2259807586669922
95.00730133,15.03729248,2.300207138,3699,6627,0.2265942096710205
95.00473785,20.04688263,2.299985409,14065,11678,0.22707891464233398
95.00138855,25.05539322,2.300739288,10750,13068,0.22790145874023438
95.00176239,30.06547165,2.300542355,9491,14116,0.22870445251464844
95.00144958,35.07352448,2.300621033,3765,6564,0.2273092269897461
95.00276184,40.08052063,2.299954891,4042,6652,0.2282419204711914
95.00474548,45.08513641,2.30018425,3643,6498,0.22734642028808594
95.00294495,50.09120941,2.300686836,3549,6344,0.22601056098937988
95.00371552,55.09959412,2.299877167,3573,6336,0.227858304977417
95.0,60.10739136,2.300628662,3789,6448,0.22823810577392578
95.00189209,65.10760498,2.300216198,4225,6823,0.2277977466583252
95.00073242,70.11534119,2.299911022,3611,6398,0.2265925407409668
95.00373077,75.12064362,2.299287319,3370,6361,0.2341597080230713
95.00128937,80.12389374,2.298122883,3555,6321,0.2277698516845703
94.99919128,85.12926483,2.300639629,3381,6372,0.22629022598266602
94.99908447,90.12660217,2.30033493,3501,6155,0.22881054878234863
95.00201416,95.12516785,2.300655842,3515,6355,0.22711873054504395
95.00401306,100.1262665,2.29989624,3611,6300,0.22669363021850586
100.0285034,-0.04681777954,2.300432682,3586,6394,0.32756757736206055
100.0158768,5.00164032,2.300023556,3611,6295,0.22705650329589844
100.0087051,10.0223465,2.300902367,3639,6271,0.22797274589538574
100.0054474,15.03562927,2.300915241,8743,6890,0.22759389877319336
100.0020828,20.04893112,2.299826622,10673,12621,0.22700929641723633
100.0045853,25.05639267,2.300347805,5754,10611,0.2276782989501953
100.0049438,30.06480789,2.300248623,4758,7663,0.22803664207458496
100.0025787,35.07356262,2.300430775,3599,6413,0.2271862030029297
100.0032349,40.08281708,2.299814701,3598,6341,0.2272789478302002
100.0014648,45.08739471,2.299660206,3802,6470,0.2271287441253662
100.001358,50.09412766,2.300974369,3646,6411,0.22638702392578125
100.0038147,55.10111618,2.300036907,3572,6510,0.2280266284942627
100.0026093,60.10575485,2.299795628,3505,6410,0.22764086723327637
100.0054779,65.11155701,2.299672127,3614,6314,0.22857999801635742
99.99981689,70.11457825,2.300182819,3575,6370,0.22810053825378418
100.0010376,75.12017822,2.30000782,3559,6453,0.22790741920471191
100.0043564,80.12184143,2.300180912,3628,6319,0.22684288024902344
100.0046997,85.12368011,2.300168037,3525,6276,0.22713017463684082
99.99990845,90.12934875,2.301054478,3531,6346,0.22824859619140625
99.9989624,95.12733459,2.29864645,3587,6398,0.22660326957702637
100.0044327,100.1275482,2.300229073,3594,6292,0.22636151313781738
