30.00149345,83.99850464,3.062386036,4777,7287,0.22785544395446777
29.99943733,84.19953918,3.062094212,5330,7708,0.2281935214996338
29.9949379,84.400177,3.061834335,5336,8086,0.22926044464111328
30.00015259,84.59931946,3.061639309,5227,8340,0.22691988945007324
29.99994087,84.8000412,3.061601162,5035,8264,0.228104829788208
30.00247574,84.99954224,3.062283516,4820,7992,0.22500014305114746
30.00068474,85.19966125,3.061480045,4569,7792,0.22258281707763672
29.9987793,85.39945221,3.061810493,4657,7862,0.2274303436279297
30.00316048,85.60055542,3.060931206,4516,7513,0.22842001914978027
30.00135803,85.80075073,3.062907219,4593,7746,0.22756123542785645
30.00260162,86.0019455,3.061714649,4716,7533,0.22779560089111328
29.9980793,86.19906616,3.062412262,4601,7601,0.22846531867980957
29.99853897,86.40127563,3.062401295,4613,7377,0.22821688652038574
29.99752045,86.60061646,3.061907291,4967,7710,0.2297971248626709
29.99795723,86.8001709,3.061858654,4944,7557,0.23008060455322266
29.9985714,87.00158691,3.062922478,5302,7973,0.2306499481201172
30.00054741,87.20212555,3.061828613,5547,8472,0.223785400390625
30.00068665,87.40171814,3.062182426,6528,9215,0.2256162166595459
29.99840355,87.60124969,3.062821388,7733,9797,0.22976899147033691
29.99499321,87.80012512,3.062315464,8387,9679,0.22925949096679688
30.00041008,88.00013733,3.062242031,8015,10418,0.23337960243225098
30.00026321,88.20270538,3.061522484,8523,10971,0.22298574447631836
30.00098038,88.39901733,3.061814308,8911,11781,0.22369813919067383
29.99719048,88.60266876,3.063023567,9170,12225,0.22688078880310059
29.99915695,88.8009491,3.062088013,9035,12804,0.2249140739440918
30.00556946,89.00032806,3.061486721,8943,13311,0.22339344024658203
30.19931793,84.02241516,3.062115669,5860,7778,0.22604703903198242
30.19976425,84.197258,3.062745094,6631,8823,0.22287964820861816
30.19890976,84.39720154,3.061103344,6672,9615,0.22671747207641602
30.20108795,84.59655762,3.060603619,6628,10019,0.22404813766479492
30.20007706,84.80084229,3.061835766,6030,9758,0.2265794277191162
30.19623566,84.99882507,3.062239647,5487,9587,0.22456836700439453
30.19973373,85.19731903,3.061841965,4981,8900,0.22687077522277832
30.20376205,85.39862061,3.061758995,4790,8347,0.23513078689575195
30.20340538,85.59905243,3.060486794,4700,8111,0.22625303268432617
30.19918442,85.80134583,3.062730789,4531,7722,0.22408318519592285
30.19987679,86.00032043,3.062400818,4503,7693,0.229201078414917
30.1976738,86.19781494,3.061881542,4547,7775,0.22482013702392578
30.20180702,86.40032959,3.061557293,4556,7638,0.2286207675933838
30.19895935,86.60072327,3.063164234,4607,7528,0.22157979011535645
30.19921112,86.80017853,3.06244421,4687,7628,0.2273108959197998
30.20150948,86.99999237,3.061173916,4816,7659,0.2248690128326416
30.19889641,87.19965363,3.06370306,4986,7732,0.23137855529785156
30.20353127,87.39961243,3.062820911,5200,8182,0.2256932258605957
30.19903564,87.60229492,3.063018799,5874,8871,0.23379135131835938
30.19825363,87.80062103,3.062489986,6762,9225,0.2224583625793457
30.1991806,88.00231171,3.063102722,7799,9742,0.2249622344970703
30.20226288,88.19931793,3.062097073,7584,10070,0.22572970390319824
30.20288277,88.40077209,3.062992096,8320,10655,0.2231137752532959
30.19924355,88.60075378,3.061319828,8846,11514,0.22648358345031738
30.19787407,88.80091095,3.061703682,8758,11899,0.2269279956817627
30.20057487,89.00411224,3.06104517,8901,12574,0.22485613822937012
30.40327644,84.02275848,3.062553883,7496,9066,0.22631382942199707
30.40066147,84.19664001,3.061721325,8587,10518,0.22228598594665527
30.39844322,84.39781189,3.060318947,8844,11388,0.22406697273254395
30.39984703,84.59928894,3.062521935,8293,11610,0.22838640213012695
30.403965,84.79724884,3.061454296,7858,12688,0.23021864891052246
30.40082741,84.99929047,3.062442303,6933,12786,0.2333984375
30.39775467,85.19961548,3.062590122,5988,12379,0.22731232643127441
30.39996529,85.39933014,3.06085062,5430,10889,0.2234799861907959
30.39912987,85.59944153,3.06197834,4924,9301,0.2276289463043213
30.40204239,85.79998016,3.062602997,4811,8668,0.22752165794372559
30.40203285,86.00027466,3.0606637,4642,8087,0.22111940383911133
30.40036392,86.19906616,3.061992645,4658,7859,0.22794580459594727
30.40135193,86.39879608,3.061404705,4484,7664,0.22824382781982422
30.40041924,86.59882355,3.061557293,4579,7752,0.2291123867034912
30.40250206,86.79947662,3.061572075,4471,7939,0.22775936126708984
30.40222931,87.00152588,3.062757969,4608,7671,0.22747564315795898
30.4002285,87.2015686,3.062693596,4545,7560,0.226914644241333
30.39616394,87.40097046,3.062372208,4885,7715,0.23180127143859863
30.40036011,87.60205078,3.062113762,5019,7858,0.2241814136505127
30.4004879,87.80023956,3.061591625,5418,8139,0.22103166580200195
30.40128517,88.00055695,3.061659813,6029,9176,0.22837090492248535
30.4011879,88.20207214,3.062510014,6876,9752,0.22788500785827637
30.40106773,88.3993988,3.062360287,7756,9756,0.22989439964294434
30.40276337,88.59973145,3.061685562,8047,9909,0.22636008262634277
30.40485382,88.80042267,3.062924385,8114,10812,0.23101401329040527
30.4020443,89.00121307,3.062991142,8260,11363,0.2288370132446289
30.59693527,84.04556274,3.063146591,8925,9280,0.22220802307128906
30.59873009,84.19520569,3.061475754,8989,9637,0.22366714477539062
30.60085106,84.39681244,3.061145782,8261,10311,0.2197127342224121
30.59984589,84.59739685,3.060994625,8393,11104,0.22104120254516602
30.60212898,84.79607391,3.06151247,7193,10201,0.22751069068908691
30.60069084,84.99940491,3.062254429,7555,12503,0.22376585006713867
30.60259247,85.19719696,3.060482979,7341,15604,0.22858214378356934
30.59654808,85.40153503,3.062682629,7279,14913,0.2256455421447754
30.59682465,85.60128784,3.062719345,6037,12490,0.23096847534179688
30.5993309,85.79653931,3.060337543,5336,10073,0.2266843318939209
30.60536766,85.99790192,3.060338497,4913,8936,0.2293698787689209
30.60494614,86.2006073,3.060311317,4727,8292,0.22754645347595215
30.59643555,86.4006424,3.06322813,4564,7750,0.22536730766296387
30.59722519,86.60077667,3.062336445,4547,7717,0.22504138946533203
30.60225677,86.79759979,3.061748028,4421,7677,0.22786617279052734
30.60499001,86.99980164,3.062642574,4499,7599,0.2215864658355713
30.6037693,87.19975281,3.061289787,4576,7609,0.22696232795715332
30.59654617,87.39990234,3.061852932,4595,7739,0.23000359535217285
30.59873199,87.60005188,3.061765671,4746,7652,0.22661781311035156
30.59820747,87.80303955,3.062853336,4898,7805,0.22528386116027832
30.60042381,87.9995575,3.062452793,5266,8187,0.22185730934143066
30.59837151,88.19847107,3.062632084,5570,8553,0.2216355800628662
30.59708786,88.40310669,3.06152153,6454,9173,0.23507380485534668
30.59996033,88.60035706,3.061776161,7257,9779,0.22213435173034668
30.60193062,88.79935455,3.061412811,7530,9626,0.22388625144958496
30.60043144,89.00032806,3.06049633,8009,10273,0.2235875129699707
30.79920387,84.02194214,3.062365532,9891,9576,0.23257708549499512
30.79821396,84.19863129,3.062390327,8256,9016,0.22566437721252441
30.79841614,84.39987946,3.061750889,8543,9647,0.23481225967407227
30.80055428,84.60034943,3.061201572,8339,10342,0.22661995887756348
30.80079842,84.7983551,3.062784672,7433,10931,0.21932077407836914
30.80030823,84.997612,3.061773777,7184,10520,0.2276463508605957
30.79990005,85.20043945,3.062428951,7853,12822,0.2266554832458496
30.79867935,85.39867401,3.061285973,8589,16401,0.22954082489013672
30.79938126,85.59767914,3.06311655,8375,16131,0.2269604206085205
30.8016777,85.79818726,3.06139183,6968,13619,0.2331089973449707
30.80271912,86.00160217,3.061538696,5716,11347,0.2266993522644043
30.79782677,86.20044708,3.062457085,5138,9556,0.22934651374816895
30.79871941,86.40208435,3.061901569,4873,8754,0.2304058074951172
30.79487228,86.59919739,3.061365128,4789,8410,0.22051286697387695
30.80093765,86.79999542,3.061911583,4509,8074,0.22627902030944824
30.80115128,87.00110626,3.06287241,4594,7732,0.22912359237670898
30.80076218,87.20080566,3.061635971,4396,7721,0.2280406951904297
30.79610825,87.4023819,3.061722755,4481,7689,0.22990918159484863
30.80088234,87.59845734,3.060927391,4529,7572,0.22491884231567383
30.80043411,87.80199432,3.063373566,4539,7440,0.22549057006835938
30.80080605,88.00071716,3.061787128,4738,7619,0.22873377799987793
30.79764175,88.2021637,3.063269615,4902,7756,0.2294929027557373
30.79956627,88.40219116,3.062408924,5245,7986,0.22559666633605957
30.79723167,88.60100555,3.062160015,5726,8577,0.22431445121765137
30.79973412,88.79917908,3.062799931,6367,9310,0.22236204147338867
30.80054474,89.00119781,3.061470509,7433,9968,0.22856521606445312
30.998106,84.03061676,3.062769413,8967,9078,0.22437381744384766
30.99345589,84.19463348,3.061210632,9988,9388,0.22809457778930664
30.99624825,84.39844513,3.062178135,10416,10881,0.22811150550842285
31.00243568,84.59817505,3.061353683,9327,11008,0.22490477561950684
31.00019455,84.79707336,3.062616825,8942,11627,0.22698426246643066
30.99947166,84.99911499,3.062233925,8324,11575,0.2322218418121338
30.99726295,85.19625854,3.062408447,7144,11720,0.22183561325073242
31.00291252,85.3986969,3.061462402,7848,11501,0.2273852825164795
31.00022697,85.59840393,3.06155014,8299,13266,0.22391986846923828
30.99849319,85.79818726,3.062440872,7863,15395,0.2331688404083252
30.99817085,86.00124359,3.062407494,7389,14544,0.2300732135772705
31.00061989,86.19894409,3.061820507,6070,12471,0.22770071029663086
31.00100327,86.40087128,3.061029434,5443,10506,0.22864818572998047
31.00103951,86.59822083,3.061097145,5011,9382,0.2240293025970459
30.99819946,86.79998779,3.063212872,4857,8578,0.2214367389678955
30.99985313,87.00012207,3.062223434,4509,8178,0.22820401191711426
30.99881363,87.20372009,3.061062813,4533,7610,0.23233938217163086
30.9983387,87.40267181,3.062404156,4355,7609,0.22318696975708008
31.00234985,87.59674072,3.061104298,4477,7629,0.2328166961669922
31.00237465,87.79815674,3.062892914,4455,7763,0.22758769989013672
31.00271797,88.00048828,3.062784195,4485,7617,0.22623920440673828
30.99803543,88.20258331,3.061891556,4609,7563,0.22971391677856445
30.99885559,88.39936066,3.061879635,4851,7582,0.2269749641418457
30.99699783,88.60016632,3.062599182,4916,7876,0.23267912864685059
31.00045204,88.79935455,3.061894894,5333,8229,0.22947239875793457
31.00362015,89.00079346,3.060950756,5816,8734,0.22630071640014648
31.19995117,84.02358246,3.063453197,9055,8797,0.22373723983764648
31.19919586,84.19490051,3.061632633,10492,10449,0.21857380867004395
31.20042992,84.3992157,3.062820911,9965,11911,0.22626066207885742
31.20186806,84.59463501,3.063653946,9880,13142,0.22696256637573242
31.2022953,84.79728699,3.061476231,9293,12620,0.23225927352905273
31.20091438,85.00017548,3.062406063,8934,11679,0.22788476943969727
31.20137405,85.1971817,3.060609341,8779,11162,0.22596955299377441
31.19661331,85.39814758,3.061391354,7951,11761,0.23081278800964355
31.20125961,85.59883118,3.063188076,7399,11301,0.2262430191040039
31.20102501,85.80028534,3.062534332,7840,11727,0.22923898696899414
31.1998024,85.99933624,3.062147141,7588,13512,0.2279062271118164
31.19831467,86.198349,3.061228752,7399,15510,0.22602462768554688
31.19892311,86.40084076,3.061503887,7208,14427,0.22258710861206055
31.20110512,86.59998322,3.062016964,5992,12998,0.2297964096069336
31.2003746,86.80163574,3.062069893,5429,10368,0.2316889762878418
31.20162392,86.99954224,3.061642647,4693,9151,0.22821927070617676
31.19993019,87.20011902,3.062080383,4699,8092,0.23026704788208008
31.20196152,87.39932251,3.061685562,4361,8055,0.22574567794799805
31.19915199,87.59980774,3.062227726,4488,7905,0.22066736221313477
31.20047569,87.79968262,3.061241627,4463,7655,0.22480416297912598
31.20122528,88.00053406,3.062601089,4434,7668,0.2333981990814209
31.20324135,88.19965363,3.061125278,4524,7713,0.2267453670501709
31.19977951,88.39996338,3.062458992,4505,7602,0.23620367050170898
31.2016468,88.60057068,3.062208176,4649,7584,0.2279069423675537
31.19878006,88.80223083,3.061440468,4790,7680,0.2324979305267334
31.19748116,89.00114441,3.060615063,4959,7916,0.2185347080230713
31.402565,84.04193115,3.062952995,9886,9278,0.22460341453552246
31.4003582,84.19694519,3.062130451,9818,11226,0.23133134841918945
31.39715385,84.397995,3.061808586,9465,12173,0.22864747047424316
31.39992905,84.59796143,3.061033726,8680,12163,0.22640609741210938
31.40254593,84.79860687,3.061181068,8245,12476,0.21900510787963867
31.4017601,84.99505615,3.061301708,8620,12609,0.2288670539855957
31.39897728,85.20023346,3.061569214,8701,12348,0.22430729866027832
31.40196419,85.39783478,3.06132412,8489,11345,0.22553682327270508
31.39881706,85.59983063,3.06316185,8017,11596,0.22748541831970215
31.4015522,85.79908752,3.061392307,7206,11443,0.22103643417358398
31.40141487,86.00064087,3.061649323,6973,10829,0.22706985473632812
31.40124893,86.20044708,3.06210947,7731,12352,0.22699689865112305
31.40146255,86.39741516,3.060386181,8561,15653,0.22001171112060547
31.40282249,86.59609985,3.062232018,7794,17431,0.22597026824951172
31.40010643,86.80062866,3.062900066,6960,14906,0.22695612907409668
31.39972115,86.99998474,3.06092453,5785,12104,0.22696423530578613
31.3982048,87.20079041,3.063827515,5094,9409,0.22354769706726074
31.39769173,87.40180206,3.062790394,4742,8759,0.22249817848205566
31.40039825,87.59975433,3.061463356,4628,8190,0.2285141944885254
31.40113068,87.80010986,3.062489986,4581,8034,0.22595572471618652
31.39991379,88.00173187,3.061497688,4465,7996,0.22180819511413574
31.39978409,88.2003479,3.060120583,4436,7919,0.22402644157409668
31.3982296,88.40174866,3.062916279,4540,7697,0.23390603065490723
31.39831352,88.60004425,3.062608719,4457,7853,0.22547245025634766
31.4002037,88.79998779,3.062421322,4653,7623,0.22502636909484863
31.40132523,89.00093079,3.06114769,4716,7841,0.22539210319519043
31.60079384,84.02207947,3.062233448,10265,10678,0.22694921493530273
31.60124397,84.19684601,3.062338829,9596,11806,0.2356572151184082
31.59873772,84.39733124,3.06280899,9566,12131,0.24153685569763184
31.6011467,84.5987854,3.061697006,9260,12293,0.23149633407592773
31.60147858,84.80101013,3.061974049,9237,12492,0.23130202293395996
31.59800339,85.00012207,3.062263489,8801,12690,0.22286629676818848
31.59959221,85.20001221,3.06106472,8529,12490,0.230987548828125
31.6014061,85.39812469,3.062244415,8200,12006,0.22433209419250488
31.60300827,85.59851074,3.061290741,8395,11537,0.22148513793945312
31.6023941,85.79825592,3.061994553,8061,10874,0.22745847702026367
31.60077286,85.99810791,3.062522411,7652,11345,0.22790074348449707
31.60154533,86.19857788,3.061362267,7106,11708,0.22808313369750977
31.60152817,86.40020752,3.062494278,7502,11796,0.22825074195861816
31.59885406,86.59942627,3.061918259,8652,14650,0.2239830493927002
31.60144806,86.79871368,3.062807083,8683,17143,0.22565841674804688
31.60022736,86.99965668,3.062520504,7442,15983,0.22788000106811523
31.60220337,87.20237732,3.062577248,6272,12815,0.22652268409729004
31.60036469,87.40209198,3.062813759,5444,10500,0.2300405502319336
31.60042,87.60057068,3.061845779,4851,9180,0.22123503684997559
31.59947014,87.8012085,3.062687874,4673,8760,0.22650885581970215
31.59978676,87.99910736,3.060985565,4636,8286,0.22289347648620605
31.59849358,88.19907379,3.062572956,4664,8115,0.24076628684997559
31.59897232,88.39893341,3.061673641,4521,7941,0.22633695602416992
31.60210609,88.59928894,3.060902596,4430,7960,0.22709345817565918
31.60294151,88.80097961,3.062011719,4552,7906,0.22651886940002441
31.60494804,89.0038681,3.061635017,4580,7754,0.2304213047027588
31.80247116,84.02403259,3.063714981,9953,11489,0.22660565376281738
31.80064201,84.19296265,3.060930252,10326,12299,0.21821832656860352
31.80043793,84.3969574,3.06106329,9761,12689,0.22862672805786133
31.80115891,84.60015869,3.0622015,9574,12890,0.2259840965270996
31.80150604,84.80007172,3.061365604,9294,12921,0.22699952125549316
31.79701996,84.99829865,3.062835693,8948,12554,0.234771728515625
31.80085182,85.19891357,3.063430309,8776,12780,0.22945189476013184
31.80049324,85.39972687,3.061344624,8369,12154,0.22547602653503418
31.79839325,85.59877014,3.063270569,8063,12125,0.2269284725189209
31.79959106,85.79834747,3.060818672,8453,11809,0.22338509559631348
31.80224228,86.00033569,3.062341213,8341,11599,0.23266935348510742
31.79969025,86.20065308,3.062446117,8318,11832,0.2280111312866211
31.79344368,86.40174866,3.061834335,7991,13105,0.2261946201324463
31.80080795,86.59835815,3.060446262,7745,13207,0.2240123748779297
31.80082893,86.79989624,3.061893463,8428,13326,0.22210049629211426
31.8006897,86.99684143,3.061580658,8487,15224,0.23658204078674316
31.79953575,87.20169067,3.062040329,8115,15910,0.23069286346435547
31.7971859,87.40102386,3.061908722,7163,14111,0.22678160667419434
31.7992897,87.60038757,3.061851978,5815,12190,0.22196507453918457
31.80059433,87.79982758,3.062190533,5323,10447,0.22849822044372559
31.80280113,88.00083923,3.062281609,5022,9268,0.22923874855041504
31.80121613,88.20109558,3.062872887,4785,8788,0.22749900817871094
31.79862022,88.40032196,3.06167841,4546,8205,0.22775530815124512
31.79699135,88.60398102,3.061722755,4581,8026,0.2269456386566162
31.80000305,88.8015213,3.061140537,4431,7728,0.22744321823120117
31.80212212,89.00039673,3.062767506,4451,7755,0.22691702842712402
32.00162125,84.04219055,3.062164783,10100,11963,0.22835707664489746
31.99927521,84.19719696,3.061452866,9892,12132,0.22710609436035156
31.99853706,84.39717865,3.062256813,9983,12227,0.2304823398590088
31.99686623,84.59794617,3.062446117,9858,12439,0.22017407417297363
32.00095749,84.79721832,3.061767101,9196,12305,0.2252368927001953
32.00236511,84.99819183,3.063026905,8859,12368,0.223954439163208
31.99484825,85.20062256,3.06267786,8651,12106,0.22663140296936035
31.9992733,85.39752197,3.061617851,8257,11814,0.2262883186340332
32.00123596,85.59758759,3.061088085,8208,11733,0.23183488845825195
32.00469971,85.7980423,3.061872482,8298,11985,0.22641658782958984
31.99726486,85.99973297,3.061659336,8216,12056,0.22048139572143555
31.99759674,86.19880676,3.061757088,8866,12476,0.221604585647583
32.0006485,86.40087128,3.062056065,8647,11745,0.23675203323364258
31.9999733,86.59928131,3.061692715,8254,11853,0.22804760932922363
32.00242233,86.79991913,3.061840057,7507,12027,0.22870612144470215
32.00362396,86.99849701,3.063075066,7379,11506,0.23166728019714355
31.99809265,87.20126343,3.061416149,8278,12448,0.222365140914917
31.9979229,87.40249634,3.063037872,7626,14295,0.23812246322631836
31.99594879,87.60177612,3.063279629,7168,15752,0.2286226749420166
31.99941444,87.80150604,3.062068462,6719,14216,0.2257528305053711
32.00222778,87.99797058,3.062150478,5760,12243,0.2212080955505371
32.0,88.20026398,3.061739445,5318,10212,0.23285341262817383
32.0018959,88.40013885,3.062131882,4850,9079,0.22939825057983398
31.99815559,88.59863281,3.061431885,4676,8443,0.23112750053405762
31.99835777,88.80063629,3.062767506,4426,8285,0.22642230987548828
32.00199509,89.00139618,3.061615944,4456,7976,0.23224282264709473
32.20211029,84.01789093,3.061976433,9714,11992,0.2273087501525879
32.20171738,84.19564056,3.062834263,9440,11829,0.22335267066955566
32.20052338,84.39820099,3.063056469,9613,12370,0.23287653923034668
32.19898987,84.59741211,3.061636448,9694,12091,0.22812247276306152
32.19877625,84.79652405,3.061906338,9144,11906,0.2274763584136963
32.20235443,84.99969482,3.061254501,8581,11705,0.22971892356872559
32.19934845,85.19734955,3.061533928,8609,11887,0.22482538223266602
32.20091248,85.39720154,3.061763763,8471,11507,0.22598719596862793
32.20106506,85.59910583,3.062283039,8363,11767,0.22497224807739258
32.19415283,85.80288696,3.062580109,8263,11919,0.22535419464111328
32.20031357,85.99890137,3.061955929,8671,12592,0.22464752197265625
32.20348358,86.19882202,3.061505318,8708,13003,0.22317266464233398
32.20166016,86.39965057,3.0609622,8776,12652,0.2367568016052246
32.19968414,86.60098267,3.060698986,8668,11803,0.22970032691955566
32.19460297,86.80195618,3.062469959,8186,11132,0.22197246551513672
32.19635773,87.00212097,3.063875198,7945,11484,0.22770047187805176
32.20243073,87.20228577,3.062884808,7303,11366,0.23278284072875977
32.20063019,87.40016937,3.061154366,7712,11698,0.2244105339050293
32.19960785,87.59819794,3.062650681,7817,13755,0.22614789009094238
32.20045471,87.80110168,3.061552048,8201,17001,0.22675299644470215
32.19934464,88.00117493,3.062257767,8004,17373,0.22979259490966797
32.19838333,88.20309448,3.061328888,6754,14624,0.21930432319641113
32.2037735,88.40060425,3.061403275,5675,11922,0.23409628868103027
32.1995163,88.60211182,3.061590672,5041,9791,0.22248625755310059
32.20068359,88.80052948,3.061524868,4903,9105,0.22576332092285156
32.19821548,89.00580597,3.062997818,4736,8362,0.22503376007080078
32.40058899,84.0273056,3.061654091,9002,10710,0.22666144371032715
32.40113068,84.19683075,3.062877178,9035,11420,0.2244422435760498
32.39685822,84.39678192,3.062381744,9309,12147,0.22542381286621094
32.3973465,84.59928131,3.061026573,9291,11933,0.2234044075012207
32.40151215,84.79601288,3.061998367,9060,12137,0.22292160987854004
32.403862,85.00051117,3.062001705,8729,11447,0.22813057899475098
32.40416718,85.19924927,3.062585831,8446,11581,0.2263963222503662
32.39800262,85.39899445,3.062553406,8373,11752,0.22100138664245605
32.40013885,85.59526825,3.062621117,9027,12375,0.22565793991088867
32.40272903,85.79962158,3.062242508,9335,13295,0.22544479370117188
32.4008255,85.99710083,3.061831951,9296,13467,0.2267167568206787
32.39898682,86.19902802,3.061612129,9410,13851,0.22623920440673828
32.39772034,86.39949799,3.061113834,9146,13844,0.23180437088012695
32.39778137,86.60233307,3.062056065,8806,12967,0.22652959823608398
32.40114975,86.80014038,3.062629223,8544,12223,0.22292828559875488
32.40071869,86.99685669,3.062555313,8201,11337,0.22710084915161133
32.39787292,87.19791412,3.062252045,7951,11087,0.2291858196258545
32.39861679,87.40101624,3.06255579,7680,12291,0.2355208396911621
32.39959335,87.60110474,3.062226772,7801,12086,0.22687220573425293
32.40013123,87.80233002,3.062335968,8209,13363,0.22096657752990723
32.40284729,87.99812317,3.061717033,9592,16007,0.2354898452758789
32.40169907,88.19896698,3.061179638,8408,18450,0.22484254837036133
32.40000916,88.40293884,3.063685894,7710,16805,0.22545599937438965
32.39840698,88.60227966,3.062225342,6124,13311,0.22362637519836426
32.40191269,88.80054474,3.062634468,5549,11045,0.22718143463134766
32.40014648,89.00170898,3.063298702,5056,9691,0.22649312019348145
32.60246277,84.01483154,3.062890053,8467,9700,0.23203158378601074
32.59905243,84.19706726,3.063175201,8418,10345,0.2209458351135254
32.60035706,84.39945984,3.061280251,8467,10783,0.22710943222045898
32.59878922,84.59828949,3.061543941,9004,12223,0.22449135780334473
32.60138702,84.79902649,3.061227322,9086,12113,0.2258923053741455
32.6027565,84.99621582,3.06134367,8729,12007,0.22500061988830566
32.59539413,85.19934845,3.063259125,8912,12203,0.22894024848937988
32.59767914,85.39915466,3.062029839,8864,11997,0.22936010360717773
32.60004425,85.59875488,3.060739517,8731,12402,0.22682476043701172
32.60335541,85.79808044,3.061579227,9832,13713,0.22403645515441895
32.59796906,86.00119781,3.062158585,9426,13743,0.23027849197387695
32.599617,86.1973877,3.061222553,9499,13827,0.2265324592590332
32.59667206,86.39971924,3.062602043,9626,13953,0.2257380485534668
32.60433578,86.60049438,3.06223774,9221,13324,0.23696184158325195
32.60425568,86.80155182,3.062375546,8485,12490,0.2303764820098877
32.60067749,86.99848938,3.062140942,7973,12155,0.22852039337158203
32.5980072,87.19935608,3.061679363,8466,11700,0.2274940013885498
32.60160065,87.39967346,3.061302662,8564,12013,0.22925329208374023
32.59929657,87.60231018,3.061578274,8864,12912,0.2230370044708252
32.601017,87.79798126,3.061824799,8183,13378,0.2263474464416504
32.59870911,88.0032196,3.063118935,8556,12854,0.22687697410583496
32.60059738,88.20252991,3.061774254,9657,14717,0.24090576171875
32.60120392,88.40110779,3.061842918,8821,16648,0.2241828441619873
32.60028839,88.6003952,3.062018394,8207,16656,0.22315359115600586
32.60112762,88.79886627,3.062307835,7252,15089,0.22556614875793457
32.60024261,89.00082397,3.061737061,5917,12951,0.22394919395446777
32.80158615,84.02610779,3.062029362,7907,9149,0.22705936431884766
32.79838562,84.19750214,3.061602116,7967,9644,0.2285757064819336
32.79872894,84.39997864,3.061773777,8165,10521,0.22913336753845215
32.80117798,84.59754944,3.062273979,8682,11668,0.2271416187286377
32.80334473,84.80002594,3.062272072,8790,11867,0.22162604331970215
32.79976273,84.99739838,3.061728954,8684,12302,0.22273540496826172
32.79980087,85.19817352,3.061732769,8830,12372,0.2275681495666504
32.80042648,85.3989563,3.062279224,8980,12820,0.22538232803344727
32.80228424,85.60087585,3.061956882,9208,13464,0.22756242752075195
32.80246735,85.79766846,3.060533047,10214,13969,0.22998714447021484
32.79660034,86.00099945,3.061891556,9834,13536,0.2241065502166748
32.79409027,86.19897461,3.062157631,9541,13479,0.22852301597595215
32.79702377,86.40116119,3.062913418,9231,13323,0.22426152229309082
32.80025864,86.59898376,3.062199593,8896,13235,0.22285771369934082
32.79974365,86.79878235,3.061445713,8603,12662,0.2237710952758789
32.79738998,86.99983978,3.063305855,8337,12489,0.22855043411254883
32.79986954,87.19905853,3.062199116,8042,12271,0.23322343826293945
32.79969025,87.39988708,3.062728405,8293,12663,0.22504401206970215
32.80178833,87.59867859,3.060256004,9010,12149,0.2245628833770752
32.79733276,87.79949951,3.063377857,9057,12459,0.2268390655517578
32.80085754,88.00002289,3.061161995,8891,13005,0.22799944877624512
32.80014038,88.20383453,3.063049316,8151,13106,0.22684240341186523
32.80288315,88.40003967,3.061568737,8312,12094,0.2329874038696289
32.80010223,88.5982132,3.060658455,8512,13621,0.22799444198608398
32.7997551,88.79899597,3.062035084,7974,16220,0.22831225395202637
32.80312347,89.00292969,3.060100555,7858,16864,0.22984838485717773
32.99780273,84.02546692,3.063614845,6950,8752,0.22513079643249512
32.99903107,84.1940155,3.060502529,7421,9150,0.22180414199829102
33.00164032,84.39668274,3.062875748,7326,9255,0.22838664054870605
32.99990845,84.59825134,3.062060833,8005,10042,0.22412347793579102
32.99841309,84.79994202,3.062609196,8044,10846,0.23191070556640625
32.99866486,85.00071716,3.062504768,8300,11159,0.22777390480041504
32.99768829,85.19944,3.062243938,8481,12137,0.232255220413208
33.00108719,85.39981842,3.062099934,9084,12929,0.22217464447021484
33.00257492,85.59687805,3.062072754,8814,13049,0.2243657112121582
32.99964523,85.7987442,3.061414719,9343,13346,0.22671294212341309
32.99744415,85.99704742,3.06248951,9129,12926,0.22776150703430176
32.99783325,86.19841766,3.062619686,8963,12858,0.2219066619873047
33.00024414,86.39812469,3.062823772,9057,12914,0.2238473892211914
32.99960327,86.60030365,3.061603546,8755,12545,0.22557854652404785
32.99986649,86.79972076,3.061274529,8801,12493,0.22372770309448242
32.99993896,87.00211334,3.061477661,8251,11996,0.22932982444763184
32.99913788,87.20006561,3.061609745,8098,11862,0.23265314102172852
32.99713135,87.40200806,3.062065601,8062,12028,0.23001646995544434
32.99608994,87.60321045,3.062683582,8398,12546,0.22802162170410156
32.99997711,87.80054474,3.062718391,8750,12853,0.23004770278930664
32.9985199,87.99995422,3.06278944,8888,12106,0.2261981964111328
32.99728394,88.19843292,3.062629223,9071,12232,0.23743605613708496
32.99707031,88.3986969,3.06135273,8409,12249,0.22849202156066895
33.00053787,88.60231781,3.061912537,7886,12126,0.2272167205810547
33.00257111,88.79956055,3.061890125,8089,12080,0.2260758876800537
33.00224686,89.00097656,3.062426567,8454,14782,0.23074007034301758
33.19642639,84.02618408,3.063344002,5605,8203,0.22856879234313965
33.19786072,84.19290924,3.060990334,6059,8703,0.22913813591003418
33.19732285,84.39657593,3.062641621,7183,9343,0.22523856163024902
33.20243454,84.59851074,3.062673569,7980,9344,0.22693324089050293
33.20088196,84.80078125,3.062372208,7522,9463,0.2243509292602539
33.20093536,84.9996109,3.061618328,8106,9995,0.2285301685333252
33.19823456,85.19911194,3.063853264,8266,10665,0.23222637176513672
33.20044708,85.39841461,3.060573101,8827,11728,0.2302544116973877
33.19965363,85.59880066,3.062421799,8472,12339,0.22574996948242188
33.1995163,85.7987442,3.06212759,8684,12624,0.23264551162719727
33.20187378,85.99746704,3.061197281,8944,12685,0.22638893127441406
33.20087433,86.20055389,3.063238621,8842,12464,0.22688579559326172
33.20211029,86.40222168,3.062392712,8560,12112,0.22894072532653809
33.20027924,86.59896851,3.061131001,8767,12284,0.22943902015686035
33.19850922,86.79855347,3.061811447,8589,12246,0.22816038131713867
33.20037079,87.00108337,3.061256409,8410,12290,0.22705531120300293
33.20313263,87.19902039,3.062078476,8520,12222,0.22642111778259277
33.20031738,87.39926147,3.062860489,8546,12582,0.22795510292053223
33.20211029,87.60176086,3.062632084,8582,12818,0.22812962532043457
33.19981766,87.79930878,3.061056137,8735,13233,0.22741270065307617
33.19902802,88.00068665,3.062335491,8940,13615,0.22591185569763184
33.20266724,88.20075226,3.062745094,9344,13698,0.22069406509399414
33.2027359,88.39990997,3.062266827,9087,12430,0.22598886489868164
33.1975975,88.60137177,3.062712193,8750,12483,0.23143482208251953
33.19850159,88.80136108,3.062606812,8142,12238,0.22336387634277344
33.20298004,89.00222778,3.063011646,7715,12026,0.22941827774047852
33.4041748,84.02336884,3.06357193,4920,7476,0.2319173812866211
33.40109253,84.19688416,3.062087536,5175,7674,0.22844767570495605
33.39826202,84.39653778,3.06197691,5649,8024,0.22078990936279297
33.39826584,84.59614563,3.062918186,6515,8815,0.22578001022338867
33.40220642,84.79852295,3.061749935,7025,9249,0.22545647621154785
33.39897156,84.99837494,3.062748432,7447,9074,0.22711420059204102
33.39918518,85.19746399,3.061863422,7663,9325,0.2243943214416504
33.39701843,85.40109253,3.061646938,7809,10117,0.2272508144378662
33.40060425,85.59880066,3.061016083,8133,10812,0.2218923568725586
33.40084076,85.79844666,3.062770844,8321,11512,0.2270340919494629
33.40449524,86.00030518,3.062572956,8443,12025,0.22212433815002441
33.39907837,86.19987488,3.062612534,8313,11792,0.22417449951171875
33.39766693,86.39878845,3.062617779,8223,11674,0.2359330654144287
33.40194702,86.60108948,3.059348583,8038,11512,0.22234797477722168
33.40390778,86.79855347,3.060899258,7985,11411,0.22446608543395996
33.40390015,87.00182343,3.061703205,7925,11052,0.2280747890472412
33.3981514,87.20067596,3.061851025,8202,11510,0.2258903980255127
33.39611816,87.40196228,3.061709404,8345,12248,0.22938847541809082
33.40232849,87.60141754,3.062627792,8629,12759,0.22665739059448242
33.40336609,87.8006134,3.061406612,8495,12455,0.2271430492401123
33.40048218,88.00088501,3.061874866,8337,13022,0.2230370044708252
33.3999176,88.19753265,3.062764168,8638,12633,0.22882843017578125
33.39608002,88.39982605,3.062800407,8523,13063,0.23259806632995605
33.40022278,88.60005188,3.061854362,8993,12081,0.22793793678283691
33.40073395,88.8004303,3.062847614,8813,12064,0.22829484939575195
33.40255737,89.00162506,3.061826229,8342,12366,0.22855567932128906
33.59877014,84.02920532,3.063924313,4672,7194,0.2230210304260254
33.60010529,84.19782257,3.063340664,4607,7418,0.23054003715515137
33.60011292,84.39599609,3.061453342,4901,7419,0.22304487228393555
33.60126877,84.59812927,3.062511444,5262,7867,0.2280271053314209
33.5990715,84.79966736,3.063625336,5604,8672,0.2371959686279297
33.6005249,84.99909973,3.061225414,6505,9291,0.22929763793945312
33.60107803,85.19790649,3.06153059,8208,9574,0.22616314888000488
33.59877777,85.39966583,3.062833786,7752,9515,0.2255861759185791
33.60012436,85.59903717,3.062184334,7918,9993,0.22218704223632812
33.60049438,85.79524231,3.06251955,8142,10572,0.23065710067749023
33.60256958,85.99751282,3.062029362,8059,11221,0.22937583923339844
33.60185242,86.19943237,3.061402798,8051,11630,0.22569942474365234
33.59825134,86.40048981,3.06219244,8297,12164,0.22356867790222168
33.59466171,86.60076904,3.061926365,8355,11589,0.23258423805236816
33.59867859,86.79909515,3.061302185,8157,11584,0.22522878646850586
33.60121155,87.00074768,3.062036037,7854,11282,0.22522401809692383
33.60018158,87.19948578,3.060925007,7994,11551,0.22827601432800293
33.59717941,87.40120697,3.062626362,8347,11994,0.22358489036560059
33.60050964,87.59907532,3.061464787,8894,12349,0.22576570510864258
33.60205078,87.79827881,3.062462807,9012,13287,0.23102474212646484
33.60245895,88.00089264,3.06277132,9055,13800,0.22570323944091797
33.59751892,88.20057678,3.062571049,9203,13872,0.2251276969909668
33.5980072,88.40027618,3.06151104,9124,13507,0.23327398300170898
33.59676743,88.59863281,3.061419964,8841,13219,0.22954201698303223
33.59778976,88.80171967,3.063172817,8861,12945,0.2293565273284912
33.60350037,88.99967957,3.061182499,9113,12821,0.2251572608947754
33.80173492,84.03446198,3.063337803,4575,7373,0.2203047275543213
33.79616547,84.19665527,3.063179493,4478,7335,0.22549748420715332
33.79983521,84.39805603,3.060723782,4633,7306,0.2309732437133789
33.79741669,84.59719086,3.062666416,4808,7408,0.22829890251159668
33.79907227,84.79911804,3.062844753,4984,7681,0.2330021858215332
33.80088043,84.99871063,3.062278271,5318,8312,0.22936773300170898
33.79878998,85.19907379,3.063107491,6294,8952,0.22016525268554688
33.79513168,85.3997345,3.062917233,6939,9171,0.2262098789215088
33.7970047,85.59992218,3.062704563,7709,9421,0.2270948886871338
33.79892731,85.79871368,3.062319756,7460,9281,0.2252640724182129
33.80353546,85.9981308,3.061326504,7404,9813,0.22384214401245117
33.79517746,86.20094299,3.062521935,7641,10449,0.2287459373474121
33.79903412,86.399086,3.061630726,7766,11035,0.22300028800964355
33.8035202,86.59911346,3.061038971,7821,10994,0.22207331657409668
33.80363464,86.80007935,3.062811375,7650,10894,0.22585630416870117
33.79693222,86.99964905,3.062395096,7389,10391,0.22425341606140137
33.79923248,87.20079041,3.061952591,7888,10909,0.22562932968139648
33.80043793,87.40016937,3.061366081,8378,11513,0.23687338829040527
33.80052185,87.60031128,3.061784267,8804,12040,0.22613096237182617
33.80109406,87.80131531,3.06272459,9158,12752,0.2315349578857422
33.79999542,88.0001297,3.062115669,9108,13115,0.22954964637756348
33.79577637,88.20291901,3.06145668,9047,13378,0.22723817825317383
33.79810333,88.40104675,3.061466694,8973,13364,0.2259676456451416
33.80216217,88.59841156,3.062554359,8543,13654,0.22246813774108887
33.80249405,88.80021667,3.062530518,8835,13295,0.2289886474609375
33.79989624,89.00154877,3.062796116,8976,13329,0.22708439826965332
33.99898529,84.0144577,3.062877178,4375,7463,0.22885441780090332
33.99861145,84.19707489,3.062525749,4368,7340,0.22585463523864746
34.00212479,84.39556885,3.062116146,4381,7440,0.23022174835205078
34.00182343,84.59738922,3.060897827,4544,7498,0.2271406650543213
34.00107574,84.79826355,3.062353611,4582,7472,0.2257683277130127
34.00109863,84.99785614,3.062438965,4610,7326,0.22472023963928223
34.0005722,85.19913483,3.061659336,5034,7792,0.2276444435119629
34.00067902,85.39749908,3.062596321,5529,8248,0.2259657382965088
34.00194168,85.59812927,3.060268879,6131,8651,0.22786593437194824
34.00137329,85.80170441,3.06190443,6513,8923,0.23211979866027832
33.99635315,86.00032806,3.062902927,6831,9096,0.22889041900634766
33.99903107,86.19943237,3.060966969,7233,9285,0.22299671173095703
34.00340652,86.3989563,3.061292648,7528,9882,0.22383880615234375
34.00045776,86.60262299,3.062170982,7726,10420,0.23187661170959473
33.99903107,86.79885101,3.061383247,7879,10545,0.2265300750732422
33.99953842,86.99809265,3.061652184,8245,11125,0.22834539413452148
33.99860764,87.20072937,3.060636997,8399,11517,0.2191309928894043
34.00424957,87.39762115,3.061461926,8582,12076,0.2268683910369873
34.00479889,87.59899902,3.061533451,8821,12201,0.23572993278503418
34.00364685,87.79864502,3.062143326,9021,12482,0.2255258560180664
33.9987793,88.00230408,3.062427044,8951,12648,0.22708559036254883
33.99840164,88.20211792,3.061051846,8837,12764,0.23102927207946777
33.99626541,88.40096283,3.063014984,9148,12801,0.22414326667785645
34.00012589,88.60122681,3.061384201,8919,13367,0.2267608642578125
34.00470734,88.80146027,3.062284946,9009,13148,0.2204134464263916
34.00205612,89.00097656,3.062839985,8967,13465,0.22871971130371094
34.19747543,84.03946686,3.062078953,4462,7506,0.23052716255187988
34.19723511,84.19580078,3.061300278,4378,7507,0.23131990432739258
34.19947815,84.39579773,3.06161499,4545,7815,0.22852087020874023
34.20245361,84.59589386,3.062888622,4490,7755,0.22650647163391113
34.19942474,84.80091858,3.062616825,4626,7660,0.2200605869293213
34.19702911,85.00086212,3.062194824,4634,7693,0.22687387466430664
34.19901276,85.19812012,3.061849594,4773,7600,0.22588896751403809
34.20093536,85.39683533,3.063504696,5011,7615,0.22502374649047852
34.19960785,85.60009766,3.061983109,5151,7857,0.22761178016662598
34.19935608,85.79885864,3.062828064,5624,8508,0.2222278118133545
34.2024231,85.99765015,3.059978485,6133,9140,0.22533535957336426
34.20192719,86.19862366,3.06132555,7237,9230,0.22763943672180176
34.1981926,86.3995285,3.062522888,7350,9364,0.2225661277770996
34.19844437,86.60101318,3.06111908,7785,9838,0.23218297958374023
34.20055008,86.80085754,3.062119484,7816,10414,0.23933625221252441
34.20110703,86.99954224,3.061963081,8137,10850,0.22452068328857422
34.20093536,87.20031738,3.063294411,8351,11714,0.24056625366210938
34.20219421,87.4006958,3.062520981,8857,13068,0.23047971725463867
34.19918823,87.60159302,3.0625,9005,12838,0.23976612091064453
34.20000458,87.80016327,3.061463356,9350,13145,0.22706961631774902
34.2026062,87.99771118,3.061730862,9633,13241,0.2242598533630371
34.19769287,88.19973755,3.063184738,9172,13051,0.2249162197113037
34.19681168,88.40139008,3.062951088,9436,13926,0.2270514965057373
34.19829941,88.6028595,3.063448429,9722,13508,0.22522926330566406
34.19839478,88.80274963,3.063062668,9436,13594,0.22428297996520996
34.20385742,88.9996109,3.060411453,9523,14025,0.224470853805542
34.39863586,84.02529907,3.062199116,4658,8265,0.22651362419128418
34.3996048,84.19506836,3.061763763,4604,7917,0.2272646427154541
34.40131378,84.39936829,3.061999798,4649,7874,0.22909832000732422
34.40050507,84.59785461,3.062232971,4509,7875,0.2257976531982422
34.39751816,84.7959137,3.062290668,4562,7695,0.2304537296295166
34.40074158,84.9984436,3.062187195,4736,7587,0.22995877265930176
34.39968109,85.19948578,3.062554836,4571,7615,0.22037458419799805
34.40107346,85.39742279,3.061300278,4724,7514,0.22662973403930664
34.40077972,85.59810638,3.060522556,4873,7440,0.22088909149169922
34.39959717,85.8003006,3.06248188,5047,7754,0.23244643211364746
34.39998627,86.00013733,3.062026024,5148,8246,0.22819852828979492
34.40080643,86.19949341,3.061691761,5994,8557,0.2227916717529297
34.40139389,86.40129089,3.062644005,6858,8977,0.2290058135986328
34.39931488,86.59844971,3.062399864,7332,9283,0.2224140167236328
34.39673615,86.80027771,3.062360764,7252,9301,0.22715234756469727
34.39868164,87.00118256,3.062289238,7399,10164,0.22558379173278809
34.39715958,87.20098877,3.061476707,8316,11119,0.22539162635803223
34.40193939,87.39884949,3.062484264,8644,12105,0.22144508361816406
34.3990097,87.59971619,3.060472965,9062,13059,0.21792912483215332
34.39710999,87.80071259,3.061527729,9231,13311,0.23714494705200195
34.39730835,88.00159454,3.062199593,8952,13211,0.22225666046142578
34.40460968,88.20095062,3.061040401,8844,12949,0.22364592552185059
34.40011597,88.40032959,3.060735226,9257,13045,0.2193901538848877
34.39866638,88.6004715,3.061153889,9471,13289,0.22403979301452637
34.39850616,88.80278015,3.062319279,9597,13282,0.22863030433654785
34.40071106,88.99999237,3.061969757,9509,13790,0.2214515209197998
34.59658813,84.02580261,3.063322067,5106,8972,0.22665691375732422
34.59962463,84.19564056,3.061431408,4846,8506,0.22570538520812988
34.60095978,84.3997345,3.061717033,4620,8515,0.23079824447631836
34.6013031,84.59567261,3.060747147,4694,8126,0.22504043579101562
34.59799957,84.79821014,3.063595772,4528,7885,0.22556138038635254
34.59981918,84.99755859,3.060539246,4538,7772,0.2323894500732422
34.59976196,85.19794464,3.062014103,4576,7711,0.22519731521606445
34.6031723,85.39753723,3.061590672,4463,7640,0.2250673770904541
34.60046387,85.59876251,3.062507629,4652,7576,0.2229752540588379
34.59966278,85.80165863,3.061975002,4695,7400,0.22673320770263672
34.59654236,86.00080109,3.061534405,4912,7706,0.22975993156433105
34.59869385,86.19865417,3.062212944,5160,7769,0.2315044403076172
34.60132599,86.39855957,3.063143253,5486,8332,0.2296433448791504
34.60292053,86.59960175,3.062648773,5968,8780,0.22688007354736328
34.59998322,86.80166626,3.061712265,6679,9396,0.22754430770874023
34.59907532,86.9995575,3.060797691,7683,9545,0.2205827236175537
34.59929657,87.19810486,3.061870098,8004,9915,0.22366595268249512
34.599823,87.3994751,3.061311722,8610,11067,0.22385191917419434
34.60328674,87.59766388,3.061571121,8619,12092,0.22639751434326172
34.59885025,87.79840088,3.061590195,8889,12201,0.2318575382232666
34.59857559,88.00219727,3.062007904,9340,13074,0.22989606857299805
34.59986496,88.2012558,3.061733246,9178,12813,0.22177982330322266
34.60005569,88.40214539,3.062510967,9447,13164,0.22844362258911133
34.59747314,88.60106659,3.062761307,9644,13544,0.2268993854522705
34.59783936,88.79838562,3.061418056,9790,13244,0.22838902473449707
34.60048676,89.00248718,3.062376499,9671,13387,0.22655606269836426
34.80120087,84.02308655,3.062363625,5993,11871,0.23156023025512695
34.80133057,84.19570923,3.06246376,5211,10285,0.2282850742340088
34.79772949,84.39665222,3.061118126,4888,9382,0.22108697891235352
34.79705048,84.59816742,3.061887264,4845,8770,0.23445844650268555
34.79767227,84.79753113,3.061777115,4760,8300,0.2187042236328125
34.80089569,84.99845886,3.062718391,4567,7990,0.22851061820983887
34.80332947,85.19979858,3.061992645,4419,7870,0.23139619827270508
34.80066681,85.39901733,3.060918808,4358,7737,0.2283341884613037
34.79935455,85.60067749,3.061746597,4515,7684,0.23161792755126953
34.79957199,85.80104828,3.061389923,4466,7566,0.23066377639770508
34.7984314,86.00040436,3.063024521,4548,7390,0.22527575492858887
34.79975891,86.20045471,3.062066555,4719,7486,0.2220315933227539
34.80190277,86.39800262,3.060696125,4884,7515,0.23149704933166504
34.80342484,86.5983429,3.061153889,5123,7885,0.2407689094543457
34.80292892,86.79921722,3.060874462,5656,8433,0.22515034675598145
34.80050278,86.99668121,3.062464714,6628,9105,0.22803378105163574
34.80186081,87.20085144,3.062185287,8048,9278,0.2266831398010254
34.79778671,87.40037537,3.062517166,7697,9714,0.22897672653198242
34.8006897,87.60195923,3.061985016,7864,10385,0.2260293960571289
34.79594421,87.80131531,3.06313324,8632,11448,0.22127890586853027
34.79989624,87.99975586,3.062551975,8758,12038,0.22262787818908691
34.80212402,88.20137024,3.062144279,9374,12585,0.23088717460632324
34.79852295,88.40145874,3.061995983,9360,13174,0.22008156776428223
34.8004837,88.60134888,3.061881065,9264,13052,0.22778987884521484
34.79812622,88.79963684,3.063129425,9560,13362,0.22753524780273438
34.80189514,88.99786377,3.061172009,9408,13249,0.22953081130981445
35.00164032,84.01464844,3.061570168,7132,14328,0.2259807586669922
35.00121689,84.19499207,3.062725544,6456,13148,0.22636842727661133
34.99911118,84.39730835,3.063577652,5668,11916,0.22861671447753906
34.99888611,84.59707642,3.062766075,5339,10230,0.22897005081176758
34.99662781,84.79782104,3.060926914,4820,9155,0.22570323944091797
35.00209045,84.99739838,3.061627865,4653,8606,0.2227039337158203
35.00041962,85.19901276,3.062709808,4590,8005,0.2275707721710205
35.00034332,85.39621735,3.061909676,4426,7707,0.22916674613952637
34.99996567,85.59874725,3.061279774,4315,7612,0.22703289985656738
34.99735641,85.80020905,3.062103271,4530,7481,0.23759722709655762
34.99799347,85.99967957,3.061974049,4404,7582,0.23085403442382812
34.99741364,86.20040894,3.061470509,4512,7532,0.2248380184173584
35.00079346,86.39938354,3.061283112,4569,7474,0.2221055030822754
35.00069046,86.59799194,3.061927319,4710,7526,0.22473692893981934
34.99946594,86.7988739,3.061212063,4805,7627,0.22658252716064453
34.99904633,86.99985504,3.062072277,5479,8147,0.22713875770568848
35.0017128,87.20055389,3.061224461,5944,8337,0.22435545921325684
35.00041962,87.39936829,3.062372208,6925,9281,0.22185397148132324
34.99868011,87.59991455,3.061969757,7530,9807,0.22659850120544434
35.00296783,87.79930115,3.060975075,7839,10020,0.22287392616271973
34.9994278,87.99993134,3.0623703,8235,10860,0.2262864112854004
35.00140381,88.20394897,3.062008858,8621,11967,0.23142123222351074
34.9985199,88.40009308,3.062807083,8679,11843,0.22371673583984375
35.00099182,88.60203552,3.061337471,9085,12771,0.23528122901916504
34.9989624,88.79927063,3.06159544,9315,13156,0.2273874282836914
35.00285339,89.0005188,3.062988281,9264,13168,0.22864389419555664
