10.00098801,19.99940109,7.300183773,1235,1254,0.2397925853729248
9.999908447,20.9956665,7.300014496,1241,1272,0.24637985229492188
10.00019073,22.00074387,7.299427509,1250,1277,0.24146413803100586
10.00044632,23.00265121,7.299512863,1214,1266,0.23915934562683105
9.997127533,24.0060463,7.299938202,1332,1333,0.25277161598205566
9.999668121,25.00413132,7.301967144,1312,1264,0.2422327995300293
10.00206375,26.00683975,7.300647259,1712,1353,0.2534983158111572
9.999168396,27.01004791,7.299772739,2609,1630,0.24216079711914062
9.998020172,28.01158142,7.299897194,3106,2047,0.24051165580749512
9.998214722,29.01450348,7.29968071,3233,2231,0.2582662105560303
10.00037766,30.01365662,7.300314426,2124,2208,0.23935341835021973
9.998752594,31.01441765,7.301178455,1456,1630,0.23898029327392578
9.999755859,32.01461792,7.298937321,1216,1430,0.25394201278686523
9.999248505,33.01777649,7.299677372,1244,1303,0.24182605743408203
10.00332642,34.01749802,7.299585819,1336,1402,0.23920464515686035
10.00295258,35.01821899,7.299724579,1359,1374,0.23899412155151367
10.00134277,36.01980972,7.300578117,1352,1408,0.24397611618041992
9.998626709,37.02121735,7.300363541,1409,1497,0.25388550758361816
9.997741699,38.02022171,7.301199913,1400,1500,0.23970723152160645
9.99905777,39.02191162,7.299256325,1415,1510,0.2567143440246582
10.00398254,40.02262878,7.300367355,1474,1531,0.26288533210754395
10.99456406,19.97272491,7.300231934,1328,1481,0.23849773406982422
10.99888229,20.99373627,7.299208641,1367,1411,0.24734115600585938
11.00097656,21.9956131,7.299408436,1330,1342,0.24275755882263184
11.00269318,22.99882507,7.299096107,1355,1354,0.2502319812774658
11.00210571,24.00223923,7.299305916,1321,1471,0.23892593383789062
11.00040817,25.00434494,7.300706863,1578,1421,0.24004197120666504
10.9997139,26.00661469,7.299705029,2203,1664,0.2383408546447754
10.9964447,27.00966644,7.299935341,4247,2179,0.25327301025390625
10.99787521,28.01025772,7.3007617,4905,3085,0.23896336555480957
10.99674988,29.01149368,7.300128937,4379,3593,0.24860191345214844
11.00115204,30.01210785,7.299838066,3088,3424,0.24783682823181152
11.00107193,31.01150322,7.299202919,1930,2391,0.24611878395080566
11.00304794,32.01470947,7.299600124,1661,1894,0.25821638107299805
11.00036621,33.01531219,7.300255775,1761,1765,0.2383108139038086
11.00154877,34.01565552,7.300494194,1780,1825,0.24367403984069824
10.99790955,35.01748657,7.299519539,1698,1833,0.25411343574523926
11.00003433,36.02015686,7.299395561,1624,1807,0.24855804443359375
11.00024033,37.02146149,7.300605297,1661,1766,0.27482008934020996
10.99957657,38.01989365,7.299458027,1585,1774,0.2384934425354004
10.99763489,39.02210617,7.300681591,1574,1749,0.25272417068481445
11.00168991,40.0185051,7.298834324,1553,1658,0.23862123489379883
12.00258636,19.97013855,7.299940109,1541,1646,0.24076032638549805
12.00079727,20.99226379,7.301280022,1487,1640,0.23818063735961914
12.00105667,21.99729156,7.301016331,1643,1621,0.2394273281097412
12.00065994,23.00049591,7.299788475,1474,1599,0.2546210289001465
11.99647903,24.00091171,7.299639225,1484,1472,0.25325703620910645
12.00318909,25.00181961,7.299368858,2057,1576,0.2543962001800537
12.00253296,26.0056572,7.300825119,3022,1899,0.2548079490661621
11.99912643,27.00799179,7.30006361,4027,2548,0.2483530044555664
11.99927902,28.01026154,7.300474167,4379,2888,0.2429180145263672
12.00111389,29.01050186,7.299607754,3389,3046,0.25090694427490234
12.00133514,30.01416779,7.300750732,2377,3416,0.2557353973388672
11.9990387,31.0154953,7.300758839,1612,1998,0.255582332611084
12.00060272,32.01490021,7.299835682,1616,1512,0.2504091262817383
11.9998436,33.01553726,7.300395012,1916,1681,0.24158287048339844
12.00074387,34.01623154,7.300545692,1957,2008,0.26146578788757324
11.99901581,35.01801682,7.298972607,1780,1889,0.24122095108032227
11.99946976,36.0187149,7.299581051,1581,1820,0.2526865005493164
11.99724197,37.01995087,7.301013947,1539,1597,0.25445008277893066
12.00082779,38.02117157,7.299590111,1419,1502,0.2578742504119873
11.99952316,39.02015305,7.300242424,1357,1501,0.24850106239318848
11.99874878,40.01856995,7.300889015,1366,1506,0.23845696449279785
13.00238419,19.9740448,7.300156116,1408,1463,0.24185776710510254
13.00102997,20.99245453,7.30025053,1477,1483,0.238936185836792
13.00099182,21.99664688,7.299624443,1478,1420,0.2498319149017334
13.00577545,23.00105667,7.299480438,1479,1445,0.23840093612670898
13.00423813,24.00160599,7.299935341,1632,1487,0.2401127815246582
13.00337982,25.00307083,7.299823761,2184,1588,0.23793506622314453
13.00180817,26.0062294,7.299669743,3989,2030,0.25963926315307617
12.99839401,27.00777054,7.299648285,4026,2558,0.23891568183898926
12.99686813,28.01050568,7.300240517,3527,2632,0.24238038063049316
12.99656296,29.01102448,7.299961567,2590,2929,0.2397327423095703
12.99783325,30.01377487,7.300055027,1629,2022,0.24935245513916016
13.00298691,31.013237,7.300668716,1389,1407,0.2599523067474365
12.99908066,32.01597595,7.301186562,1726,1352,0.23805499076843262
12.99966812,33.01843262,7.29967308,2821,1680,0.26492929458618164
13.00076675,34.01602936,7.29959774,2624,1917,0.2571442127227783
13.00024796,35.0184021,7.299970627,2617,2024,0.2409837245941162
12.99969101,36.01928329,7.299654961,1648,1568,0.2580106258392334
13.00200272,37.01947021,7.299118996,1153,1294,0.27956151962280273
12.99726868,38.02132416,7.300195694,1116,1186,0.24376249313354492
12.99881744,39.02255249,7.299695015,1131,1224,0.23754477500915527
12.99941254,40.02213669,7.298864841,1145,1206,0.2599306106567383
14.00437164,19.97322464,7.300521374,1079,1094,0.262012243270874
14.00155258,20.99223328,7.29911375,1151,1144,0.2500631809234619
13.99792099,21.99808502,7.299786568,1180,1089,0.2442162036895752
13.99931717,22.99986649,7.299880505,1166,1109,0.2456650733947754
14.00205612,24.00056076,7.300352573,1646,1228,0.2386641502380371
14.00028992,25.00442505,7.299909592,2649,1526,0.2701241970062256
13.99959183,26.00333786,7.299354553,3253,2069,0.2681753635406494
14.00272369,27.00765228,7.300293922,3709,2449,0.25615644454956055
13.99925995,28.0091629,7.299334526,2985,2563,0.23897123336791992
13.99948502,29.01151276,7.300036907,2200,2816,0.2507040500640869
14.00061417,30.01331329,7.300904274,1547,1805,0.2585480213165283
14.00193405,31.01318359,7.299746513,1831,1500,0.24074816703796387
14.00357437,32.01467133,7.300051689,2774,1721,0.23972034454345703
14.00038147,33.01956558,7.299758911,3594,2468,0.24305462837219238
13.99973297,34.01841736,7.300495148,4209,2886,0.2535667419433594
13.99910736,35.01748657,7.298665047,3055,2802,0.25036025047302246
14.00019836,36.01893616,7.301054478,1886,2768,0.26811814308166504
14.00120926,37.02071762,7.299506664,1426,1675,0.24128103256225586
14.00063324,38.02252579,7.299244881,1441,1392,0.2627999782562256
13.99555969,39.02166748,7.30012846,1488,1433,0.24893665313720703
14.00233459,40.02050781,7.300005913,1472,1466,0.25062990188598633
15.00868607,19.97143936,7.300457478,1360,1327,0.2394115924835205
15.00219727,20.99197388,7.300757885,1413,1387,0.268430233001709
15.00107956,21.99679184,7.299259663,1459,1494,0.23872852325439453
15.00001144,23.00088501,7.300243378,1752,1584,0.2686455249786377
14.99973679,24.00068665,7.299809933,2428,1844,0.24607443809509277
14.99761963,25.00374222,7.299281597,4497,2620,0.2569921016693115
15.00073242,26.00793076,7.30048275,5085,3306,0.25698018074035645
15.0000267,27.00654221,7.299836636,4743,3608,0.25730252265930176
14.99915314,28.01120377,7.299550533,3656,4558,0.23968076705932617
14.99793243,29.01267624,7.299826145,2463,3024,0.23853302001953125
14.99670792,30.01275635,7.300094604,2330,2276,0.23856878280639648
14.99934769,31.01296234,7.299918652,3112,2240,0.2381904125213623
14.99923706,32.01416779,7.299320221,5398,2979,0.23993968963623047
14.99992371,33.01670074,7.29984951,5740,3712,0.23978233337402344
15.00178909,34.01640701,7.299750328,5182,4096,0.2749824523925781
14.99765778,35.01836777,7.299693108,3944,4943,0.24849486351013184
14.99952316,36.01778793,7.30008316,2568,3399,0.2524847984313965
15.00007629,37.01948929,7.300115108,2215,2301,0.24125933647155762
15.00088501,38.02270508,7.299715519,2637,2215,0.24007940292358398
15.00037384,39.02340698,7.300434113,3161,2907,0.24196815490722656
15.00161743,40.02042389,7.300043106,2611,2889,0.27300477027893066
16.00626373,19.97491455,7.300850868,1853,1962,0.23891305923461914
16.00034332,20.9942131,7.300369263,1868,1888,0.2411034107208252
15.99911499,21.99732208,7.30065918,2031,2041,0.25197887420654297
16.00040817,22.99978256,7.300327301,2712,2158,0.2438807487487793
15.99972916,24.00177765,7.30015707,4339,2608,0.23815226554870605
16.00004578,25.00271225,7.300325394,5584,3614,0.2573261260986328
15.99935532,26.00718689,7.2996912,6072,4259,0.24154019355773926
15.99939728,27.00909805,7.30013895,4815,4328,0.24542522430419922
16.00199509,28.00923157,7.299713135,3291,4495,0.2433300018310547
16.0033493,29.01000214,7.299045563,2396,2845,0.24236822128295898
16.00460052,30.01063538,7.299844265,2965,2261,0.2573094367980957
15.99784088,31.01417732,7.29985857,5100,2774,0.2516953945159912
15.99775696,32.01483154,7.30009985,5592,3596,0.2630422115325928
16.00297546,33.01514435,7.300154686,5949,4011,0.2447373867034912
16.00299072,34.0177536,7.299978256,4547,4004,0.2598731517791748
15.99825668,35.01898575,7.299432755,3064,4003,0.2524101734161377
16.0009079,36.01926422,7.29921627,2071,2414,0.25099802017211914
16.00169373,37.0198288,7.300753593,2413,2023,0.2580094337463379
16.00130081,38.01997375,7.29976368,4007,2367,0.2589995861053467
16.00093079,39.02157974,7.300141335,3951,2805,0.2619657516479492
15.99892807,40.0220108,7.29872942,3924,2980,0.24066781997680664
17.00616074,19.97353363,7.300709724,1522,1566,0.2480790615081787
17.0035553,20.99309921,7.300296307,1547,1540,0.23822999000549316
17.00212097,21.99821472,7.299752235,1798,1574,0.2767140865325928
16.99951172,23.00154495,7.300246239,2595,1795,0.23802423477172852
16.99895096,24.00292969,7.299888611,4502,2484,0.23912572860717773
16.999897,25.0061264,7.300646305,4660,3086,0.2568373680114746
17.00173569,26.0068779,7.300911427,4095,3361,0.24300789833068848
17.00227356,27.00804901,7.300974846,3145,3774,0.26615452766418457
16.99687958,28.00970459,7.299880505,2110,2583,0.251084566116333
16.99806595,29.01101303,7.29896307,2045,1904,0.23935151100158691
16.99633789,30.01309967,7.301234245,2840,1984,0.23859310150146484
16.99932098,31.01398468,7.299585342,4713,2636,0.24286246299743652
17.00007629,32.01391983,7.299622536,4795,3185,0.23855376243591309
16.99982071,33.01722717,7.298542976,4128,3255,0.2404470443725586
16.99590302,34.02005768,7.300229073,3087,4029,0.23899292945861816
16.99826813,35.02125168,7.300051212,1969,2533,0.2512497901916504
16.9993248,36.01886749,7.300218582,1946,1860,0.2583029270172119
17.00284958,37.02047348,7.300571442,2631,1924,0.23905134201049805
17.00028992,38.02064896,7.299563408,4623,2482,0.26392412185668945
16.99980164,39.02189636,7.299574852,4928,3262,0.23999547958374023
17.00100708,40.02003098,7.299700737,4261,3669,0.24026274681091309
18.00917053,19.97370529,7.300508976,1504,1449,0.2530639171600342
18.0,20.99277496,7.299530506,1531,1585,0.2396528720855713
18.00120544,21.99816513,7.299249172,2106,1580,0.23869776725769043
17.99893188,23.00224686,7.301338196,3652,2054,0.2558448314666748
17.99974823,24.0030365,7.29916954,4087,2769,0.25530123710632324
18.00227356,25.00164795,7.300534725,4602,3109,0.23824071884155273
18.00305557,26.00444794,7.30068779,3425,3258,0.24361300468444824
18.00201416,27.00821686,7.300343513,2301,3139,0.2535576820373535
17.99788284,28.0102272,7.299839973,1877,2046,0.24137353897094727
17.99885941,29.0120697,7.299503326,2265,1807,0.24139976501464844
17.99847031,30.01111984,7.299425125,4110,2322,0.23900771141052246
18.0004921,31.01589775,7.300298214,4468,2933,0.23955178260803223
17.99987411,32.01569366,7.300276279,4771,3334,0.2580604553222656
17.9993515,33.01648712,7.299328327,3652,3386,0.2574429512023926
18.00204086,34.01915741,7.300512314,2518,3346,0.2386913299560547
17.9995842,35.02006531,7.29954052,1788,2147,0.250455379486084
17.99747849,36.01857376,7.300477982,2211,1739,0.24052786827087402
17.99779129,37.02178955,7.299497604,3913,2129,0.24752235412597656
17.99729538,38.02055359,7.301476002,4351,2960,0.23847150802612305
18.00014496,39.02153015,7.299775124,4723,3180,0.25254130363464355
18.00113297,40.02156067,7.301493645,3595,3453,0.24363255500793457
19.01070023,19.97531128,7.301646709,1524,1385,0.26218676567077637
18.99947739,20.99345016,7.299043655,1673,1536,0.2501678466796875
18.99948502,21.9995575,7.301551819,2551,1684,0.25649499893188477
19.0027771,22.99925995,7.300064087,4046,2325,0.26014232635498047
19.00068283,24.0014801,7.29966116,4358,2841,0.25644755363464355
18.99926376,25.00450516,7.299830437,3842,3024,0.28755807876586914
18.99889374,26.00628662,7.30026722,2938,3834,0.25792741775512695
19.00108337,27.00793457,7.300471306,1871,2257,0.24390006065368652
19.0020752,28.00679779,7.29949522,1878,1635,0.24439787864685059
19.00324249,29.01256561,7.300760269,2580,1750,0.254622220993042
18.99690628,30.01327896,7.300034523,4006,2413,0.25863122940063477
18.99911499,31.01249886,7.299952507,4515,2867,0.2653188705444336
18.99945068,32.01448822,7.300233841,3808,3223,0.24134373664855957
19.00153351,33.01641083,7.299787998,2977,3859,0.2773566246032715
19.00048447,34.01635361,7.299889565,2037,2592,0.24237895011901855
19.00303268,35.01566315,7.299099922,2100,1861,0.2543060779571533
18.99845123,36.02133942,7.300534725,2930,2002,0.2546701431274414
18.99991226,37.01890945,7.300073147,4673,2776,0.23865485191345215
18.99843597,38.02147675,7.301145077,5020,3399,0.2559936046600342
19.00614929,39.02001953,7.301131248,4330,3461,0.25881433486938477
18.99822998,40.02020264,7.299481392,3407,4288,0.23953008651733398
20.00604248,19.97270203,7.300009727,1645,1680,0.24290895462036133
20.00054932,20.99380112,7.300655365,2400,1718,0.24110984802246094
19.9990921,21.99827957,7.29954052,4279,2259,0.2556333541870117
20.0053978,22.99957657,7.299526691,4887,3068,0.25957584381103516
19.99965668,24.00175095,7.299545288,5074,3543,0.23950886726379395
19.99972153,25.00498581,7.301773071,3896,3581,0.23809099197387695
20.00043869,26.00806427,7.299947262,2475,3414,0.24086499214172363
20.00161743,27.00756073,7.298602104,1964,2197,0.2509477138519287
19.99973297,28.00833511,7.301068783,2407,1846,0.24938702583312988
19.99736023,29.01171112,7.299875736,4029,2360,0.23903155326843262
19.99567032,30.01366806,7.299421787,4810,3137,0.2557697296142578
20.00502014,31.01368713,7.29898119,4833,3452,0.25865650177001953
19.99790573,32.01583862,7.301053524,3831,3475,0.2584967613220215
20.00010681,33.01696014,7.29904604,2455,3198,0.2563364505767822
20.00416946,34.01470566,7.300035954,1922,2141,0.23827672004699707
20.00418091,35.01636505,7.298480988,2355,1839,0.23893976211547852
20.00352859,36.01890564,7.299241543,4325,2278,0.2669086456298828
20.00042343,37.01870728,7.299938202,4710,3028,0.23853063583374023
20.00180435,38.02012634,7.301198006,5048,3517,0.2390599250793457
20.00072098,39.02182388,7.300604343,3964,3746,0.23872590065002441
20.0008049,40.02030182,7.300269127,2615,3419,0.23964858055114746
21.00915909,19.97090149,7.300718307,2076,1749,0.24218368530273438
21.00505829,20.99052429,7.300825119,2962,2066,0.24576497077941895
21.00432968,21.99781799,7.299969196,4872,2837,0.238508939743042
21.00357056,22.9998436,7.300030708,5511,3559,0.2620701789855957
21.00026703,24.00172806,7.300704002,4986,3852,0.25496912002563477
20.99772263,25.00445175,7.299337387,3566,4558,0.2395787239074707
20.99714279,26.00613022,7.299986362,2285,2927,0.23921632766723633
20.99998856,27.00889206,7.299844265,2412,2194,0.25751161575317383
21.00005722,28.01115799,7.300574303,3395,2289,0.2517714500427246
21.00380707,29.01192474,7.299900055,5424,3246,0.2658357620239258
20.99977112,30.01248932,7.298535347,5794,3751,0.2618861198425293
21.00149536,31.01573181,7.300397873,4883,3907,0.2395458221435547
21.00051498,32.01641846,7.299771786,3668,4854,0.24290752410888672
20.99975967,33.01542664,7.300623894,2356,3007,0.24583053588867188
21.00001907,34.01738739,7.300084591,2488,2296,0.2598915100097656
21.00263596,35.01715088,7.29953289,3284,2398,0.24847745895385742
21.00105286,36.01924896,7.299435616,5101,3170,0.25756025314331055
21.00147247,37.01998901,7.299815178,5532,3754,0.24381017684936523
20.99716568,38.01850128,7.300608635,4748,3983,0.2420032024383545
20.99597931,39.02030563,7.300952435,3766,5453,0.24201416969299316
20.99763489,40.02107239,7.300191879,2352,3032,0.2640516757965088
22.01282883,19.97556686,7.30074501,2377,1988,0.24492526054382324
22.00431442,20.99333572,7.301216125,4556,2486,0.2514820098876953
21.99913406,21.99684525,7.301227093,5253,3360,0.23880743980407715
21.99888992,23.0015564,7.299577236,5523,3847,0.24487042427062988
21.99947357,24.00212097,7.29871273,4270,4032,0.273989200592041
22.00011826,25.00610352,7.301509857,2721,3480,0.25082826614379883
21.99795914,26.00671768,7.300688744,2153,2363,0.25511765480041504
22.00192642,27.00819778,7.299868584,2837,2161,0.25733280181884766
22.00138855,28.00908279,7.299343109,4991,2692,0.2430586814880371
22.00151062,29.01017761,7.299803734,5322,3456,0.2592339515686035
21.998909,30.01246262,7.299679279,5445,3848,0.2553694248199463
22.00193787,31.01559067,7.298505306,4476,4219,0.24024033546447754
22.00063705,32.01303864,7.299612999,2932,3857,0.24002385139465332
22.00259399,33.01806641,7.299041748,2285,2495,0.23793768882751465
22.00043488,34.01929092,7.299930573,2809,2246,0.2553739547729492
22.00086594,35.01925659,7.300322533,4811,2800,0.2671506404876709
22.001091,36.01828766,7.30017519,5437,3455,0.25448036193847656
22.00261307,37.01947403,7.300095081,5091,3702,0.2636396884918213
21.99844742,38.0200882,7.299791813,4030,4180,0.2391362190246582
21.99803543,39.0205307,7.299688339,2831,3719,0.2382190227508545
21.9979744,40.02301788,7.300394058,1947,2434,0.23806476593017578
23.00756454,19.97423935,7.301763058,2105,1919,0.246840238571167
23.00247192,20.99344635,7.300341606,3555,2552,0.25840163230895996
23.00329971,21.99788284,7.300776958,4967,3465,0.25713539123535156
22.99822998,23.00059128,7.300566673,4779,3707,0.24968385696411133
22.99707031,24.00447083,7.300700188,3575,4731,0.2379927635192871
22.99743271,25.00618362,7.299900055,2363,2829,0.24886584281921387
23.00099945,26.00669861,7.301082611,2506,2233,0.24722814559936523
23.00471878,27.00484467,7.29949522,3854,2503,0.24093246459960938
23.00349808,28.00823975,7.300134182,5242,3348,0.23999333381652832
23.00370026,29.0097847,7.300857067,5853,3943,0.26561713218688965
22.99897003,30.01322174,7.300170898,5072,4024,0.2666356563568115
23.00079727,31.01363754,7.300480366,3678,5055,0.2622056007385254
23.00005341,32.01289368,7.300438881,2436,3074,0.23726463317871094
23.0002594,33.01419449,7.300198555,2744,2283,0.23906230926513672
22.99964905,34.01656342,7.299670696,3894,2521,0.2561790943145752
22.99948502,35.01968384,7.300356388,5312,3159,0.25420212745666504
23.00411987,36.01810455,7.299472809,5657,3631,0.24549269676208496
23.00198746,37.01823425,7.298372269,4541,3928,0.2382793426513672
23.00057983,38.01976013,7.300226688,3701,5483,0.24406027793884277
22.99898529,39.02069473,7.300427437,2327,3021,0.2548208236694336
22.99992371,40.02142334,7.299733162,2021,2232,0.26078009605407715
24.01042557,19.97249603,7.300542831,2018,1977,0.24281620979309082
24.00413895,20.99384308,7.298622131,2320,2323,0.25444960594177246
24.00034332,21.99720001,7.29958868,2731,2682,0.23910236358642578
24.00016403,23.00003815,7.299726009,3550,3487,0.24116873741149902
24.00004196,24.00034714,7.299522877,2732,3227,0.24623823165893555
24.00060272,25.00380707,7.29887104,2164,2381,0.23960638046264648
23.99952698,26.00528717,7.299144268,2784,2320,0.23846197128295898
23.99995804,27.00808334,7.299417019,5263,2879,0.24758386611938477
24.00217438,28.0103569,7.299690247,5737,3771,0.2566041946411133
24.00006485,29.01183701,7.299812317,5720,4174,0.2459716796875
23.99849319,30.01474762,7.29991436,4590,4404,0.24654245376586914
23.99653625,31.01504898,7.300218582,2759,3704,0.25370121002197266
24.00162125,32.01362991,7.300270557,2259,2444,0.23868346214294434
24.00225067,33.01408386,7.299385071,2985,2355,0.23815560340881348
24.00354004,34.01778412,7.300504208,5165,2827,0.2534043788909912
24.00270844,35.01826859,7.299555779,5329,3359,0.26464128494262695
23.99674606,36.01967621,7.300999641,4917,3597,0.2410292625427246
23.99944687,37.02027893,7.299375534,3892,4069,0.23801517486572266
23.99833679,38.02089691,7.299588203,2558,3335,0.2384800910949707
23.99783325,39.02065659,7.300191879,1935,2472,0.2549614906311035
24.00292969,40.0205574,7.301106453,1827,1948,0.2553565502166748
25.00977707,19.97449875,7.300499916,1677,1740,0.24017906188964844
25.00257492,20.99299622,7.299889565,1716,1869,0.24515986442565918
25.0015564,21.99655914,7.299579144,1802,1887,0.2828853130340576
25.00555801,22.99967194,7.300609589,1970,2047,0.2558095455169678
24.99725342,24.00297546,7.299850464,1840,2044,0.24356985092163086
24.99774933,25.0042038,7.299563408,2050,1862,0.239363431930542
24.9935379,26.0072937,7.299010277,3077,2131,0.2532198429107666
25.00072479,27.00828552,7.299685001,4563,2914,0.25673866271972656
25.00379181,28.00833511,7.2998209,5469,3451,0.24834823608398438
25.00041199,29.01000214,7.299245834,4305,3450,0.23867487907409668
25.00038528,30.01210785,7.299252033,3234,4107,0.2383890151977539
25.001091,31.01301956,7.300352097,2105,2650,0.24727439880371094
24.99945831,32.01634979,7.299639702,2433,2056,0.2566797733306885
24.99872208,33.01386261,7.300308228,3564,2334,0.23789405822753906
24.99964142,34.01626587,7.299033165,4788,3037,0.2551381587982178
25.00098801,35.01768494,7.300827503,5276,3408,0.238555908203125
25.00279617,36.01958466,7.300935745,4249,3587,0.2840101718902588
25.00223923,37.01851654,7.300023556,3256,4235,0.23749113082885742
25.00180435,38.01992416,7.300345898,2275,2789,0.24382758140563965
25.0025444,39.01948929,7.300798416,1908,2160,0.24106359481811523
25.00030136,40.01992798,7.299829006,1892,2033,0.25723886489868164
26.00995636,19.97297668,7.300485134,1747,1962,0.2504727840423584
26.00378799,20.99148941,7.299581051,1743,1811,0.25630688667297363
26.00337219,21.99845505,7.30030632,1757,1941,0.25743722915649414
26.00199127,23.00027466,7.301372528,1774,1848,0.2590053081512451
26.00125885,24.00124359,7.300413609,1829,1874,0.25780725479125977
26.0038147,25.00366974,7.299890518,2077,1969,0.2542247772216797
26.00217438,26.00600433,7.299976826,2728,2263,0.2578408718109131
25.99710846,27.00847244,7.299811363,4413,3009,0.2585268020629883
26.00118256,28.00936127,7.300560474,4769,3409,0.27483510971069336
25.99781036,29.0104332,7.300834656,3979,3840,0.25079941749572754
25.99929428,30.01276398,7.299581051,2591,3091,0.25050830841064453
26.00207138,31.0113945,7.299713612,2104,2120,0.243208646774292
26.00230789,32.01746368,7.300043106,2701,2154,0.2591407299041748
25.99792099,33.01720428,7.300136089,4858,2559,0.2376232147216797
26.00190735,34.01679993,7.300962448,4784,3118,0.23920607566833496
25.9961319,35.01889038,7.300231457,4670,3435,0.2438807487487793
25.99983978,36.01917267,7.300616264,3542,3786,0.23881173133850098
26.00080872,37.02081299,7.299492836,2319,3196,0.24005603790283203
25.99906158,38.01928711,7.298677921,1848,2147,0.2458508014678955
26.0025444,39.02287292,7.30044651,1788,1888,0.25623202323913574
26.00185394,40.01942444,7.299869537,1694,1821,0.24853086471557617
27.00989914,19.97338104,7.300179482,1620,1729,0.24645495414733887
27.00503159,20.99096298,7.299505234,1684,1811,0.25760459899902344
27.00185776,21.99823761,7.299193382,1645,1845,0.24205541610717773
26.9995575,23.00008774,7.300061226,1716,1759,0.2571749687194824
27.0009079,24.00302124,7.299953938,1786,1807,0.24724292755126953
27.00305176,25.00426865,7.299758434,1715,1823,0.25331640243530273
27.00286484,26.00536728,7.300045967,1942,1917,0.23948431015014648
27.00361633,27.00647354,7.29918766,2312,2173,0.2550973892211914
26.99808884,28.00995636,7.300302029,2727,2591,0.2607252597808838
26.99935532,29.01118851,7.299680233,2739,2790,0.24270033836364746
27.00037384,30.01520538,7.300153732,2014,2370,0.2626211643218994
27.00224304,31.01497841,7.299405098,2281,1918,0.23842358589172363
27.00273514,32.01444244,7.298951149,3227,2240,0.2485642433166504
26.99832916,33.01757813,7.300578117,4366,2971,0.23853397369384766
26.99749756,34.01746368,7.299539089,4855,3385,0.2520880699157715
26.99794388,35.0190773,7.301073551,3887,3373,0.2601490020751953
27.00331497,36.01765442,7.298953533,3065,4254,0.2393343448638916
27.00105667,37.02061844,7.29953146,2153,2738,0.2471635341644287
26.99999237,38.01769638,7.300159454,1846,2015,0.25278401374816895
27.00075912,39.02091217,7.299769878,1791,2090,0.23887872695922852
26.998703,40.02043915,7.300821304,1828,1974,0.24994277954101562
28.01213074,19.97366333,7.29997015,1753,1892,0.2599802017211914
28.0042572,20.99312592,7.299757004,1713,1922,0.25095129013061523
28.00065613,21.99676895,7.300105095,1756,1974,0.24126648902893066
27.99829483,23.00191116,7.300001144,1714,1927,0.2553243637084961
28.00259018,24.00170898,7.299481869,1722,1878,0.26361608505249023
28.00172043,25.00174713,7.299399376,1707,1798,0.2387850284576416
27.99953079,26.0075531,7.300790787,1762,1852,0.2534315586090088
27.99724579,27.00772858,7.299063683,1803,1990,0.24157428741455078
27.99954987,28.00860214,7.299521923,1924,1990,0.25385332107543945
28.00083542,29.00996017,7.299654961,1992,2085,0.24531197547912598
28.00203705,30.01313782,7.300485611,1931,2000,0.25409841537475586
28.00103378,31.01368332,7.299904346,2355,2081,0.24829483032226562
28.00004196,32.01579285,7.299786568,4547,2666,0.2576262950897217
27.99798584,33.01796722,7.299651623,4755,3181,0.23852944374084473
27.99952698,34.01616669,7.300178528,4290,3322,0.26670289039611816
28.0020752,35.01963043,7.300112247,3578,3909,0.23822379112243652
28.0006218,36.01920319,7.300049305,2364,2997,0.258164644241333
28.00064087,37.02084351,7.29979229,1914,2117,0.2531147003173828
28.00271225,38.02048492,7.300907612,1794,1869,0.26578807830810547
27.99784088,39.01917267,7.299990654,1683,1859,0.26602697372436523
28.0026474,40.01945496,7.299705505,1770,1836,0.2524738311767578
29.01151657,19.97542953,7.300683975,1688,1918,0.23967766761779785
29.00278854,20.99217987,7.300181389,1695,1803,0.23935842514038086
29.00220108,21.99778366,7.299953461,1741,1841,0.2391214370727539
28.99929428,23.00189972,7.299665928,1729,1852,0.24355721473693848
28.99866867,24.00307083,7.300708771,1676,1767,0.2452082633972168
28.99702835,25.00399017,7.299921036,1620,1816,0.2570607662200928
29.00144577,26.00527954,7.299500465,1662,1850,0.23834967613220215
29.0004921,27.0068512,7.299096107,1706,1731,0.2391219139099121
29.0006485,28.00959015,7.299764633,1731,1926,0.2688732147216797
29.00043488,29.01078033,7.298859119,1716,1767,0.23813915252685547
29.0013504,30.01292038,7.299988747,1660,1726,0.23903155326843262
28.99962997,31.01510429,7.300427914,2050,1902,0.2662680149078369
29.00072479,32.0142746,7.300051689,3047,2439,0.2600703239440918
29.00169754,33.01692581,7.300554276,4084,2928,0.2386164665222168
29.00108719,34.01893997,7.300213814,3649,3085,0.2696540355682373
28.99779892,35.01994324,7.300453186,2808,3462,0.2609281539916992
29.00421906,36.01810074,7.299554825,2034,2304,0.23825716972351074
29.00278473,37.01909637,7.299321651,1665,1751,0.23937034606933594
29.00066757,38.02045059,7.300399303,1583,1781,0.23899459838867188
29.0018425,39.02101135,7.300736427,1524,1731,0.23938560485839844
29.00067139,40.02112961,7.29928875,1580,1635,0.26372814178466797
30.00877953,19.97498703,7.300147533,1501,1641,0.263643741607666
30.00256538,20.9904213,7.299505711,1496,1666,0.24421954154968262
30.00208092,21.99802017,7.299842834,1487,1678,0.2570655345916748
29.99819565,22.99881744,7.299692154,1577,1612,0.24026703834533691
29.99757767,24.00037766,7.30102253,1475,1669,0.2510254383087158
30.00382423,25.00144958,7.298882961,1448,1610,0.23936247825622559
30.00211143,26.00533295,7.300143242,1511,1611,0.25447988510131836
30.00296021,27.00944138,7.300344467,1465,1626,0.25014495849609375
30.00207901,28.01045609,7.299839973,1568,1664,0.24364781379699707
29.99835014,29.01290512,7.300920963,1503,1604,0.23813986778259277
29.99736404,30.01259232,7.300430298,1511,1533,0.23830795288085938
29.99886322,31.01220131,7.299334049,1620,1565,0.2656247615814209
30.00206947,32.01509094,7.300304413,1758,1693,0.24010467529296875
30.00343513,33.01714325,7.300087929,1907,1973,0.23918366432189941
30.00082207,34.01832581,7.300255775,2271,2249,0.2504582405090332
30.00075531,35.02047348,7.299763203,1801,2158,0.23939156532287598
29.99991226,36.01901627,7.299897194,1582,1648,0.24607062339782715
29.99997902,37.02070999,7.299508095,1429,1590,0.25517725944519043
30.0026474,38.02092743,7.300161362,1411,1609,0.23886942863464355
30.0021553,39.01985931,7.299340248,1501,1620,0.2669658660888672
29.99929047,40.02015305,7.30012846,1520,1694,0.2550485134124756
