29.99919319,84.00058746,3.062287807,5264,7457,0.22768712043762207
30.00201988,84.19577026,3.061967373,5435,7959,0.22827553749084473
30.00382996,84.39793396,3.061648846,5599,8324,0.22685575485229492
30.00031853,84.60139465,3.062478065,5352,8365,0.2257843017578125
29.99193192,84.79940796,3.061515808,5101,8354,0.23013854026794434
29.99550247,85.0018158,3.063380241,5008,8127,0.22831153869628906
30.0022049,85.1978302,3.062169075,4706,7966,0.22756075859069824
30.0014019,85.39764404,3.062479973,4754,7748,0.22785234451293945
30.00033379,85.59680176,3.061068535,4787,7732,0.22504043579101562
29.99831772,85.8001709,3.062154293,4686,7652,0.2289566993713379
29.99962807,85.99961853,3.061627865,4803,7533,0.22955918312072754
30.00086594,86.2003479,3.062521935,4789,7638,0.2308201789855957
29.99960518,86.40164185,3.062168121,5086,7669,0.22824859619140625
29.99687195,86.60273743,3.061517239,5202,7807,0.22780227661132812
29.99835205,86.80031586,3.061423302,5445,8006,0.22903084754943848
29.99956512,86.99937439,3.06014967,5681,8322,0.22762441635131836
30.00045013,87.19947052,3.062426567,5957,9131,0.22780418395996094
30.00138474,87.40000916,3.062011242,7048,10053,0.22934556007385254
29.9978199,87.60020447,3.061839581,8329,10906,0.2266993522644043
29.9971981,87.79895782,3.062232494,8599,11055,0.2276914119720459
29.99871445,88.00032043,3.06274128,8374,12105,0.22778940200805664
30.00306892,88.2003479,3.062576294,8550,12549,0.2275376319885254
30.0026989,88.4017334,3.062194824,9043,13101,0.22725772857666016
30.00058174,88.60212708,3.060809612,9229,13430,0.22998356819152832
29.99586868,88.8033905,3.061923027,9374,13701,0.2286062240600586
29.99965477,89.00128937,3.06202364,9139,13798,0.22762370109558105
30.20082283,84.019104,3.062949181,6280,8296,0.22707605361938477
30.20182419,84.19788361,3.061738491,7114,9446,0.22778749465942383
30.19967079,84.39905548,3.063378811,7331,10166,0.22727227210998535
30.1965332,84.59867096,3.061787128,7020,10610,0.22454357147216797
30.19903374,84.79832458,3.062721729,6348,10654,0.22698473930358887
30.20269012,84.99700928,3.061947823,5860,10179,0.2310619354248047
30.19998169,85.19889832,3.062811852,5229,9417,0.2277698516845703
30.19886589,85.39802551,3.06105566,4787,8737,0.2292017936706543
30.19750214,85.60007477,3.063971996,4897,8431,0.22748565673828125
30.20195007,85.80018616,3.061876774,4911,7990,0.22460007667541504
30.20182037,86.00036621,3.062814713,4696,7845,0.2276782989501953
30.19786835,86.20120239,3.061986446,4729,7730,0.22968101501464844
30.19612312,86.39875793,3.062490463,4784,7761,0.22537517547607422
30.20029831,86.59859467,3.062443733,4770,7760,0.22710537910461426
30.20100784,86.79850006,3.063168526,4796,7576,0.22772812843322754
30.20483971,87.00048828,3.062423706,4791,7869,0.22983551025390625
30.20230865,87.19734192,3.061486721,5221,7939,0.22532916069030762
30.19980812,87.39936829,3.062584877,5809,8671,0.2293705940246582
30.19708443,87.60136414,3.062755108,6593,9277,0.22541117668151855
30.20129967,87.79951477,3.060877323,7518,9748,0.22565031051635742
30.20181084,87.99950409,3.062592506,7981,10669,0.2283649444580078
30.19979477,88.20129395,3.061865807,8061,10899,0.22648191452026367
30.1993866,88.40054321,3.06216383,8366,12056,0.2305305004119873
30.19893837,88.60007477,3.061871052,8997,13173,0.21910786628723145
30.20085716,88.80105591,3.061748028,8985,13284,0.2254924774169922
30.19974709,89.00169373,3.062020302,9182,13698,0.22475862503051758
30.39742851,84.0211792,3.063416481,7912,9530,0.23015713691711426
30.39825821,84.19779205,3.062091351,8803,10810,0.23459076881408691
30.40205002,84.39836121,3.061723709,9001,11427,0.2249598503112793
30.40232086,84.59848022,3.061443329,8087,11911,0.22655987739562988
30.40130043,84.79792786,3.061752319,7645,12851,0.22619390487670898
30.39744759,84.99939728,3.062235832,7055,13480,0.22717761993408203
30.40194511,85.19906616,3.061213493,6191,13126,0.22025418281555176
30.40157318,85.39824677,3.061787605,5737,11437,0.21947860717773438
30.39722633,85.60061646,3.062685013,5282,9697,0.2210385799407959
30.3985672,85.80140686,3.061471939,5052,8784,0.22948527336120605
30.40083694,85.99827576,3.06261301,4826,8367,0.22310757637023926
30.40361404,86.2006073,3.062712669,4772,8097,0.2283163070678711
30.39942551,86.39976501,3.062300682,4652,7913,0.22844386100769043
30.39912415,86.59710693,3.062725544,4763,7929,0.2201251983642578
30.39890099,86.80203247,3.061587334,4821,7910,0.22002816200256348
30.40052414,86.99911499,3.061568737,4805,7833,0.22843456268310547
30.39943314,87.20030212,3.061360359,5007,7891,0.22537899017333984
30.40001106,87.40247345,3.062278271,5246,7960,0.2261190414428711
30.40147781,87.60051727,3.06237793,5645,8434,0.22535085678100586
30.39842606,87.80226135,3.062032223,6129,9096,0.2242269515991211
30.39827156,87.99909973,3.060963631,6792,9863,0.22082901000976562
30.40116119,88.19908142,3.062610626,7569,10835,0.22941970825195312
30.40093422,88.39932251,3.060739994,8304,10837,0.22350502014160156
30.3975029,88.60112,3.062035084,8454,11634,0.22629737854003906
30.39945412,88.80051422,3.061024666,8573,12796,0.22039222717285156
30.4017868,88.99949646,3.0610075,8829,12997,0.22790789604187012
30.60003853,84.01781464,3.062061787,9238,9778,0.22641539573669434
30.60059166,84.19774628,3.062205791,8204,9364,0.22514677047729492
30.59915352,84.39918518,3.0609622,7475,9293,0.22953581809997559
30.59949875,84.60157776,3.062229633,7432,9485,0.23057293891906738
30.60059547,84.79872894,3.062212467,7377,10491,0.22932076454162598
30.60189056,84.99906921,3.062277317,7504,12742,0.22971582412719727
30.60128593,85.19827271,3.061800003,7849,16490,0.22732901573181152
30.5995903,85.39641571,3.06136179,7478,16161,0.22799968719482422
30.59551048,85.59976959,3.062590599,6418,13789,0.22522711753845215
30.59945107,85.800354,3.061459541,5802,10587,0.2242121696472168
30.60042381,86.00027466,3.062059879,4958,9296,0.22579574584960938
30.60003471,86.19932556,3.06141758,4905,8871,0.21972060203552246
30.60083961,86.39938354,3.06281805,4827,8274,0.21988749504089355
30.60193825,86.59949493,3.062915802,4654,8113,0.2202606201171875
30.60071182,86.79883575,3.062102318,4568,8106,0.22965073585510254
30.59866905,86.99904633,3.063277245,4731,7837,0.22031307220458984
30.60098267,87.19758606,3.061509132,4922,7768,0.22397327423095703
30.60304832,87.40164185,3.062478065,5091,7974,0.22581982612609863
30.60089302,87.60189819,3.062571526,5031,7895,0.22017478942871094
30.59819412,87.79977417,3.062213898,5294,8099,0.2299506664276123
30.59653473,88.00075531,3.065398693,5670,8593,0.2247002124786377
30.60144043,88.20175171,3.062055111,6157,9528,0.2250196933746338
30.59647179,88.40078735,3.061879635,7307,9954,0.2254471778869629
30.59809113,88.60066986,3.061444283,8075,10775,0.23081660270690918
30.59900093,88.80187988,3.061770916,8079,10855,0.22463321685791016
30.60251617,89.0022049,3.062231064,8553,11801,0.23200178146362305
30.80095863,84.02459717,3.061627388,9371,9653,0.22737908363342285
30.79970741,84.19638062,3.061046124,8475,9330,0.2250537872314453
30.79853249,84.39919281,3.061607361,8422,10802,0.2297654151916504
30.79885483,84.60095215,3.062140942,7975,11209,0.22979998588562012
30.79885864,84.80073547,3.062479496,7483,11395,0.2253589630126953
30.8005085,85.00085449,3.062587261,7373,10921,0.23005461692810059
30.79844475,85.19727325,3.061421394,7804,12907,0.22971558570861816
30.79873276,85.39858246,3.062387943,8578,16297,0.22410106658935547
30.8020134,85.59932709,3.061292648,8737,16766,0.22589564323425293
30.799757,85.79762268,3.061843872,7141,14644,0.22030067443847656
30.80025864,86.00019073,3.061525822,6196,12216,0.2240900993347168
30.79899406,86.19953918,3.06151104,5460,10202,0.23023223876953125
30.79943848,86.39963531,3.061110973,5171,9397,0.22545957565307617
30.80005455,86.60102844,3.061627865,4956,8883,0.2245011329650879
30.79987144,86.79896545,3.061590672,4809,8526,0.231170654296875
30.80033302,86.9993515,3.062721252,4738,8418,0.22425365447998047
30.79979134,87.19910431,3.061607838,4774,8077,0.2203507423400879
30.79969788,87.40088654,3.06176424,4691,7985,0.21989107131958008
30.7990551,87.59902954,3.062738419,4872,7985,0.2197115421295166
30.80113602,87.80027771,3.061121941,5069,7879,0.22061944007873535
30.79964447,87.99976349,3.060742855,5174,8088,0.23294830322265625
30.79990196,88.20187378,3.062726021,5478,8316,0.22682929039001465
30.79713821,88.40170288,3.061785698,5776,8794,0.22974634170532227
30.79999733,88.6023941,3.061994553,6480,9775,0.22475528717041016
30.80211258,88.80050659,3.063164234,7220,10430,0.2255713939666748
30.80153465,89.00096893,3.062418938,8275,11079,0.2272326946258545
31.00171471,84.01475525,3.062699318,8868,9130,0.22673845291137695
30.99849701,84.19564819,3.062774658,10046,9494,0.23305487632751465
30.99897194,84.39761353,3.062892437,9898,10623,0.22756695747375488
31.00027847,84.59946442,3.060312271,9295,10518,0.22540616989135742
31.0023365,84.79914856,3.061905384,8894,11328,0.224778413772583
31.00171661,84.99726868,3.062579632,8142,12284,0.22521734237670898
30.99831772,85.19854736,3.061748505,7389,12087,0.2297837734222412
31.00163841,85.39852905,3.062428951,8063,11820,0.22031784057617188
30.99999046,85.60028076,3.062761307,8473,13565,0.22975707054138184
30.9993248,85.80117035,3.061956406,8258,15770,0.22062134742736816
31.00069427,85.99916077,3.06200552,7792,15485,0.22936344146728516
31.00229645,86.19804382,3.060984135,6459,13611,0.22012686729431152
30.99987793,86.39989471,3.061258316,5850,11448,0.22977256774902344
31.0000248,86.60015869,3.061751366,5245,10218,0.22017168998718262
30.99702835,86.80076599,3.06101799,4933,8948,0.22977495193481445
31.00122833,86.99923706,3.061645985,4697,8371,0.22794485092163086
31.00161743,87.20071411,3.062393665,4705,8045,0.22401976585388184
31.00009346,87.4005127,3.061469555,4692,7982,0.2283334732055664
30.99786377,87.60015106,3.061487675,4829,7961,0.22054600715637207
30.99985313,87.79990387,3.062473774,4701,7890,0.22910475730895996
31.00240517,87.99954224,3.060948372,4887,7716,0.22281837463378906
30.9993763,88.20037079,3.062430382,4874,7682,0.22813057899475098
30.99973869,88.40171814,3.061686993,4995,7792,0.2327442169189453
30.99748802,88.60198212,3.061016083,5306,8275,0.22655582427978516
31.00087166,88.80142212,3.060690403,5896,9087,0.2197265625
31.00337982,89.00045776,3.061095715,6556,9745,0.2204277515411377
31.19877243,84.03355408,3.061961174,9197,8917,0.22780561447143555
31.19850922,84.19700623,3.061255932,10534,10100,0.22266459465026855
31.20071411,84.39768982,3.063132763,10060,11772,0.21956849098205566
31.19953918,84.59817505,3.061798096,10043,12695,0.22073101997375488
31.19950294,84.79795837,3.062901974,9800,12362,0.22890377044677734
31.20176888,84.99873352,3.063635826,8851,11615,0.21992993354797363
31.20017242,85.19678497,3.060808182,8583,11411,0.2222287654876709
31.19945145,85.39868164,3.061742306,7776,12313,0.22799229621887207
31.19799042,85.59759521,3.060974598,7394,11331,0.22580361366271973
31.20326233,85.79958344,3.060832977,7845,12189,0.2239527702331543
31.20069695,85.99756622,3.061415672,7752,13955,0.22066736221313477
31.19983482,86.19836426,3.060254574,7933,15647,0.2294301986694336
31.20016098,86.39874268,3.062166691,7676,16024,0.22080206871032715
31.20176697,86.59997559,3.062161446,6586,13931,0.2291700839996338
31.19898033,86.80097961,3.061977386,5725,11534,0.22288775444030762
31.19886017,87.00325012,3.062234879,5002,9950,0.22728276252746582
31.20074272,87.20192719,3.060713291,4885,8853,0.22029924392700195
31.20162201,87.39912415,3.061926365,4686,8288,0.2297980785369873
31.20152855,87.60012817,3.061895847,4684,8238,0.23017406463623047
31.19918823,87.80142975,3.062776089,4797,7933,0.21967840194702148
31.20038605,87.99991608,3.063328743,4653,7938,0.22236347198486328
31.19960976,88.19851685,3.063087463,4796,7955,0.22756624221801758
31.20067787,88.40229034,3.062246323,4833,7668,0.22858619689941406
31.19671631,88.60193634,3.061662197,4917,8008,0.22531533241271973
31.19965553,88.7993927,3.062594414,5214,7799,0.22655558586120605
31.19992638,89.00247192,3.061589718,5450,8506,0.22945952415466309
31.40097237,84.02744293,3.061203003,10047,9637,0.22007274627685547
31.39817047,84.19544983,3.062178135,9590,10877,0.22437548637390137
31.39931297,84.39949799,3.061710358,9976,12240,0.23098087310791016
31.40280151,84.59927368,3.062510967,8910,12676,0.23114562034606934
31.4046936,84.79965973,3.06263876,8678,12739,0.22740745544433594
31.40040779,84.99734497,3.062329292,8935,12433,0.2268373966217041
31.39792061,85.20013428,3.062568665,8875,11680,0.22923731803894043
31.39983368,85.40077209,3.06226635,8514,11097,0.2210087776184082
31.40249252,85.60004425,3.062403202,8082,11544,0.22905468940734863
31.40027428,85.80165863,3.061399937,7351,11894,0.22993159294128418
31.39676476,85.99980164,3.061447144,7161,11243,0.22850990295410156
31.39905739,86.20119476,3.061795235,7881,13055,0.22196483612060547
31.4004631,86.39811707,3.061977863,8586,16234,0.22951030731201172
31.40329933,86.59873962,3.061709404,8016,17892,0.2264564037322998
31.40219307,86.80286407,3.062619209,7222,16842,0.22776317596435547
31.39950562,86.99946594,3.061933041,6113,13248,0.22774577140808105
31.39704514,87.20021057,3.063376427,5362,10621,0.2281208038330078
31.40135193,87.39881897,3.062076092,4978,9066,0.2275843620300293
31.40160561,87.60005188,3.062358856,4872,8629,0.2228240966796875
31.39857483,87.80027771,3.061579227,4705,8258,0.22972893714904785
31.39601898,88.00093842,3.062105179,4650,8184,0.22799038887023926
31.39871216,88.20172882,3.061871052,4758,8201,0.23041439056396484
31.39818382,88.40054321,3.061115742,4732,7804,0.2216813564300537
31.39887238,88.60018921,3.061819553,4950,7931,0.23013663291931152
31.39974213,88.80027771,3.061187267,4944,8040,0.22741127014160156
31.40022659,89.00218964,3.06140089,5001,8111,0.22554278373718262
31.60140228,84.0176239,3.063447952,9831,10555,0.22655153274536133
31.60100746,84.19443512,3.062683105,9539,11595,0.2260432243347168
31.59991837,84.39913177,3.062081814,9718,12654,0.22431731224060059
31.59522438,84.59746552,3.061712265,9467,12525,0.22687673568725586
31.59985733,84.79761505,3.061730862,9387,12626,0.23036789894104004
31.60219002,84.99821472,3.06269455,8992,12526,0.2270655632019043
31.60034752,85.19902039,3.061571121,8621,11966,0.2255101203918457
31.59596252,85.39886475,3.062352657,8512,11699,0.22035741806030273
31.59838486,85.59651184,3.062704086,8145,10989,0.2274770736694336
31.60223198,85.80036926,3.061841011,7612,10794,0.2278883457183838
31.60359955,86.00130463,3.062361717,7469,11553,0.22448348999023438
31.59227371,86.2051239,3.062868118,7073,11729,0.22054743766784668
31.60065651,86.39820862,3.062437534,7528,11713,0.22938299179077148
31.60010338,86.5991745,3.061860085,8128,14640,0.23004674911499023
31.59876251,86.80124664,3.062426567,8704,17345,0.2201085090637207
31.60017204,86.99981689,3.061266422,7817,16321,0.22154593467712402
31.60155487,87.19888306,3.061509132,6430,13872,0.22827982902526855
31.60078049,87.40053558,3.061897755,5812,11088,0.2200155258178711
31.60021973,87.59856415,3.062625885,5302,9636,0.22020888328552246
31.59986305,87.80141449,3.062329292,4956,9130,0.2200169563293457
31.60186386,87.99726105,3.062243462,4859,8514,0.2296133041381836
31.59841919,88.19944763,3.061510086,4744,8348,0.22360777854919434
31.597826,88.40161896,3.062372208,4757,8077,0.22646117210388184
31.60090256,88.60032654,3.06144762,4676,8327,0.2254960536956787
31.60216713,88.79998016,3.062404156,4830,8032,0.22592854499816895
31.6011467,89.0008316,3.061194897,4960,8029,0.22402667999267578
31.79681015,84.02068329,3.063306808,10028,11265,0.22525238990783691
31.79901505,84.19549561,3.061945438,10670,12424,0.22000956535339355
31.80148697,84.39677429,3.061831474,10107,12896,0.22722506523132324
31.80059433,84.60002899,3.062077522,9916,13193,0.22221040725708008
31.79537773,84.79706573,3.061391354,9782,13209,0.2272191047668457
31.80050659,84.99832153,3.061819553,9414,12942,0.2302091121673584
31.80233955,85.19919586,3.062118053,8961,12810,0.22348713874816895
31.7970829,85.3983078,3.06144619,8711,12171,0.22887587547302246
31.79866219,85.5995636,3.060844898,8285,11920,0.220322847366333
31.8025322,85.7987442,3.061570644,8628,11354,0.2207188606262207
31.80298233,85.99771118,3.062199593,8332,11305,0.2188560962677002
31.79979515,86.20113373,3.062794209,8203,11971,0.22088909149169922
31.79915237,86.39779663,3.062761784,8113,13888,0.21991348266601562
31.80053329,86.60166931,3.060875416,7915,13510,0.21964716911315918
31.79938698,86.80015564,3.062718391,8506,13501,0.2200467586517334
31.80008125,86.99975586,3.062246323,8473,15369,0.2200019359588623
31.80154228,87.19911957,3.061640739,8306,15817,0.22442030906677246
31.80039215,87.40066528,3.06060648,7243,14841,0.22690176963806152
31.79795265,87.60122681,3.061369419,6072,12993,0.23108553886413574
31.79916763,87.80136871,3.06206274,5732,11115,0.2274034023284912
31.79834175,88.00045013,3.061862946,5089,9826,0.22467613220214844
31.80332756,88.20011902,3.06133604,4959,9149,0.225816011428833
31.79958725,88.39865112,3.061256409,4868,8479,0.2202775478363037
31.79913712,88.59889221,3.061644554,4678,8279,0.22768020629882812
31.79962158,88.801651,3.061925411,4660,8169,0.22640585899353027
31.80100822,89.00249481,3.062943459,4609,8026,0.23169755935668945
32.00361633,84.01738739,3.062701225,9984,12105,0.22823572158813477
32.00128174,84.19519806,3.062147141,10202,12261,0.22953510284423828
31.99890327,84.39797211,3.062132835,10180,12157,0.22633647918701172
31.998703,84.5975647,3.061466217,9834,12801,0.22949671745300293
31.99906731,84.8006897,3.06210804,9413,12715,0.23007893562316895
31.99624062,84.99752045,3.061112404,8790,12314,0.21964335441589355
31.99706459,85.19924927,3.062188148,8395,12116,0.2201850414276123
31.99791718,85.39926147,3.06156826,8354,11689,0.22023320198059082
31.99998093,85.60094452,3.062291145,8132,11145,0.22992539405822754
31.99890137,85.80003357,3.0625844,8158,11544,0.2249300479888916
32.00030136,86.00019836,3.0609231,8302,11385,0.22465872764587402
32.0018158,86.2000351,3.062065125,8651,11694,0.22716212272644043
31.99804687,86.39924622,3.062853813,8141,11173,0.2280564308166504
31.99746132,86.59879303,3.063467503,7824,11882,0.22508907318115234
32.00110626,86.80046082,3.061635971,7344,12067,0.22822976112365723
32.00312042,86.99930573,3.062247753,7097,11324,0.22150564193725586
32.00032043,87.19955444,3.061640263,8057,12556,0.22084307670593262
31.99818993,87.40058136,3.061899185,7326,14247,0.22948145866394043
31.99961472,87.60187531,3.061327457,7563,16107,0.22969603538513184
31.9979248,87.80111694,3.061834335,6900,15331,0.2270946502685547
31.99975777,88.003685,3.06264925,6202,13073,0.22303247451782227
32.00180817,88.20011902,3.061534405,5713,11059,0.22074246406555176
31.99803925,88.40097046,3.06115818,5128,9523,0.2193591594696045
32.00216675,88.60243225,3.061292648,4839,9174,0.22001409530639648
32.00016785,88.80012512,3.062488556,4716,8500,0.22965574264526367
31.99736214,89.00139618,3.06176424,4560,8150,0.2200639247894287
32.20172882,84.03416443,3.061916351,10112,12393,0.22030377388000488
32.20114136,84.19698334,3.061509132,9977,11838,0.229783296585083
32.19877625,84.39700317,3.062727451,10089,12301,0.22057771682739258
32.20118332,84.59607697,3.062586308,9803,12291,0.22940611839294434
32.20204163,84.79902649,3.062441349,9219,12273,0.22528409957885742
32.19938278,84.99980164,3.061556816,8698,11870,0.22611069679260254
32.19921875,85.1995697,3.061799526,8371,12043,0.22907066345214844
32.19778061,85.39736176,3.062569618,8594,11679,0.2297358512878418
32.19989395,85.59724426,3.062191963,8645,11470,0.2263789176940918
32.20263672,85.80084229,3.062087059,8441,11620,0.2237253189086914
32.20015717,85.99934387,3.062032223,8721,12113,0.22018933296203613
32.19875336,86.20202637,3.062241554,8600,12440,0.22960209846496582
32.20097351,86.39868927,3.062619686,8832,11636,0.22503948211669922
32.20373535,86.59938812,3.061461926,8487,11147,0.22536206245422363
32.20278931,86.7991333,3.062081814,7961,10830,0.22984552383422852
32.19896698,87.00086212,3.062835693,7791,11493,0.23066496849060059
32.19917297,87.20420074,3.061781883,7257,11547,0.22893524169921875
32.20148468,87.3999939,3.062520027,7443,11882,0.22504186630249023
32.1982193,87.60292053,3.062968254,7676,14189,0.2254030704498291
32.20121002,87.79927063,3.060933113,8269,17081,0.22953367233276367
32.20174408,87.99860382,3.063061237,8243,17736,0.2270500659942627
32.19322968,88.20283508,3.060994148,7096,15593,0.2232341766357422
32.20007324,88.40176392,3.061243057,5831,12450,0.2276928424835205
32.20223999,88.60067749,3.062729359,5109,10407,0.22240638732910156
32.20055389,88.79940796,3.061899185,4899,9268,0.22007369995117188
32.19972229,88.99899292,3.06111908,4752,8746,0.229766845703125
32.40116119,84.02970123,3.064435482,9151,10998,0.22819995880126953
32.39955902,84.19821167,3.062241554,9340,11842,0.22262835502624512
32.39943695,84.39816284,3.061058044,9460,12426,0.2291545867919922
32.39753723,84.59666443,3.062555313,9339,12382,0.21982288360595703
32.40218735,84.79818726,3.061110973,9070,12001,0.22459793090820312
32.40307617,84.99872589,3.062335491,8800,11659,0.2274625301361084
32.39875412,85.1995163,3.061999798,8934,11781,0.22832298278808594
32.39600372,85.40044403,3.061638832,8649,11752,0.22709202766418457
32.3999939,85.60076904,3.062063694,8877,11955,0.22736263275146484
32.4006691,85.79930115,3.061180592,9062,13077,0.225297212600708
32.40223694,85.99924469,3.061874866,9130,12830,0.2252976894378662
32.39767456,86.20217133,3.060371876,9143,13640,0.22493505477905273
32.39878464,86.39959717,3.061511993,8884,13163,0.2236332893371582
32.40066528,86.59970093,3.061080933,8658,12309,0.2284245491027832
32.39907837,86.8013916,3.06140995,8348,11044,0.23410940170288086
32.40120697,87.00010681,3.061955929,7946,10626,0.23244237899780273
32.40189743,87.19941711,3.06188345,7696,10835,0.2247467041015625
32.3992691,87.3993454,3.061648846,7576,12302,0.2299196720123291
32.39960861,87.60063171,3.061175823,7394,12269,0.22690224647521973
32.400177,87.79801178,3.063003063,8145,12846,0.22976469993591309
32.40182495,88.00171661,3.062539101,9088,16045,0.22770953178405762
32.39941406,88.20210266,3.062295914,8494,18522,0.22937297821044922
32.39929581,88.39826202,3.061254501,7866,17351,0.23005127906799316
32.40102768,88.59955597,3.062383175,6294,14094,0.22768235206604004
32.39904404,88.80194092,3.060998917,5799,11581,0.22510218620300293
32.39848328,89.00221252,3.061318398,5016,10040,0.22304701805114746
32.59957123,84.01863861,3.061891556,8643,10517,0.23237824440002441
32.59886551,84.19799805,3.063056469,8465,10879,0.2245476245880127
32.59919739,84.39744568,3.062306404,8780,11566,0.23010659217834473
32.60157013,84.59760284,3.06316185,9118,12415,0.2276780605316162
32.60246658,84.79920959,3.062776089,8977,12147,0.2230372428894043
32.59953308,84.99899292,3.062118053,8705,12110,0.22923803329467773
32.59779358,85.20039368,3.062049866,8974,11890,0.2299497127532959
32.59754944,85.40054321,3.062970161,8797,12222,0.2269291877746582
32.60138702,85.59832764,3.06174469,8704,12752,0.22303009033203125
32.60162354,85.79994202,3.061929226,9541,13622,0.2273399829864502
32.59844971,85.99959564,3.062718391,9324,13873,0.22362232208251953
32.59837341,86.19975281,3.061810017,9444,13862,0.2290661334991455
32.60056305,86.39916229,3.061057091,9440,13565,0.2203960418701172
32.59947968,86.60121155,3.061777592,9024,12654,0.2285928726196289
32.60049438,86.80027008,3.062402248,8287,12047,0.22264337539672852
32.59924316,87.00038147,3.061326504,8068,11191,0.22835421562194824
32.59815216,87.19924927,3.061722279,8168,11248,0.2276298999786377
32.59860992,87.40029907,3.061959267,8487,11528,0.22307109832763672
32.59980774,87.60121155,3.062020779,8203,12743,0.22952938079833984
32.60177994,87.79846191,3.06145525,8045,13397,0.2272481918334961
32.59977722,87.99688721,3.06115675,8084,12472,0.22234058380126953
32.60019684,88.19960785,3.06157589,8939,14485,0.2210831642150879
32.59937286,88.39968872,3.061452389,8444,15927,0.2299637794494629
32.6012764,88.59964752,3.061934948,8275,16426,0.22835421562194824
32.60096741,88.79819489,3.061050892,7125,15693,0.22085165977478027
32.59857178,88.99915314,3.062302589,6165,13355,0.22079682350158691
32.79745102,84.03609467,3.0631814,7929,9279,0.22220563888549805
32.80106354,84.19950104,3.062259674,7747,10083,0.23496747016906738
32.79866791,84.39753723,3.062633514,8128,11272,0.22236251831054688
32.795784,84.59690094,3.061146736,8530,12077,0.22479581832885742
32.79962158,84.79930115,3.061913013,8895,12426,0.22470521926879883
32.80228043,84.99858856,3.062268257,8613,12749,0.2210216522216797
32.80114746,85.20009613,3.061222553,8708,12232,0.2289295196533203
32.80007935,85.39784241,3.061364651,8674,12382,0.22033262252807617
32.79735184,85.59934998,3.062113285,9347,13387,0.23018407821655273
32.79945374,85.79898834,3.061164379,10190,13614,0.2304553985595703
32.80063629,86.00093079,3.061752796,9818,13588,0.2292766571044922
32.79934692,86.19796753,3.061360836,9320,13545,0.22026371955871582
32.79880524,86.39663696,3.061528206,9021,13234,0.22020936012268066
32.80100632,86.59941101,3.062379837,8929,12727,0.22826218605041504
32.79901886,86.7986145,3.062482357,8767,12000,0.22196507453918457
32.79642487,87.00001526,3.061199665,7989,12067,0.21909022331237793
32.80087662,87.20254517,3.06208086,8005,11868,0.2214372158050537
32.80191803,87.40122223,3.062700272,8336,11623,0.22905397415161133
32.79931641,87.59898376,3.061748505,8659,11037,0.22094106674194336
32.80026627,87.80142212,3.061270714,8740,11449,0.23404645919799805
32.79950333,88.00015259,3.061940193,8308,12776,0.2253093719482422
32.80138397,88.19915009,3.061706066,7822,12833,0.22964692115783691
32.79976654,88.39975739,3.061170578,7939,11688,0.2276904582977295
32.79981995,88.60009003,3.0623703,8084,13296,0.2272329330444336
32.79762268,88.80241394,3.06271553,7952,15985,0.2326052188873291
32.79892731,88.99971008,3.062003136,7586,16763,0.22251009941101074
32.99993134,84.03701782,3.062426567,7070,8658,0.2218916416168213
32.99918365,84.19645691,3.062481403,7238,9195,0.2299802303314209
33.00131989,84.40026855,3.062953949,7166,9653,0.227614164352417
32.99828339,84.59880829,3.062689304,7832,10653,0.2205338478088379
32.99929047,84.79641724,3.061305523,8245,11620,0.2273101806640625
33.00176239,84.99655151,3.06253624,8242,12260,0.22234654426574707
32.99957657,85.1978302,3.062174797,8682,12952,0.2203693389892578
32.99910736,85.40034485,3.062329769,8747,13310,0.2295851707458496
33.00205231,85.60070801,3.062803745,8896,12923,0.2272169589996338
33.00302124,85.80054474,3.063544273,9606,13310,0.22662711143493652
33.0005188,86.00139618,3.062632561,8999,12776,0.23046612739562988
32.9980011,86.20113373,3.061506271,9041,12795,0.22745490074157715
32.99746704,86.40089417,3.062393188,8815,12725,0.22919154167175293
33.00157166,86.59946442,3.061246395,8657,12308,0.22906708717346191
33.00211716,86.79998779,3.061459541,8522,12114,0.2258744239807129
32.9989624,87.00119781,3.063015938,8147,11536,0.22440743446350098
33.0000267,87.19866943,3.061296463,7843,11237,0.2263944149017334
32.99938965,87.39981842,3.063289165,7889,11346,0.23130369186401367
33.00042725,87.60007477,3.061767578,8149,11422,0.22317981719970703
33.00036621,87.80174255,3.061855793,8711,11503,0.22979211807250977
33.00032806,88.00144958,3.063411713,8738,11180,0.22912955284118652
33.0047226,88.20131683,3.062064171,8354,11423,0.23657917976379395
33.00204849,88.39846039,3.062610626,7707,11768,0.22836542129516602
32.99934387,88.59997559,3.062630177,7543,11313,0.2252342700958252
33.00158691,88.80014801,3.062183857,7649,11483,0.2208096981048584
33.00156403,89.00308228,3.061448097,7937,14198,0.2291116714477539
33.20055008,84.02276611,3.0619874,5776,7994,0.2198338508605957
33.20031738,84.1950531,3.061650276,6086,8903,0.2210092544555664
33.20291519,84.39672089,3.061968327,7217,9543,0.22888946533203125
33.20362091,84.59654999,3.061004162,7708,9279,0.22689294815063477
33.20124817,84.79754639,3.062762737,7539,9830,0.22414922714233398
33.19707489,84.99976349,3.061510563,7778,10371,0.2291116714477539
33.20035553,85.19717407,3.061274052,8044,11343,0.22756147384643555
33.20328522,85.39755249,3.062343597,8420,12121,0.22286319732666016
33.20275879,85.59828949,3.061603546,8456,12378,0.22977137565612793
33.20188141,85.8002243,3.061411381,8485,12624,0.23066401481628418
33.19827652,85.99838257,3.061561108,8756,12449,0.2296581268310547
33.19724274,86.19833374,3.061384201,8465,12198,0.23047161102294922
33.19678879,86.4024353,3.062031746,8517,11886,0.228912353515625
33.20267487,86.59918213,3.062298775,8243,11895,0.22682690620422363
33.20014191,86.7999649,3.062576771,8514,12249,0.22553014755249023
33.20020294,87.00198364,3.061759949,8191,11870,0.22770285606384277
33.1958847,87.20238495,3.061916828,8383,11686,0.22516536712646484
33.19934845,87.39772797,3.062179565,8378,11639,0.22583818435668945
33.20317841,87.60015869,3.062830925,8441,11982,0.22391176223754883
33.20143509,87.80174255,3.061699867,8434,12293,0.22599434852600098
33.1960907,87.99881744,3.061147213,8880,12766,0.22682595252990723
33.1998558,88.20227814,3.060930729,9374,12294,0.22574567794799805
33.20308685,88.40192413,3.062310219,8781,11837,0.22653436660766602
33.19971466,88.60149384,3.06241703,8226,12151,0.22084736824035645
33.19586945,88.80260468,3.061634541,7824,12380,0.23415827751159668
33.19823837,89.00088501,3.062740326,7610,11429,0.2293872833251953
33.40067291,84.01371765,3.062614441,5029,7326,0.23261141777038574
33.40172195,84.1967926,3.06262064,5438,8031,0.2239067554473877
33.39986801,84.39582062,3.060547829,6091,8578,0.22012615203857422
33.40042114,84.59790802,3.060954094,6999,9261,0.2314281463623047
33.39985657,84.79867554,3.06276989,7510,9782,0.22772884368896484
33.40097046,84.9987793,3.061671734,7476,9722,0.22083353996276855
33.40097809,85.19683075,3.061714649,7638,10424,0.22892141342163086
33.39888,85.39422607,3.062253952,8050,11272,0.2234957218170166
33.39702606,85.59989166,3.062815666,8378,12250,0.22751069068908691
33.39918518,85.80130005,3.062380791,8534,12324,0.2292015552520752
33.40167236,85.9985199,3.061706543,8652,12683,0.22116327285766602
33.40088654,86.19796753,3.060582638,8600,12422,0.22440433502197266
33.3986969,86.39810181,3.062228203,8541,12077,0.22663164138793945
33.3979187,86.60018921,3.06262207,8595,11844,0.22603631019592285
33.40009308,86.8009491,3.062086582,8261,11359,0.22316312789916992
33.39981079,86.99983215,3.063356876,8118,11597,0.22289085388183594
33.39731979,87.19915771,3.06221199,8473,12080,0.22693705558776855
33.39876175,87.40140533,3.062134266,8638,12539,0.22462844848632812
33.40182495,87.60166931,3.062827587,8772,12930,0.2194201946258545
33.40140533,87.80094147,3.062821865,8903,12918,0.2241957187652588
33.40023041,87.99882507,3.061641216,8653,13012,0.22727608680725098
33.40018845,88.20039368,3.061232567,8925,12393,0.23866581916809082
33.40245819,88.40027618,3.061330318,9239,12252,0.22276949882507324
33.40216827,88.59925842,3.061974525,9081,11820,0.227294921875
33.40216827,88.79953766,3.062604904,8761,11870,0.23048973083496094
33.39947891,89.0004425,3.062071323,8391,12481,0.22928833961486816
33.59964371,84.01815796,3.062884808,4857,7288,0.22483277320861816
33.60136795,84.19590759,3.062829971,5057,7350,0.22540640830993652
33.60191345,84.3976059,3.061403275,5176,7761,0.22403526306152344
33.60020447,84.59947205,3.062240601,5588,8365,0.22579741477966309
33.59921646,84.79904938,3.062065601,6170,9463,0.2237856388092041
33.60142517,84.9982605,3.062327385,7145,10232,0.22612357139587402
33.59977722,85.19911194,3.06211853,8534,10472,0.23021173477172852
33.60220337,85.39765167,3.061465263,8145,10465,0.22964215278625488
33.60164642,85.59946442,3.060697556,8231,11290,0.24002766609191895
33.60041428,85.80024719,3.061488628,8352,11886,0.22353863716125488
33.59801483,85.99768066,3.062906742,8642,12256,0.23340225219726562
33.59751129,86.20167542,3.061613083,8558,12465,0.2300269603729248
33.60217285,86.40159607,3.061589718,8413,12759,0.22474312782287598
33.60128784,86.59719849,3.061703205,8691,12089,0.22934889793395996
33.60044098,86.79895782,3.06247139,8205,11847,0.22951507568359375
33.59905243,86.99854279,3.061850071,8374,11901,0.22942686080932617
33.6002655,87.20468903,3.062184334,8485,11898,0.22725486755371094
33.60021973,87.40119934,3.061447144,8673,12581,0.22977113723754883
33.6031456,87.59968567,3.062516689,8855,12747,0.22845172882080078
33.6018219,87.80261993,3.062572002,8949,13402,0.22440886497497559
33.60025024,87.99908447,3.062226772,9375,13977,0.22040748596191406
33.5976944,88.19965363,3.062339306,9448,13655,0.22950100898742676
33.59788513,88.40023804,3.061662674,9259,13259,0.22721505165100098
33.6033783,88.60107422,3.06213665,9103,12904,0.2236471176147461
33.60085297,88.80183411,3.061573982,9220,12583,0.22810959815979004
33.59584808,89.00219727,3.062018871,9152,12093,0.22167682647705078
33.7974472,84.02919769,3.062315464,4706,7464,0.22957229614257812
33.80466461,84.19693756,3.062883854,4785,7404,0.22256207466125488
33.80054474,84.39653015,3.061751842,4933,7560,0.2274630069732666
33.79835892,84.59695435,3.061217308,4996,7762,0.22050261497497559
33.79930878,84.79730988,3.063070774,5361,8299,0.22932124137878418
33.8022728,84.99863434,3.060571671,5992,9149,0.2219996452331543
33.80237198,85.19698334,3.060184002,6981,9734,0.22787690162658691
33.79810333,85.3976059,3.06161499,7499,9996,0.21988439559936523
33.79782104,85.59715271,3.062334061,8100,9877,0.2244114875793457
33.80175018,85.80133057,3.061808109,7620,10192,0.22600150108337402
33.80287552,86.00028229,3.062107086,7716,10719,0.2218019962310791
33.80042648,86.19921112,3.061927319,7748,11390,0.22801566123962402
33.79764938,86.39974976,3.061248779,7822,11521,0.22078514099121094
33.79950714,86.60157013,3.061600685,8234,11634,0.22925877571105957
33.79971313,86.79959869,3.061332703,7785,11058,0.22517108917236328
33.79932404,86.99971008,3.061327457,7622,11067,0.22483420372009277
33.80027771,87.20094299,3.062233448,7993,11072,0.22620797157287598
33.79989624,87.40112305,3.061497211,8456,11487,0.23027276992797852
33.79973221,87.60264587,3.061828613,9028,12457,0.2236461639404297
33.80051804,87.80204773,3.062103748,9205,13161,0.21991896629333496
33.7988205,87.9998703,3.061296463,9322,13429,0.22028636932373047
33.80271149,88.19944,3.061533928,9149,13404,0.2298276424407959
33.80175781,88.3997345,3.061889172,9063,13130,0.22009682655334473
33.80250168,88.60357666,3.06217289,8913,13079,0.23006844520568848
33.79867554,88.80049896,3.062001705,8956,13253,0.2300102710723877
33.80070496,89.00261688,3.062286377,9233,12908,0.2298119068145752
33.99819565,84.01498413,3.062239647,4398,7336,0.23047471046447754
34.00170135,84.19702148,3.061442852,4547,7529,0.2292804718017578
34.00362015,84.3967514,3.060019016,4656,7356,0.23195528984069824
34.00365067,84.59494019,3.0636096,4608,7419,0.22160673141479492
33.99936676,84.79957581,3.060640812,4880,7480,0.22652459144592285
33.99887085,84.9978714,3.061517715,5166,7609,0.22578120231628418
33.99991226,85.1966095,3.061727524,5504,8185,0.22430729866027832
34.0007019,85.39580536,3.062390804,6045,8783,0.22478628158569336
33.99998474,85.5978241,3.061899185,6798,9229,0.2255263328552246
33.99957657,85.79795837,3.061640263,7117,9516,0.22025728225708008
33.99971771,85.99905396,3.062252522,6999,9871,0.2313094139099121
34.00011826,86.19885254,3.062632084,7620,10544,0.2280282974243164
34.00086212,86.39891052,3.063069344,7624,10863,0.22677397727966309
33.99980927,86.5962677,3.060820103,8096,11401,0.22355270385742188
33.99751282,86.79963684,3.061887264,8157,11472,0.21947908401489258
33.99975586,87.00019073,3.063249588,8409,11536,0.22238993644714355
34.00114441,87.20002747,3.062443256,8632,12113,0.22770953178405762
33.99964142,87.40032959,3.061846256,9095,12315,0.2272648811340332
33.99999237,87.60118103,3.06199789,9113,12867,0.22941899299621582
34.00183105,87.79937744,3.061587811,9630,12835,0.2290647029876709
34.00009918,88.00014496,3.061353683,9386,13496,0.2278742790222168
33.99853134,88.20213318,3.061248302,9509,13412,0.22789788246154785
34.00072098,88.39959717,3.062299252,9363,13512,0.22850966453552246
34.0037117,88.60060883,3.06224966,9331,13422,0.22679567337036133
34.00049973,88.79991913,3.063328743,9350,13498,0.22812724113464355
34.00124359,89.00050354,3.062803745,9122,13279,0.22826552391052246
34.20307922,84.0184021,3.061811924,4717,7705,0.23111248016357422
34.20100403,84.19618225,3.062444687,4621,7660,0.22855019569396973
34.19900513,84.39720154,3.062010288,4590,7810,0.22745919227600098
34.2013855,84.59679413,3.062299252,4592,7795,0.2288379669189453
34.20104218,84.79956055,3.06132555,4550,7649,0.22776222229003906
34.20014191,84.99938965,3.062485218,4936,7547,0.22817087173461914
34.19966888,85.19630432,3.061950684,5052,7688,0.22785401344299316
34.19916153,85.3993988,3.061589241,5251,7831,0.23130059242248535
34.2026825,85.59951782,3.062105656,5567,8153,0.2283952236175537
34.20324707,85.80032349,3.061328411,5882,9023,0.22842144966125488
34.19889832,86.00092316,3.062943459,6805,9588,0.23220205307006836
34.19937134,86.19943237,3.061517239,7432,9943,0.22873449325561523
34.19789505,86.39996338,3.062707901,7399,9914,0.2246537208557129
34.19687653,86.59967041,3.0607481,7784,10339,0.22623610496520996
34.19722366,86.80082703,3.062449932,7903,11030,0.23145842552185059
34.19886017,87.00028992,3.061238766,8175,11479,0.2261035442352295
34.20014191,87.1951828,3.061049461,8667,12313,0.22559452056884766
34.19952774,87.40150452,3.06248188,9059,12780,0.228590726852417
34.20018768,87.59985352,3.062074661,9187,12760,0.2256298065185547
34.19890213,87.80250549,3.063100338,9397,13328,0.224517822265625
34.20030594,87.9992218,3.061945438,9479,13320,0.2251443862915039
34.2038269,88.20071411,3.061152458,9352,13316,0.2256307601928711
34.20278931,88.40021515,3.062250137,9427,13896,0.23053264617919922
34.19551468,88.59957886,3.062544823,9445,13484,0.22990202903747559
34.1964798,88.80079651,3.061237335,9334,13694,0.22965240478515625
34.19965363,89.00244141,3.06222105,9226,13461,0.22828006744384766
34.40090942,84.0181427,3.063211441,4747,8289,0.22966718673706055
34.40139771,84.19701385,3.060903072,4629,8055,0.22722744941711426
34.40061951,84.39722443,3.062374115,4678,7874,0.22954964637756348
34.40351868,84.59867096,3.060772419,4589,7771,0.22989153861999512
34.39955139,84.80001068,3.062049389,4716,7760,0.22691702842712402
34.39590454,84.99674225,3.06206274,4620,7798,0.22904586791992188
34.3975296,85.20091248,3.062115192,4824,7850,0.2238154411315918
34.40284729,85.400177,3.062420845,4879,7717,0.22462034225463867
34.4023819,85.59832764,3.061802864,5141,7650,0.2295842170715332
34.39843369,85.79893494,3.062529564,5283,7990,0.2272343635559082
34.39819336,85.99900818,3.062520504,5717,8759,0.2310333251953125
34.40146637,86.20021057,3.061581135,6449,9249,0.22767090797424316
34.40142059,86.39994812,3.062876701,7236,9803,0.22704720497131348
34.39857483,86.60046387,3.061320305,7570,9994,0.22712373733520508
34.40041351,86.79893494,3.061619282,7382,10158,0.23155784606933594
34.40149689,87.00135803,3.061766624,7708,11147,0.2273879051208496
34.40164948,87.19973755,3.062103271,8521,12572,0.22685909271240234
34.39942932,87.40086365,3.063471317,8879,13007,0.22524785995483398
34.39699554,87.60025787,3.061793804,9411,13601,0.22827625274658203
34.40274811,87.79845428,3.062699795,9388,13944,0.2264852523803711
34.40142441,88.00166321,3.061798096,9445,13747,0.22561001777648926
34.39922333,88.20143127,3.062427998,9353,13618,0.2253251075744629
34.39771271,88.40219116,3.062277794,9666,13522,0.23119044303894043
34.39851379,88.59954834,3.061179638,9934,13481,0.22860097885131836
34.39896393,88.80025482,3.061840057,9724,13660,0.22705745697021484
34.40095901,89.00120544,3.061985493,9453,13769,0.22791552543640137
34.60067749,84.02030945,3.063466072,5202,9545,0.2291569709777832
34.60296631,84.19861603,3.06151247,4695,8710,0.22846078872680664
34.60182953,84.39518738,3.061955452,4739,8515,0.226851224899292
34.59976578,84.59883118,3.062356472,4794,8127,0.22743654251098633
34.59732819,84.7988739,3.062095165,4600,8135,0.22830510139465332
34.59882355,84.99819946,3.061370373,4616,8021,0.2305591106414795
34.60253906,85.19699097,3.061099529,4901,7760,0.2278614044189453
34.60138702,85.39906311,3.061347008,4752,7711,0.23027753829956055
34.5963974,85.60116577,3.062829494,4828,7576,0.22880935668945312
34.60084534,85.80060577,3.062004566,4768,7535,0.22887730598449707
34.60089874,86.00003052,3.062950134,5059,7758,0.22787785530090332
34.60087585,86.19886017,3.061451435,5551,8146,0.22430944442749023
34.60043335,86.39839172,3.061996937,5945,8848,0.2277970314025879
34.59855652,86.59951019,3.062680244,6494,9381,0.22819042205810547
34.60314941,86.80194855,3.06210804,7063,9807,0.22978544235229492
34.60149765,87.00028992,3.06276083,7983,10318,0.22720575332641602
34.59863281,87.1998291,3.062215328,8036,11257,0.2307147979736328
34.59843063,87.40005493,3.0616045,8909,12593,0.22704577445983887
34.60383606,87.60095978,3.064486504,8823,13329,0.22777605056762695
34.60132217,87.80062866,3.060998917,9207,13054,0.22925806045532227
34.59925842,87.99998474,3.061500549,9619,13657,0.22862815856933594
34.59484863,88.20354462,3.061783314,9241,13279,0.22973012924194336
34.59656525,88.39930725,3.061632633,9674,13362,0.22669410705566406
34.60375977,88.60185242,3.061509609,9749,13623,0.22358274459838867
34.6046257,88.80195618,3.061380863,9787,13445,0.2299501895904541
34.60316467,89.00126648,3.061306477,9987,13786,0.2322990894317627
34.80187988,84.01269531,3.061840534,6118,12781,0.23274922370910645
34.79909515,84.19780731,3.062867165,5522,10726,0.22704195976257324
34.79695892,84.39902496,3.06216383,5009,9868,0.2273423671722412
34.7963028,84.59850311,3.062051296,5018,8986,0.23039746284484863
34.79846191,84.79947662,3.060522556,4691,8472,0.22953104972839355
34.80270386,84.99776459,3.060539722,4877,8250,0.22898364067077637
34.80094528,85.19816589,3.06223011,4667,7971,0.22104191780090332
34.79754639,85.39762115,3.062294006,4591,7649,0.22045636177062988
34.80023575,85.60122681,3.062769413,4612,7809,0.22820281982421875
34.80383301,85.79992676,3.062268734,4657,7718,0.2213144302368164
34.79987335,85.99697876,3.063054562,4928,7727,0.22670626640319824
34.79969788,86.19812012,3.062665462,4930,7685,0.22889328002929688
34.80273819,86.40093231,3.06244421,5011,7718,0.22405147552490234
34.80067825,86.60075378,3.061098099,5411,8466,0.22583365440368652
34.79967117,86.79881287,3.06187439,6197,9155,0.2244257926940918
34.80015564,87.00112152,3.063342571,7377,9949,0.2275240421295166
34.79928589,87.20103455,3.061480999,8438,10275,0.22425436973571777
34.79874802,87.40071869,3.06184864,8019,10856,0.22800898551940918
34.79752731,87.59883881,3.061415672,8392,11951,0.22020459175109863
34.80445862,87.79716492,3.062213898,9002,12922,0.2261490821838379
34.80250549,88.00052643,3.062626839,9392,13212,0.22366642951965332
34.7985611,88.20075989,3.061797619,9803,13546,0.22215819358825684
34.79880524,88.39871216,3.061050415,9546,14083,0.2281944751739502
34.80226135,88.59955597,3.061355114,9706,13948,0.21990680694580078
34.80770493,88.80285645,3.062434673,9786,13915,0.23525691032409668
34.80380249,89.00120544,3.059450626,9734,13568,0.23501038551330566
35.00185776,84.0194931,3.062285423,7397,14783,0.2243824005126953
34.99964523,84.19606781,3.061080456,6811,14396,0.2281644344329834
34.99782562,84.39736938,3.06186533,6228,12548,0.22701597213745117
34.998703,84.59976959,3.061989307,5669,11032,0.2258164882659912
35.00157928,84.79838562,3.061618328,5121,9785,0.22507953643798828
34.99908447,85.00015259,3.063148499,4916,8996,0.2299058437347412
34.99953842,85.19918823,3.06345129,4790,8361,0.2270216941833496
35.00101471,85.39970398,3.062321663,4809,8027,0.22495388984680176
35.00250244,85.59840393,3.062674046,4614,7918,0.22755050659179688
35.00068665,85.79912567,3.061452389,4588,7687,0.22980499267578125
35.00214386,85.99756622,3.061392784,4571,7573,0.220780611038208
35.00376511,86.19787598,3.062398911,4816,7665,0.2312760353088379
35.00424194,86.3986969,3.062115192,4862,7528,0.23187255859375
35.00112915,86.60190582,3.062766075,5002,7811,0.23592233657836914
35.0002594,86.8021698,3.062325954,5372,8195,0.22122955322265625
34.9990654,87.00121307,3.061986923,5997,8537,0.22009539604187012
35.00525284,87.20211792,3.062059879,6671,9525,0.22876596450805664
35.00179291,87.40045166,3.061933517,7618,10241,0.22034239768981934
35.00040054,87.60183716,3.062582493,8053,10700,0.22958040237426758
34.99752808,87.80072784,3.061730862,8143,10960,0.22513031959533691
34.99949646,87.99900055,3.062511444,8515,12657,0.22476625442504883
35.00114441,88.20062256,3.061291695,9176,13649,0.22043299674987793
34.99996948,88.40150452,3.062469006,9198,13696,0.22381877899169922
34.99889374,88.60153198,3.062184811,9685,13814,0.2302079200744629
34.99779892,88.80303955,3.063031673,9688,14009,0.22765493392944336
34.99650574,89.00251007,3.062707424,9711,13984,0.2311859130859375
