24.9971199,90.00010681,3.061139584,3630,6328,0.22802066802978516
24.99631119,90.20126343,3.062285423,3587,6141,0.22937512397766113
25.00034332,90.40159607,3.061454296,3730,6406,0.22700047492980957
25.00210571,90.60224152,3.062334538,3671,6191,0.23176836967468262
25.00217056,90.80117798,3.060736656,3618,6266,0.23748540878295898
25.00196075,91.00260925,3.063430786,3620,6283,0.22264838218688965
25.00029373,91.20501709,3.061479568,3726,6347,0.22620081901550293
24.99774551,91.40364838,3.062507153,3602,6281,0.22503042221069336
24.99980164,91.60356903,3.060789108,3606,6215,0.22542905807495117
25.00048447,91.80239868,3.061333656,3604,6293,0.2234663963317871
24.99868393,92.00635529,3.061924934,3606,6348,0.2366020679473877
24.9994278,92.20412445,3.060513496,3532,6412,0.232374906539917
24.99710083,92.40377808,3.062655449,3613,6342,0.22421741485595703
25.00065613,92.6021347,3.062051773,3565,6341,0.22297048568725586
25.00062561,92.80218506,3.062218666,3726,6210,0.22365927696228027
25.00051498,93.00244141,3.061872959,3442,6301,0.22669577598571777
25.00029373,93.2022171,3.062077045,3626,6300,0.2265150547027588
24.99867249,93.40621185,3.062384129,3617,6337,0.22807717323303223
25.00131989,93.60382843,3.062513828,3644,6234,0.22801828384399414
25.00036621,93.80458832,3.062618732,3729,6262,0.22975730895996094
24.99901199,94.00335693,3.063091755,3571,6280,0.2271425724029541
24.99782181,94.20238495,3.061718464,3539,6228,0.22722363471984863
24.99967575,94.40468597,3.062667847,3569,6140,0.224869966506958
25.00121689,94.60386658,3.061780453,3628,6280,0.22521638870239258
25.00345993,94.80254364,3.062427521,3679,6303,0.22678494453430176
24.99443817,95.00822449,3.062841415,3579,6256,0.22045636177062988
25.19633865,90.03417206,3.063134193,3736,6290,0.22747588157653809
25.20021439,90.19581604,3.062095165,3551,6246,0.22596502304077148
25.20462799,90.39801025,3.061728477,3638,6443,0.22545289993286133
25.19678116,90.60070801,3.061301708,3696,6386,0.2234032154083252
25.19721222,90.79966736,3.061565399,3619,6311,0.22744369506835938
25.20059204,90.99787903,3.061700344,3591,6301,0.2296466827392578
25.20080948,91.20053101,3.062848568,3717,6337,0.22607660293579102
25.20154953,91.39944458,3.062272072,3664,6291,0.23649024963378906
25.20229721,91.60103607,3.061783314,3647,6313,0.23167800903320312
25.20077896,91.79785156,3.061429977,3620,6377,0.2203502655029297
25.19826508,91.99917603,3.062256813,3551,6246,0.22854137420654297
25.2017746,92.20123291,3.062110424,3600,6145,0.22278642654418945
25.20272064,92.39990997,3.062467575,3725,6316,0.229356050491333
25.1987648,92.59924316,3.061848164,3622,6284,0.23413562774658203
25.19778824,92.8006897,3.061940193,3611,6168,0.22246193885803223
25.20020676,93.00048828,3.060997009,3598,6333,0.23411250114440918
25.19639587,93.20109558,3.060874939,3572,6396,0.23389029502868652
25.19623566,93.40182495,3.064110279,3692,6120,0.22314190864562988
25.19893646,93.60142517,3.061945438,3584,6237,0.22663307189941406
25.19965363,93.80165863,3.062055111,3578,6218,0.22574281692504883
25.19941711,94.00045776,3.061920166,3473,6313,0.22066545486450195
25.20056152,94.20054626,3.060833454,3604,6157,0.2295546531677246
25.20097733,94.40072632,3.063027382,3445,6122,0.22462701797485352
25.20063019,94.60050964,3.06068325,3483,6135,0.22813153266906738
25.19959641,94.80339813,3.062448502,3484,6138,0.2276630401611328
25.19889069,95.00190735,3.061247826,3530,6148,0.23367667198181152
25.3981781,90.01377106,3.0632267,3724,6442,0.22683167457580566
25.39957428,90.19406128,3.060957432,3776,6348,0.22809648513793945
25.39871216,90.39803314,3.061607838,3702,6195,0.22889351844787598
25.40259933,90.59840393,3.060623646,3549,6196,0.22315669059753418
25.39770889,90.80014038,3.063179493,3768,6321,0.23223352432250977
25.39873886,91.00081635,3.061519146,3694,6360,0.22764158248901367
25.3973465,91.1992569,3.06108427,3645,6280,0.22679734230041504
25.40161133,91.40058899,3.061950684,3519,6407,0.21976399421691895
25.40040207,91.59927368,3.061531544,3663,6335,0.2262110710144043
25.39810944,91.80296326,3.061628819,3593,6308,0.2282087802886963
25.40067291,91.99989319,3.061018467,3550,6167,0.22339868545532227
25.39799881,92.19930267,3.061676979,3592,6224,0.22754645347595215
25.39771652,92.40055847,3.061168671,3571,6070,0.22183942794799805
25.40042114,92.60133362,3.062081337,3604,6289,0.2256009578704834
25.39924622,92.80010223,3.061601639,3584,6300,0.22488617897033691
25.39930725,93.00224304,3.061074257,3599,6264,0.22584962844848633
25.40078354,93.20132446,3.063183308,3591,6185,0.22649621963500977
25.40041733,93.39977264,3.061576843,3629,6231,0.22044849395751953
25.39892197,93.59912872,3.060976028,3521,6238,0.2259809970855713
25.40076065,93.79930878,3.060709476,3504,6220,0.22764134407043457
25.40128326,94.00113678,3.061727524,3617,6319,0.22859716415405273
25.40010452,94.20082092,3.06084919,3639,6195,0.2286214828491211
25.39751434,94.40033722,3.061833382,3440,6127,0.22684645652770996
25.39871216,94.60002136,3.062697887,3548,6221,0.22699522972106934
25.40050125,94.80007935,3.06289959,3447,6184,0.22934412956237793
25.40114975,95.00069427,3.060761929,3673,6096,0.22472119331359863
25.60008621,90.03521729,3.063884258,3679,6204,0.23420190811157227
25.60046387,90.19788361,3.062478065,3580,6410,0.22793173789978027
25.60045624,90.39642334,3.060308933,3583,6157,0.22238659858703613
25.59919357,90.59875488,3.061848164,3592,6361,0.2228097915649414
25.59999466,90.80101013,3.063229561,3684,6335,0.22692537307739258
25.60131454,90.99824524,3.061795712,3665,6353,0.2274339199066162
25.60205841,91.19871521,3.063675404,3613,6413,0.22960758209228516
25.60192108,91.39849854,3.062107086,3610,6206,0.22667956352233887
25.601017,91.59850311,3.061035633,3620,6351,0.2261350154876709
25.59911728,91.79946899,3.060925007,3509,6065,0.22994780540466309
25.59957123,92.00169373,3.063318729,3562,6262,0.228529691696167
25.60087585,92.20032501,3.06198597,3657,6325,0.22081422805786133
25.59869385,92.39899445,3.061944485,3608,6285,0.22863292694091797
25.59918976,92.59984589,3.062168598,3699,6193,0.22522783279418945
25.5992775,92.7995224,3.061647415,3695,6320,0.2214367389678955
25.60121918,93.00019836,3.061640739,3593,6182,0.2257068157196045
25.60204697,93.19989014,3.062250614,3535,6123,0.2265017032623291
25.60021591,93.39915466,3.062393188,3615,6392,0.22303318977355957
25.59703445,93.60049438,3.062889099,3573,6236,0.228471040725708
25.59805298,93.8010788,3.064195156,3610,6243,0.2253551483154297
25.60250092,93.99892426,3.062532425,3492,6128,0.2284843921661377
25.60253143,94.20156097,3.061672211,3505,6114,0.22746849060058594
25.59870148,94.40390015,3.062280178,3601,6141,0.2270958423614502
25.59812927,94.60079193,3.063668728,3475,6312,0.22090959548950195
25.60347366,94.79792786,3.061182022,3520,6228,0.22569894790649414
25.6021347,95.00115967,3.062529087,3441,6188,0.22898316383361816
25.80050659,90.02084351,3.062133789,3595,6501,0.22446537017822266
25.79982376,90.19651794,3.061846733,3748,6413,0.2254626750946045
25.79825974,90.40029907,3.061182499,3674,6247,0.23064661026000977
25.80130005,90.59700775,3.061991692,3690,6124,0.2206895351409912
25.80274582,90.79850006,3.061673641,3628,6420,0.23020124435424805
25.80065536,90.99922943,3.062236309,3762,6487,0.2279679775238037
25.79931259,91.20058441,3.062692642,3766,6375,0.23351335525512695
25.79597855,91.39868927,3.062168598,3722,6289,0.22875046730041504
25.79828644,91.59907532,3.061208725,3580,6270,0.22829985618591309
25.80268478,91.80046844,3.061584949,3456,6307,0.23029565811157227
25.80382919,92.00218201,3.061340809,3599,6368,0.22766709327697754
25.80001068,92.19963074,3.063022137,3630,6329,0.2276451587677002
25.79656219,92.39916992,3.06146574,3678,6167,0.2272801399230957
25.80002975,92.59806824,3.062803268,3640,6220,0.2282545566558838
25.80305862,92.80065155,3.061904907,3466,6218,0.21979403495788574
25.79916763,92.99772644,3.062077045,3568,6223,0.22706246376037598
25.79809952,93.20038605,3.062714577,3499,6270,0.22712326049804688
25.80059433,93.40046692,3.061913967,3580,6255,0.22472500801086426
25.79624939,93.60211945,3.062212467,3487,6131,0.22508597373962402
25.8014183,93.80128479,3.060501099,3676,6097,0.2256782054901123
25.80127335,94.00026703,3.062226772,3503,5952,0.22138261795043945
25.79617691,94.19943237,3.061420918,3507,6213,0.2261817455291748
25.79833984,94.40114594,3.061750889,3528,6091,0.2288529872894287
25.80063629,94.59997559,3.063126087,3527,5987,0.23304200172424316
25.80043411,94.80223083,3.062169552,3509,6064,0.2313830852508545
25.80271912,95.00117493,3.062047958,3400,6147,0.22626423835754395
26.00268936,90.0234375,3.061839104,3652,6385,0.22380518913269043
25.99998474,90.1947937,3.062155247,3575,6281,0.22439217567443848
26.00008392,90.39697266,3.060595036,3555,6286,0.2299177646636963
26.00091171,90.59555054,3.061359882,3567,6162,0.21788716316223145
26.001091,90.79727936,3.061816692,3654,6124,0.22732043266296387
25.99788666,90.9973526,3.060671806,3693,6194,0.2256488800048828
25.99952316,91.19972992,3.062480927,3631,6431,0.2244398593902588
26.00105286,91.39862061,3.062530994,3583,6175,0.22574806213378906
26.00119781,91.59983826,3.06085968,3438,6153,0.23068881034851074
25.99979401,91.80018616,3.061707497,3592,6152,0.2274930477142334
25.9961319,92.0,3.063020229,3668,6122,0.2314281463623047
25.99812698,92.19972229,3.06272459,3597,6351,0.22885918617248535
26.00032043,92.39961243,3.063058853,3549,6313,0.22930026054382324
26.00101089,92.59916687,3.062961102,3591,6108,0.23328018188476562
26.00098038,92.79831696,3.06226635,3497,6091,0.22690749168395996
25.99900436,92.99881744,3.062150002,3628,6251,0.2257835865020752
26.00089264,93.20070648,3.061934948,3555,6328,0.2207963466644287
25.99926758,93.3977356,3.061868191,3482,6129,0.22985506057739258
25.99848557,93.59909058,3.062452316,3606,6143,0.22308349609375
26.00091934,93.79817963,3.062164307,3606,6120,0.22573637962341309
25.99961472,93.9986496,3.061584949,3505,6171,0.23054289817810059
26.00107956,94.20170593,3.062442303,3486,6124,0.22776484489440918
25.99758911,94.40272522,3.062850952,3583,6081,0.23589491844177246
25.99743652,94.60321808,3.062492847,3555,6042,0.23247408866882324
25.99848938,94.80194092,3.061264992,3557,6173,0.2256031036376953
26.00064087,95.00065613,3.062107086,3482,6109,0.2229442596435547
26.20253372,90.01999664,3.062810898,3537,6408,0.22649621963500977
26.20234299,90.19564819,3.060954571,3596,6191,0.21918845176696777
26.19873047,90.39530182,3.06179142,3747,6317,0.2244858741760254
26.19994736,90.59822083,3.062781811,3664,6308,0.23789143562316895
26.20001221,90.79882812,3.062782288,3625,6171,0.22442412376403809
26.20181274,90.99893188,3.06226778,3560,6250,0.22245049476623535
26.1994133,91.19862366,3.063313007,3638,6304,0.22754812240600586
26.20069504,91.39923096,3.060677528,3450,6168,0.22646641731262207
26.19844818,91.60054016,3.062065601,3542,6307,0.22323012351989746
26.19908524,91.79888916,3.062034607,3517,6215,0.2260117530822754
26.20002365,91.99789429,3.061049938,3571,6097,0.22025728225708008
26.20080948,92.19866943,3.060851574,3599,6296,0.22832202911376953
26.20093155,92.40200806,3.061699867,3481,6087,0.22493600845336914
26.20077133,92.59871674,3.060166836,3494,6230,0.22761774063110352
26.2027359,92.79750824,3.062832832,3532,6162,0.21995019912719727
26.20178223,92.99958801,3.061502934,3393,6184,0.22843098640441895
26.19898987,93.20011902,3.061717987,3528,6089,0.2253255844116211
26.199646,93.39804077,3.06193161,3519,6089,0.2254941463470459
26.20225525,93.59842682,3.062737465,3545,6199,0.2306056022644043
26.20143127,93.80154419,3.062367916,3507,6096,0.23609161376953125
26.20090866,94.00010681,3.062382221,3512,5955,0.23295354843139648
26.20343018,94.19999695,3.062201977,3442,6068,0.23323297500610352
26.20404053,94.39988708,3.060949326,3513,6093,0.23350858688354492
26.20277786,94.60031891,3.060861588,3487,5970,0.22299957275390625
26.20002365,94.80039978,3.061895847,3429,6168,0.23450708389282227
26.19873428,95.00140381,3.061879635,3491,6125,0.22299790382385254
26.40040207,90.02126312,3.063171864,3554,6239,0.22669029235839844
26.39991379,90.19852448,3.061505795,3722,6305,0.22728896141052246
26.40139771,90.39622498,3.062162876,3624,6297,0.22925758361816406
26.40143585,90.59949493,3.061687469,3684,6226,0.22631430625915527
26.39858246,90.79878998,3.061397552,3650,6171,0.2268662452697754
26.40064621,90.99864197,3.062789917,3498,6295,0.22024130821228027
26.39993286,91.19760132,3.062850952,3478,6215,0.22685027122497559
26.39796448,91.40008545,3.062665462,3523,6343,0.22524285316467285
26.39896011,91.59907532,3.062554836,3626,6314,0.23389506340026855
26.39792252,91.79965973,3.061476707,3581,6186,0.227247953414917
26.40013504,91.99628448,3.062097549,3615,6093,0.22020888328552246
26.40333176,92.2011261,3.061814308,3554,6079,0.2268991470336914
26.40140915,92.40023041,3.061916828,3605,6233,0.2270965576171875
26.39936447,92.60094452,3.061860561,3542,6148,0.2259821891784668
26.40031052,92.801651,3.060547829,3539,6093,0.22377514839172363
26.40022278,92.99916077,3.06292963,3500,6232,0.22656035423278809
26.40125656,93.19932556,3.062738895,3544,6134,0.2313706874847412
26.39987183,93.40010071,3.062064648,3637,6104,0.2285616397857666
26.40042114,93.602005,3.061682224,3617,6179,0.22306537628173828
26.39751816,93.80211639,3.062984943,3561,6114,0.230391263961792
26.39800644,94.00080872,3.063216209,3515,6053,0.22626471519470215
26.40038681,94.20061493,3.061972618,3480,6264,0.22861266136169434
26.40188599,94.39988708,3.061353683,3503,6009,0.23154830932617188
26.40328979,94.59907532,3.0617342,3464,6052,0.22301936149597168
26.39855194,94.80007935,3.062856197,3570,6076,0.22887682914733887
26.39973831,95.00132751,3.062357903,3703,6112,0.22791099548339844
26.60078812,90.01275635,3.061700344,3648,6421,0.22784066200256348
26.60123825,90.19590759,3.062404633,3526,6516,0.2273566722869873
26.59808731,90.39618683,3.062247753,3559,6321,0.22777748107910156
26.5986557,90.59920502,3.062309742,3573,6323,0.22800874710083008
26.59796906,90.79934692,3.062001705,3565,6273,0.22773337364196777
26.59909821,90.99834442,3.063044548,3530,6429,0.22419452667236328
26.60296631,91.19638824,3.061572075,3539,6100,0.23308682441711426
26.60518265,91.39905548,3.061739445,3603,6144,0.2287895679473877
26.60118484,91.59994507,3.062746525,3572,6256,0.23017430305480957
26.60042953,91.79773712,3.061495781,3552,6281,0.22981643676757812
26.59745789,92.00173187,3.063382626,3573,6317,0.21982622146606445
26.59774399,92.20053101,3.061172485,3651,6212,0.21982121467590332
26.60194778,92.39870453,3.061802864,3592,6134,0.22678136825561523
26.59926987,92.60131836,3.062348366,3466,6104,0.22567176818847656
26.59774399,92.79980469,3.0622015,3548,6164,0.23660731315612793
26.5974884,93.00173187,3.062511921,3590,6261,0.2336118221282959
26.60061646,93.2026062,3.06223917,3524,6137,0.23016762733459473
26.59840775,93.39997864,3.061756134,3534,6245,0.22234249114990234
26.59936905,93.60046387,3.062422276,3616,6198,0.2282860279083252
26.60109329,93.8010025,3.062139034,3577,6308,0.22630095481872559
26.6013298,93.99956512,3.06195879,3477,6088,0.23278355598449707
26.59892654,94.2021637,3.061475277,3505,6149,0.22309303283691406
26.59918594,94.40142822,3.061871529,3545,6153,0.22332763671875
26.60040665,94.60083008,3.062656403,3594,6085,0.22568678855895996
26.60139847,94.80136108,3.061823368,3546,6097,0.22921180725097656
26.59992981,95.00260925,3.061851978,3566,6239,0.21987032890319824
26.79882812,90.03869629,3.062174797,3812,6502,0.22592878341674805
26.8018074,90.19669342,3.061977863,3501,6399,0.22562766075134277
26.80110168,90.39907837,3.062835217,3701,6481,0.230302095413208
26.79972076,90.60037231,3.062315464,3751,6472,0.23113656044006348
26.79652786,90.79978943,3.06221199,3696,6255,0.22334051132202148
26.79878998,90.99662018,3.061954021,3590,6301,0.22505402565002441
26.80377197,91.19818115,3.061578751,3649,6318,0.22025227546691895
26.80355835,91.39772797,3.061794758,3656,6428,0.22650432586669922
26.80079651,91.59999084,3.061057091,3578,6370,0.2270967960357666
26.79728699,91.80023193,3.063314915,3732,6303,0.22691750526428223
26.79903793,92.00040436,3.062401772,3503,6248,0.2237410545349121
26.80268097,92.19842529,3.061305523,3613,6408,0.22357606887817383
26.79869843,92.39974976,3.062567711,3554,6283,0.2261807918548584
26.80000687,92.6005249,3.061136723,3624,6273,0.22550320625305176
26.79802322,92.80174255,3.062632561,3672,6215,0.23526668548583984
26.80003357,93.00108337,3.062087059,3692,6383,0.2214815616607666
26.80201721,93.2006073,3.0613451,3540,6219,0.22742295265197754
26.79878998,93.40107727,3.061095238,3643,6206,0.22877001762390137
26.79951477,93.60023499,3.061695576,3705,6195,0.22853612899780273
26.79822159,93.80133057,3.06289053,3565,6188,0.22598028182983398
26.80162048,93.99980927,3.061582565,3563,6322,0.21880626678466797
26.80011749,94.19877625,3.061178207,3659,6289,0.22731590270996094
26.79919434,94.39981079,3.061568737,3540,6178,0.22694969177246094
26.79680634,94.60131836,3.06122303,3585,6142,0.23667430877685547
26.7966423,94.80107117,3.061267376,3598,6215,0.22260785102844238
26.80213165,95.00137329,3.062616825,3591,6182,0.23061895370483398
27.00204849,90.01459503,3.061571121,3956,6797,0.2256767749786377
26.99897003,90.19626617,3.063785076,3753,6756,0.22383856773376465
27.00062561,90.39581299,3.061886787,3755,6509,0.23761224746704102
27.00078583,90.59741211,3.060932636,3750,6435,0.2344822883605957
27.00014114,90.79826355,3.062672138,3739,6538,0.23189544677734375
26.99821091,90.99900818,3.062265873,3647,6437,0.23422598838806152
27.00014114,91.19862366,3.062520027,3623,6473,0.2223045825958252
27.00302124,91.39881897,3.062132359,3648,6446,0.2318880558013916
27.00113678,91.59890747,3.063166618,3750,6417,0.22501111030578613
26.99980545,91.79918671,3.062954903,3578,6416,0.23670029640197754
26.99945831,92.00079346,3.06307745,3664,6304,0.23155665397644043
26.99966812,92.20108032,3.0623703,3496,6375,0.2344834804534912
27.00009537,92.40075684,3.062812328,3724,6291,0.23386168479919434
27.00187683,92.5998764,3.061205864,3542,6221,0.22366070747375488
27.00275803,92.79642487,3.061433315,3540,6259,0.23218083381652832
27.00314331,92.99765778,3.062390327,3582,6231,0.22785472869873047
26.99478149,93.19875336,3.062543869,3493,6243,0.2233273983001709
26.99565125,93.40148163,3.061574459,3608,6265,0.22213125228881836
27.00040054,93.59927368,3.061913967,3521,6168,0.22736072540283203
26.99965286,93.80003357,3.06187439,3540,6328,0.22775697708129883
26.99917221,93.9992218,3.06047821,3587,6206,0.22841453552246094
27.00079727,94.20092773,3.060947895,3628,6042,0.22974324226379395
27.0015564,94.40142059,3.061603546,3506,5970,0.22812461853027344
26.99706268,94.60232544,3.062697887,3545,6134,0.22683334350585938
27.00011826,94.79837036,3.061067581,3483,6115,0.2222607135772705
27.00249863,95.00124359,3.062791824,3508,6031,0.22640085220336914
27.19746399,90.01808929,3.062948227,3806,6901,0.2371349334716797
27.19845581,90.19672394,3.061206818,3829,6703,0.2194840908050537
27.2013588,90.39649963,3.061772823,3689,6687,0.22702240943908691
27.20085144,90.59848022,3.062023163,3664,6479,0.2332603931427002
27.20088577,90.7993927,3.062129498,3716,6444,0.2257080078125
27.19701385,90.99726105,3.061151505,3630,6292,0.22452068328857422
27.19974899,91.19953918,3.061747074,3619,6410,0.2356705665588379
27.19990158,91.40110016,3.062147141,3542,6428,0.23033785820007324
27.20137405,91.59725952,3.061972141,3639,6348,0.23702287673950195
27.20323944,91.80005646,3.062066078,3499,6256,0.23033785820007324
27.20034409,92.00052643,3.062860012,3624,6311,0.2228529453277588
27.19968796,92.19966888,3.062003136,3554,6317,0.22732019424438477
27.19738388,92.40117645,3.062488079,3589,6196,0.22430825233459473
27.20048523,92.59786224,3.061484814,3534,6268,0.22705364227294922
27.20132828,92.80008698,3.062439442,3505,6179,0.2254934310913086
27.20065689,92.9995575,3.062214375,3520,6176,0.22381258010864258
27.19869614,93.20109558,3.06210804,3585,6193,0.23620843887329102
27.19701767,93.40098572,3.062737942,3606,6242,0.23932623863220215
27.19843674,93.59976196,3.061758041,3647,6125,0.23224854469299316
27.19775772,93.80020142,3.061851501,3495,6037,0.23432469367980957
27.2014389,94.00042725,3.062113285,3621,6233,0.22341012954711914
27.20139694,94.19953918,3.061374187,3593,6243,0.23056292533874512
27.19976044,94.39836121,3.061091423,3487,6045,0.2302703857421875
27.19981003,94.60045624,3.061116219,3577,6286,0.23363161087036133
27.19920349,94.80271149,3.06302309,3786,6129,0.2232975959777832
27.19794083,95.00131226,3.06163311,3564,6139,0.23593497276306152
27.39660645,90.0157547,3.06126976,3936,7211,0.22962498664855957
27.4013176,90.19764709,3.061233044,3828,7157,0.2229616641998291
27.40032959,90.3975296,3.062709332,3849,7037,0.2279491424560547
27.39944458,90.595047,3.0618186,3901,6902,0.22321009635925293
27.40034866,90.79679871,3.062951565,3874,6854,0.22639846801757812
27.40167236,90.99807739,3.062238693,3773,6698,0.2365398406982422
27.40059662,91.20009613,3.061403275,3886,6623,0.23925256729125977
27.39852142,91.39813232,3.061913967,3699,6486,0.2235863208770752
27.40136337,91.59871674,3.061447144,3656,6453,0.23234200477600098
27.40124512,91.79853821,3.061374664,3559,6504,0.23843169212341309
27.401577,92.0016098,3.063018322,3749,6462,0.22875523567199707
27.39985657,92.19812775,3.062561035,3611,6357,0.22687458992004395
27.3977623,92.40235901,3.062057018,3688,6530,0.23000860214233398
27.39749527,92.60192871,3.061803818,3690,6457,0.2379591464996338
27.40064621,92.8011322,3.061725616,3622,6174,0.23356175422668457
27.39981461,93.00048828,3.061606884,3572,6232,0.23311257362365723
27.39834213,93.1987915,3.061685085,3538,6423,0.22349905967712402
27.39917374,93.39854431,3.062154293,3644,6394,0.22133207321166992
27.39850235,93.60037994,3.061008453,3564,6436,0.2276468276977539
27.39988708,93.79986572,3.062179089,3575,6315,0.23469305038452148
27.39958191,94.00225067,3.062867165,3629,6113,0.22833824157714844
27.40061569,94.1996994,3.06317234,3565,6376,0.22617769241333008
27.40101624,94.40122986,3.062839508,3498,6103,0.230055570602417
27.3987236,94.60079956,3.062736511,3592,6236,0.23048138618469238
27.40128708,94.79977417,3.06147337,3515,6078,0.22754669189453125
27.40294266,94.99957275,3.061011314,3544,6170,0.22874689102172852
27.60222244,90.0203476,3.062777042,3884,7463,0.2282564640045166
27.60109711,90.1975174,3.063035965,3935,7289,0.22201967239379883
27.59690475,90.40061951,3.063607216,3836,7342,0.22744488716125488
27.60109329,90.59429932,3.060814857,3814,6927,0.22298407554626465
27.60214233,90.79780579,3.062077999,3787,6922,0.22349786758422852
27.60271454,90.99949646,3.061788559,3790,6767,0.23184847831726074
27.59844208,91.19991302,3.062878609,3652,6708,0.22471928596496582
27.59923553,91.39971161,3.06028223,3689,6466,0.23442435264587402
27.60074615,91.59764099,3.061338425,3561,6538,0.22004389762878418
27.60175323,91.79998016,3.061140537,3786,6537,0.22536611557006836
27.59904099,92.00060272,3.062104225,3613,6417,0.22538447380065918
27.59915543,92.19859314,3.062842846,3657,6480,0.2271883487701416
27.60009384,92.40016174,3.062217236,3614,6379,0.22340059280395508
27.5994339,92.60108185,3.062995434,3695,6334,0.22684454917907715
27.59835815,92.79904938,3.062549591,3678,6436,0.2236330509185791
27.59970093,92.99949646,3.062660217,3627,6180,0.22963452339172363
27.60131073,93.19929504,3.061350346,3643,6397,0.22781920433044434
27.60217285,93.40257263,3.060803413,3729,6290,0.23088669776916504
27.60042191,93.6006012,3.062218666,3577,6260,0.22959423065185547
27.59925842,93.79898071,3.061752319,3467,6278,0.22489666938781738
27.59876251,94.0042572,3.061340332,3485,6341,0.23241853713989258
27.59872818,94.20204926,3.061700344,3499,6186,0.2257380485534668
27.59897995,94.40016937,3.0620327,3562,6182,0.22936129570007324
27.60154343,94.60002136,3.061672688,3583,6109,0.22097182273864746
27.60165787,94.80152893,3.061891556,3565,6195,0.2282257080078125
27.59909439,95.0016861,3.061443329,3503,6119,0.22903919219970703
27.79847717,90.02679443,3.06174469,4045,7628,0.2265009880065918
27.80209732,90.19345856,3.061198235,4015,7254,0.2306814193725586
27.80138397,90.39649963,3.060533524,3850,7379,0.22563481330871582
27.80088806,90.59831238,3.062486649,3994,7236,0.22773003578186035
27.7990036,90.79782867,3.060801983,3910,7185,0.22778558731079102
27.79952621,90.99951172,3.062185764,3889,6934,0.22671127319335938
27.79972458,91.20016479,3.062623978,3872,6814,0.22599148750305176
27.80076599,91.39910889,3.061283588,3779,6918,0.22639036178588867
27.80140686,91.59864044,3.060898304,3788,6592,0.22501206398010254
27.80044556,91.80038452,3.062327862,3680,6550,0.2232520580291748
27.80177307,91.99793243,3.063342571,3617,6503,0.22414088249206543
27.80164719,92.19895935,3.062436104,3725,6539,0.22559070587158203
27.79877853,92.40151978,3.063375473,3674,6434,0.227569580078125
27.79922485,92.5970993,3.061920166,3575,6544,0.2280576229095459
27.79823685,92.80130005,3.062984467,3700,6341,0.22633123397827148
27.80135727,92.99864197,3.06112957,3449,6197,0.22935771942138672
27.79953384,93.20146179,3.063376904,3698,6315,0.22069334983825684
27.79771805,93.39912415,3.062730312,3545,6238,0.2236781120300293
27.79970551,93.60157013,3.06117487,3519,6204,0.22702431678771973
27.79888153,93.80253601,3.06159687,3555,6113,0.22981929779052734
27.80077362,94.0019989,3.062026024,3540,6173,0.22637295722961426
27.80101013,94.20027161,3.061413765,3502,6039,0.22808504104614258
27.79985046,94.4005661,3.062915325,3718,6284,0.22652602195739746
27.79944992,94.59889984,3.062730312,3648,6311,0.2240149974822998
27.80353165,94.79915619,3.062865734,3532,6437,0.22643184661865234
27.80279922,94.99864197,3.061574936,3485,6135,0.22141671180725098
28.002491,90.02155304,3.06186676,4253,8008,0.23738908767700195
28.00096893,90.19766235,3.063103676,4146,7785,0.2299361228942871
27.99863052,90.3993454,3.061701775,4150,7694,0.22673654556274414
28.00162506,90.59584808,3.061139584,4066,7492,0.22980213165283203
28.00417709,90.79808044,3.061944962,3924,7416,0.2255234718322754
28.00125122,90.99945068,3.061580658,3876,7174,0.22566890716552734
27.99580002,91.19915771,3.062619686,3930,7043,0.22263526916503906
27.99769974,91.39818573,3.062493801,3734,7024,0.22963857650756836
28.00089264,91.59762573,3.062805176,3782,6872,0.2298276424407959
28.00186539,91.79976654,3.062726974,3851,6833,0.22983169555664062
28.00252533,91.99916077,3.063251972,3852,6575,0.2309551239013672
27.99580765,92.2014389,3.062952042,3693,6541,0.2237086296081543
28.00020599,92.397789,3.061667919,3571,6546,0.2258133888244629
27.99968719,92.59980774,3.06267786,3744,6626,0.23586106300354004
28.00008011,92.80172729,3.062242985,3669,6444,0.23011565208435059
28.00296021,93.00086975,3.061257839,3660,6463,0.22727108001708984
28.00138092,93.19952393,3.061645508,3668,6388,0.22496438026428223
28.00042725,93.39931488,3.062329292,3638,6268,0.22593355178833008
27.99980927,93.59831238,3.062329769,3524,6391,0.21929264068603516
28.00183487,93.7963028,3.061863422,3571,6310,0.2236461639404297
28.00180817,94.00108337,3.062217236,3566,6276,0.2292168140411377
27.99953461,94.20153809,3.061920166,3615,6355,0.2268524169921875
27.99816513,94.40013123,3.061918259,3635,6222,0.21985697746276855
28.00257492,94.59845734,3.061819077,3542,6230,0.2265937328338623
27.99990845,94.79969788,3.061851978,3549,6344,0.22694659233093262
28.00115967,95.00062561,3.062249184,3592,6128,0.2368907928466797
28.19990921,90.0085907,3.062366009,4635,8571,0.23673200607299805
28.19685364,90.19650269,3.06204319,4335,8151,0.22743749618530273
28.19937897,90.397789,3.060684681,4260,7902,0.22577404975891113
28.19973755,90.59816742,3.061862469,3982,7668,0.223402738571167
28.20067978,90.79885101,3.062986374,4019,7450,0.23705315589904785
28.19974518,90.99841309,3.061030388,3989,7472,0.2292625904083252
28.20146179,91.19811249,3.063821793,3929,7307,0.22747039794921875
28.19791412,91.39901733,3.062206268,3947,7091,0.2216935157775879
28.19758987,91.60103607,3.062044144,3899,7023,0.22759032249450684
28.2009964,91.80110168,3.063108921,3744,6797,0.2235393524169922
28.19730759,91.99903107,3.062414169,3726,6704,0.22269845008850098
28.19636154,92.20101929,3.060922623,3704,6651,0.23703503608703613
28.20026779,92.39841461,3.061903954,3697,6636,0.22376012802124023
28.20114517,92.60038757,3.062223434,3796,6624,0.2284870147705078
28.19838715,92.79959106,3.06210041,3700,6600,0.22716188430786133
28.20082474,93.00078583,3.062056065,3550,6535,0.22830915451049805
28.20081329,93.19838715,3.062018394,3679,6476,0.226182222366333
28.20253372,93.39777374,3.061215878,3727,6354,0.22936344146728516
28.19915009,93.60023499,3.062572479,3551,6506,0.22626328468322754
28.19768906,93.80200195,3.061246395,3708,6332,0.2247452735900879
28.19878769,94.00242615,3.062953472,3563,6297,0.22580885887145996
28.20227051,94.19942474,3.061163902,3574,6418,0.22603225708007812
28.2012825,94.40139771,3.061227798,3600,6514,0.22100090980529785
28.19926834,94.59861755,3.061511993,3718,6342,0.2265453338623047
28.20273209,94.80073547,3.060351849,3617,6362,0.22697782516479492
28.19957733,95.00244141,3.061784267,3628,6429,0.23630714416503906
28.40142822,90.01892853,3.06256628,5613,10414,0.22939586639404297
28.40150833,90.19773865,3.062467098,4959,9024,0.22754454612731934
28.40055084,90.39686584,3.061422348,4607,8698,0.22888898849487305
28.40013504,90.5998764,3.06101799,4376,8345,0.22715091705322266
28.3970108,90.79883575,3.062438965,4209,7851,0.22696375846862793
28.39983368,90.99925232,3.063050747,4252,7748,0.22808003425598145
28.39977264,91.20042419,3.063011169,4156,7515,0.22834086418151855
28.400177,91.39888763,3.061759472,3936,7562,0.23198509216308594
28.39883041,91.59883118,3.062393188,3906,7402,0.22863364219665527
28.40074539,91.79933167,3.060539246,3938,7200,0.22276782989501953
28.40108109,92.00112152,3.062598228,3809,7053,0.2266232967376709
28.40078735,92.1995163,3.06133604,3861,7047,0.22327351570129395
28.40061188,92.39979553,3.060994625,3705,6759,0.2271115779876709
28.39593124,92.60144806,3.063006401,3730,6669,0.22292304039001465
28.39955139,92.79774475,3.061390877,3771,6545,0.22630548477172852
28.40140533,93.00202942,3.06159544,3757,6629,0.22480154037475586
28.399189,93.20082092,3.06256628,3629,6421,0.22544455528259277
28.40122604,93.40036011,3.061537743,3570,6394,0.2333834171295166
28.40171432,93.60266113,3.0615201,3496,6435,0.2331991195678711
28.40058899,93.80008698,3.060903072,3579,6250,0.2230226993560791
28.39929962,93.99971008,3.063117027,3597,6471,0.22796201705932617
28.40040588,94.20029449,3.060780048,3655,6263,0.22278189659118652
28.39881516,94.40031433,3.062365532,3643,6436,0.22658324241638184
28.39974976,94.60129547,3.06212616,3614,6340,0.22935867309570312
28.39838028,94.80134583,3.063043594,3591,6312,0.22815823554992676
28.39952087,95.0020752,3.060376167,3583,6309,0.22667241096496582
28.59834671,90.0308609,3.062713623,7469,16469,0.22950005531311035
28.59875107,90.19933319,3.061622143,6159,11711,0.22660350799560547
28.59580231,90.397789,3.062277317,5202,9739,0.23663949966430664
28.59563828,90.59832764,3.061740398,4740,9005,0.23076415061950684
28.59902954,90.79934692,3.062846661,4456,8312,0.22658419609069824
28.60010529,90.99690247,3.062566757,4234,8068,0.2226412296295166
28.59945679,91.19844818,3.061412334,4310,8046,0.22852182388305664
28.59951019,91.39835358,3.062099934,4110,7722,0.2266402244567871
28.60154724,91.59783936,3.061428547,4066,7584,0.22271203994750977
28.60018539,91.79843903,3.062453747,3949,7202,0.22856807708740234
28.59997559,91.99954987,3.061197281,3924,7278,0.22697234153747559
28.59891129,92.199646,3.063070774,3835,7081,0.22836828231811523
28.60186768,92.39680481,3.06071806,3917,6879,0.22116327285766602
28.60111618,92.59928894,3.061843395,3762,6783,0.22427749633789062
28.59740829,92.80143738,3.062055588,3755,6637,0.22668242454528809
28.59768295,92.99953461,3.061290741,3746,6524,0.22617673873901367
28.60225677,93.19930267,3.061498642,3710,6520,0.2239818572998047
28.60215378,93.39822388,3.062297821,3599,6647,0.22719216346740723
28.5977211,93.59780884,3.061694145,3734,6646,0.2188892364501953
28.59916687,93.80068207,3.061862946,3559,6469,0.22704100608825684
28.6033287,94.00190735,3.062501907,3674,6444,0.22594523429870605
28.6019783,94.19960785,3.061638832,3627,6388,0.22760868072509766
28.60177994,94.39780426,3.061395168,3707,6202,0.22365951538085938
28.59828568,94.60150909,3.062675476,3710,6413,0.23552274703979492
28.59916687,94.80206299,3.062121391,3554,6123,0.23060822486877441
28.59965515,95.00161743,3.061161995,3559,6133,0.2265152931213379
28.80117035,90.03327179,3.064186573,14062,23792,0.2206416130065918
28.79916,90.19495392,3.062642097,9184,19335,0.22547674179077148
28.79832458,90.39855194,3.062692642,6990,14421,0.22614693641662598
28.80091095,90.59797668,3.062792301,5609,11020,0.22374629974365234
28.7996788,90.79841614,3.061108112,4870,9316,0.22706389427185059
28.80088043,90.99755096,3.062366009,4719,8780,0.2275407314300537
28.79943085,91.19726563,3.061533451,4470,8170,0.22157597541809082
28.79972839,91.39717865,3.06171751,4315,8069,0.22525429725646973
28.80013657,91.59932709,3.062140465,4128,7659,0.22668075561523438
28.80041504,91.79945374,3.062538147,4059,7595,0.2256300449371338
28.7991333,91.99807739,3.060549736,3978,7460,0.22039103507995605
28.79918671,92.19721222,3.062109947,3789,7362,0.22854065895080566
28.8003273,92.3992157,3.061080456,3796,7028,0.22148633003234863
28.79883957,92.60037231,3.062977791,3703,7051,0.22472119331359863
28.79927063,92.8008728,3.061617851,3788,6880,0.22752046585083008
28.80075836,92.99841309,3.06178236,3685,6651,0.22263288497924805
28.802948,93.20059204,3.060817719,3666,6702,0.22681570053100586
28.80299759,93.39924622,3.061991215,3670,6469,0.22406482696533203
28.79972839,93.60227203,3.061955929,3645,6435,0.22644996643066406
28.79935455,93.80130005,3.061663628,3630,6416,0.2230970859527588
28.80134201,94.00053406,3.062209129,3570,6292,0.2268846035003662
28.80115509,94.19857025,3.062642574,3541,6383,0.23719000816345215
28.80117798,94.39861298,3.060983658,3597,6292,0.2301182746887207
28.79930115,94.60217285,3.061795712,3684,6187,0.226057767868042
28.80007935,94.80220795,3.062402248,3569,6222,0.22432851791381836
28.80376053,95.00157928,3.060263157,3596,6255,0.22646594047546387
29.0002861,90.02422333,3.063355446,9972,15762,0.2223060131072998
29.00098038,90.19436646,3.063364029,11928,21386,0.22363924980163574
29.00087738,90.39945221,3.060380459,11101,20900,0.22844243049621582
29.00048828,90.59775543,3.061153889,7832,17586,0.22501254081726074
28.99994278,90.79907227,3.063369274,6865,12937,0.23334121704101562
28.99978256,91.00067902,3.062861919,5518,10038,0.22304892539978027
28.99769974,91.19864655,3.062122822,4650,9091,0.23625636100769043
28.99940109,91.39941406,3.061980247,4540,8582,0.23117327690124512
28.99865341,91.59945679,3.06237793,4317,8127,0.2258453369140625
29.00010681,91.79885864,3.061908245,4056,7921,0.22629094123840332
29.00088882,92.00158691,3.061118603,3932,7576,0.2251577377319336
28.99966049,92.19862366,3.062217236,4061,7463,0.2294466495513916
28.99627304,92.40118408,3.063680172,3876,7299,0.2267749309539795
28.99681854,92.59978485,3.061299324,3799,7075,0.22636795043945312
29.00318909,92.79974365,3.06032753,3836,6989,0.22510814666748047
29.00462341,93.00110626,3.060806751,3823,6983,0.2315983772277832
28.99972153,93.20035553,3.06234169,3753,6802,0.22579550743103027
28.99608231,93.40065765,3.062798023,3707,6902,0.23000383377075195
28.9992485,93.59939575,3.062576294,3672,6380,0.23352932929992676
29.00267792,93.79865265,3.062361717,3652,6369,0.2270197868347168
29.0027771,94.00174713,3.061894894,3706,6347,0.2378523349761963
29.00095749,94.20089722,3.061425209,3652,6420,0.22917532920837402
29.00039673,94.40266418,3.061591148,3540,6269,0.22525358200073242
29.00048065,94.60174561,3.062623501,3604,6376,0.21991276741027832
28.99894714,94.80203247,3.061841011,3564,6287,0.22899436950683594
28.99916077,95.00170898,3.061255932,3564,6245,0.2244553565979004
29.20148849,90.04055023,3.062936783,9280,15184,0.22400259971618652
29.19926453,90.1960907,3.061489582,9745,16669,0.23247075080871582
29.1973877,90.39984131,3.062016964,9801,16479,0.2203052043914795
29.19983292,90.59846497,3.060716629,13561,22195,0.22016072273254395
29.20083237,90.7952652,3.062530994,10745,19553,0.2192392349243164
29.19988632,90.99769592,3.062489033,7301,15568,0.22746014595031738
29.19813156,91.19902039,3.06126976,6155,11968,0.2219703197479248
29.20186996,91.39854431,3.061294556,5180,10291,0.225813627243042
29.20091248,91.59968567,3.061401367,4723,9103,0.22673773765563965
29.19759369,91.80036163,3.060485363,4613,8400,0.2299818992614746
29.19807434,92.00039673,3.062407494,4300,8047,0.2267322540283203
29.20097351,92.1974411,3.061069965,4221,7737,0.2286818027496338
29.20083618,92.40014648,3.062507629,4061,7553,0.23235678672790527
29.20067215,92.60015106,3.062514782,4096,7399,0.23194479942321777
29.20094299,92.8009491,3.061849594,3862,7140,0.22537708282470703
29.19695663,93.00112915,3.061564445,3880,7194,0.22613310813903809
29.20388412,93.19897461,3.062086105,3867,7120,0.2301771640777588
29.20236588,93.39964294,3.061885834,3812,6755,0.22748327255249023
29.20081329,93.60080719,3.061086655,3902,6917,0.24158358573913574
29.20134735,93.79959869,3.061691761,3779,6633,0.2320997714996338
29.19964981,94.00216675,3.062847614,3656,6652,0.22627854347229004
29.20043564,94.20083618,3.062138081,3722,6604,0.22819209098815918
29.19960403,94.3997879,3.062281132,3732,6449,0.22903919219970703
29.19756699,94.60011292,3.06220293,3663,6440,0.22320842742919922
29.2012291,94.79936218,3.062011719,3608,6457,0.22649478912353516
29.20134354,95.0010376,3.061701775,3634,6429,0.22457432746887207
29.39601135,90.02347565,3.061454296,9385,14940,0.22511577606201172
29.40060806,90.19595337,3.060988426,9220,14311,0.22423076629638672
29.40233231,90.39835358,3.062612534,9544,17148,0.2238173484802246
29.396698,90.59783173,3.062548161,9336,16143,0.22556614875793457
29.40079498,90.79623413,3.060557365,10320,17882,0.22665929794311523
29.39977646,90.99775696,3.062318802,12696,22149,0.22327923774719238
29.39780807,91.19780731,3.061511993,9152,21266,0.22488999366760254
29.40047836,91.3993988,3.062064648,7522,16110,0.22385430335998535
29.39871597,91.60040283,3.061923981,6094,11810,0.22880315780639648
29.39953613,91.79858398,3.061412811,4997,9877,0.22061395645141602
29.40236282,91.9982605,3.062377453,4587,8815,0.22615909576416016
29.40163803,92.19833374,3.06131649,4371,8265,0.22533059120178223
29.39904022,92.3994751,3.062656879,4181,7911,0.22771692276000977
29.40219116,92.59996796,3.062539101,4099,8002,0.22280144691467285
29.40264511,92.79827881,3.062350273,4002,7593,0.22391390800476074
29.40187073,92.99960327,3.061451435,4000,7311,0.22793245315551758
29.40140533,93.20197296,3.062252045,3902,7179,0.2247157096862793
29.39930344,93.40037537,3.062714577,3840,7221,0.224412202835083
29.3999939,93.59721375,3.062354088,3786,6984,0.22816014289855957
29.39879608,93.79981232,3.063016891,3783,6946,0.23112177848815918
29.40167999,93.99909973,3.061459541,3712,6827,0.23074960708618164
29.39878464,94.2003479,3.061224461,3823,6672,0.22704291343688965
29.40044403,94.40086365,3.062427521,3828,6692,0.2238636016845703
29.39848709,94.60040283,3.06254673,3733,6430,0.22132515907287598
29.39973068,94.80001831,3.060899258,3631,6372,0.22991514205932617
29.39995956,94.99920654,3.062000751,3653,6415,0.2241511344909668
29.6008873,90.02290344,3.063179493,9400,15516,0.2261054515838623
29.60396194,90.19661713,3.06155777,9324,14553,0.23035240173339844
29.60126877,90.39916229,3.060978889,9427,15216,0.22946858406066895
29.59961319,90.59896088,3.061952114,9761,14962,0.22419381141662598
29.60089874,90.79619598,3.062435627,10311,17323,0.22354888916015625
29.60246658,91.00041962,3.063436508,10582,16456,0.23667263984680176
29.60195541,91.19953918,3.062170029,13690,23336,0.2292766571044922
29.6006279,91.39940643,3.062973976,15434,26136,0.22878432273864746
29.60139084,91.59765625,3.061343193,9260,20784,0.23143792152404785
29.6001358,91.80255127,3.062088013,7100,14343,0.22751688957214355
29.59860992,92.00061035,3.062629223,5503,10585,0.23017024993896484
29.59676361,92.20262146,3.063079834,4853,9114,0.22588872909545898
29.60314941,92.39790344,3.062500954,4437,8508,0.2203218936920166
29.60050964,92.60102844,3.062056541,4284,8192,0.225982666015625
29.60036469,92.80014038,3.061807156,4209,7694,0.22664260864257812
29.59695053,93.00075531,3.062152863,3997,7529,0.22307300567626953
29.59777451,93.19979858,3.062243462,4039,7500,0.22730016708374023
29.6037178,93.39796448,3.06124115,3790,7196,0.22253727912902832
29.59919357,93.59733582,3.060969353,3817,7060,0.22797298431396484
29.59940338,93.79940796,3.061608791,3760,6993,0.22708654403686523
29.59822464,94.00052643,3.061517239,3799,7027,0.2192530632019043
29.60029221,94.19863892,3.061971188,3801,6769,0.22721362113952637
29.60015106,94.40109253,3.062180996,3666,6655,0.2322828769683838
29.60132217,94.59862518,3.061722755,3770,6505,0.23112916946411133
29.5996666,94.80032349,3.062796116,3787,6530,0.22293686866760254
29.6016922,95.00123596,3.061606407,3737,6472,0.22985553741455078
29.80074692,90.01889038,3.062192917,9319,14641,0.22574543952941895
29.7973671,90.19676208,3.062783718,9292,14818,0.22510194778442383
29.79733276,90.3999939,3.061470032,9416,14698,0.23265910148620605
29.79900551,90.59829712,3.061412811,9437,15083,0.22638463973999023
29.80128288,90.79853058,3.061347485,9604,14713,0.22771167755126953
29.80143738,90.99971771,3.061328411,9723,15963,0.2309269905090332
29.79902649,91.20078278,3.060969353,10253,18785,0.22626018524169922
29.79688263,91.40210724,3.062410355,10835,17183,0.23122310638427734
29.79681206,91.59964752,3.061670303,13440,23119,0.22624635696411133
29.80171394,91.79882813,3.061769485,12486,22252,0.22192645072937012
29.7996254,91.99846649,3.061655998,7346,16836,0.2326352596282959
29.80230713,92.19993591,3.060480118,6371,12570,0.2413465976715088
29.80130768,92.39912415,3.061453342,5235,10047,0.22513413429260254
29.7959404,92.59940338,3.06217432,4643,9046,0.22868704795837402
29.7986927,92.79954529,3.062057018,4390,8469,0.22703313827514648
29.79766464,93.00138855,3.0602808,4282,8040,0.2313704490661621
29.8014431,93.20006561,3.060848713,4280,7725,0.22795367240905762
29.80029106,93.39958191,3.062413692,3848,7553,0.230818510055542
29.79973602,93.60176086,3.061730862,3863,7223,0.22094988822937012
29.79919052,93.79985809,3.062728882,3930,7192,0.2318282127380371
29.79990959,94.00143433,3.06194067,3807,6932,0.2357165813446045
29.79931641,94.20011139,3.061731815,3837,6879,0.23047256469726562
29.80070305,94.40135193,3.061878204,3676,6735,0.22820377349853516
29.79876328,94.60159302,3.061901569,3619,6892,0.23275089263916016
29.79920578,94.8008728,3.062167168,3835,6611,0.22732043266296387
29.79893684,95.00074768,3.062390804,3705,6612,0.23360109329223633
30.00048447,90.0198822,3.062352657,9395,14775,0.22817564010620117
30.00102997,90.19863892,3.061215401,9356,14947,0.22438836097717285
29.99788666,90.39886475,3.063034534,9200,14386,0.23011398315429688
30.00166512,90.59824371,3.061680794,8869,14168,0.22589898109436035
29.99794006,90.79666138,3.063234806,9662,14635,0.22615575790405273
30.00190735,90.99850464,3.061757565,9551,15719,0.22981762886047363
30.0007267,91.19827271,3.062775135,9786,15285,0.22920703887939453
30.00115395,91.39738464,3.062340736,9782,17044,0.23084783554077148
30.00082397,91.59940338,3.061683655,10029,17230,0.2288670539855957
29.99967766,91.80023193,3.062161922,11518,19664,0.22810578346252441
30.00064278,91.99951935,3.061099052,13610,24147,0.23147201538085938
30.00043488,92.19792938,3.062606335,9674,20938,0.23169732093811035
30.00028419,92.39851379,3.061571121,7148,15683,0.2321915626525879
29.99848557,92.59835815,3.060939312,5691,11314,0.2262885570526123
30.00281334,92.80028534,3.062887192,5022,9460,0.2296607494354248
30.00269699,93.00063324,3.062615871,4575,8678,0.2283632755279541
29.99896431,93.20092773,3.061729431,4358,8195,0.229994535446167
30.00138283,93.40119934,3.061859131,4266,7954,0.22922158241271973
30.00122261,93.59767151,3.062048435,3987,7711,0.23042726516723633
30.00028419,93.79982758,3.062657356,3922,7554,0.23068809509277344
29.99856567,93.99860382,3.06049633,3959,7513,0.23059630393981934
30.0016098,94.2000885,3.062213898,3873,7163,0.2252206802368164
30.00144768,94.39963531,3.06231308,3959,7121,0.22852659225463867
30.00327492,94.60083008,3.060408115,3660,7012,0.23472261428833008
30.00183487,94.79905701,3.061730385,3748,6913,0.2270646095275879
29.99814034,95.00380707,3.061436176,3712,6766,0.23118805885314941
