30.00224686,84.00130463,3.062646866,5200,7935,0.22760629653930664
29.99937439,84.19696808,3.061844826,5468,8468,0.22787952423095703
30.00299263,84.39834595,3.062128067,5379,8809,0.22956275939941406
30.00284386,84.59953308,3.060561657,5152,8843,0.229705810546875
30.00037575,84.79909515,3.061858654,4992,8733,0.22516965866088867
29.99866867,84.9990921,3.061737537,4927,8694,0.2307298183441162
29.99882126,85.19863892,3.061882496,4724,8272,0.22460150718688965
29.99967003,85.39959717,3.062054157,4647,8338,0.22233366966247559
30.00050354,85.599823,3.062195778,5119,8638,0.2203378677368164
30.00131989,85.79813385,3.06219244,5097,8630,0.22899460792541504
30.00207901,85.99908447,3.061288357,5152,8811,0.22401142120361328
30.00154877,86.19991302,3.061297417,5544,8853,0.22335410118103027
29.99549675,86.40142822,3.061666965,5659,8898,0.22922182083129883
29.99804688,86.60133362,3.061034679,4907,7929,0.2293238639831543
30.00089264,86.80083466,3.062450409,5122,8319,0.23042535781860352
30.00267601,87.00024414,3.061069965,5247,8237,0.2289752960205078
30.00291061,87.20159912,3.061734676,7046,10254,0.22750353813171387
29.99894524,87.40109253,3.060546875,6477,9285,0.2238616943359375
29.99952698,87.59976196,3.062860966,8041,9622,0.22938966751098633
29.99931145,87.79957581,3.061695099,8185,9379,0.22886347770690918
30.0010643,88.0012207,3.062113762,8230,9849,0.22791004180908203
30.00209427,88.20200348,3.061396122,8580,10645,0.22159957885742188
30.00086021,88.40110016,3.061934948,8856,11089,0.22646737098693848
30.00222206,88.60296631,3.06137991,9232,11889,0.22915267944335938
29.99702263,88.80226898,3.062591553,9227,12759,0.22629213333129883
29.99770737,89.00190735,3.063888073,9345,13213,0.23368620872497559
30.20127487,84.01596832,3.061733246,6180,8579,0.2271730899810791
30.19854164,84.19631195,3.062597752,7006,9644,0.22530508041381836
30.1966095,84.39641571,3.061532974,6885,10665,0.23087716102600098
30.1993084,84.59812927,3.062105656,6510,10638,0.22164392471313477
30.20192337,84.79657745,3.061916351,5964,10605,0.22932839393615723
30.19887543,84.99800873,3.062757492,5579,9994,0.23035764694213867
30.19995499,85.19677734,3.061607361,4926,9229,0.22376799583435059
30.19973183,85.4005127,3.061689854,4931,8717,0.22979950904846191
30.19904137,85.59877014,3.061587334,4751,8333,0.22803473472595215
30.20211601,85.8015213,3.061717033,4726,8323,0.23044586181640625
30.19779968,86.00000763,3.062267303,4688,8391,0.22924160957336426
30.19756699,86.19776917,3.061971664,4574,8190,0.22627782821655273
30.20051956,86.39781189,3.061889172,4619,8034,0.22350573539733887
30.20151329,86.59896851,3.062144279,4729,8050,0.22910141944885254
30.20050049,86.79956818,3.06104517,4631,7863,0.2256755828857422
30.19787407,87.00040436,3.061520576,4789,7952,0.22573566436767578
30.1979332,87.20066071,3.06227684,4870,8192,0.23156404495239258
30.20067024,87.40120697,3.062081337,5270,8462,0.22255778312683105
30.20026207,87.59896088,3.060572624,5860,8721,0.22388386726379395
30.20053864,87.80182648,3.062218666,6748,8931,0.22981905937194824
30.19665527,88.00259399,3.062423229,7569,9478,0.22355079650878906
30.2008667,88.20246124,3.062113762,7717,9551,0.22631049156188965
30.20261192,88.39871979,3.061825275,8376,10023,0.22565507888793945
30.20351791,88.60101318,3.062236309,8638,10704,0.2315511703491211
30.19970894,88.80002594,3.06127739,8809,11446,0.23662781715393066
30.1996212,89.00127411,3.061244488,9050,12057,0.2289869785308838
30.3975811,84.02745819,3.062576771,7953,9562,0.22651982307434082
30.39876938,84.19491577,3.063058853,9334,10719,0.22591280937194824
30.40337944,84.39845276,3.062263012,9133,11703,0.2254321575164795
30.39728928,84.59777832,3.062569141,8479,12555,0.22869539260864258
30.3974781,84.79888916,3.062651157,7860,13511,0.22760868072509766
30.40040588,84.99577332,3.06131506,7013,13040,0.22687125205993652
30.40189171,85.19682312,3.060433388,6120,12105,0.21832489967346191
30.39970207,85.39887238,3.061692238,5313,10593,0.22941303253173828
30.39838982,85.59951782,3.061701775,4831,9383,0.22310757637023926
30.4014225,85.79827118,3.062094212,4945,8981,0.22503328323364258
30.40173912,85.99925995,3.061583519,4784,8506,0.22885870933532715
30.40036392,86.19972229,3.061131477,4577,8091,0.2209775447845459
30.39794922,86.40127563,3.061942101,4531,8106,0.2274768352508545
30.39957619,86.59893799,3.062097549,4435,8219,0.22680211067199707
30.39984512,86.79977417,3.062381744,4684,8045,0.22206783294677734
30.40054321,86.99855804,3.062694073,4555,7963,0.2230684757232666
30.40027618,87.20258331,3.061657906,4750,7863,0.2280426025390625
30.39661407,87.40116119,3.062403679,4894,8166,0.2347421646118164
30.39785576,87.60203552,3.061918259,5154,8221,0.2239992618560791
30.40325546,87.80020905,3.061427593,5491,8518,0.22339320182800293
30.40004539,88.00050354,3.06294775,6036,9064,0.22862887382507324
30.39928818,88.20055389,3.062630177,7054,9782,0.21930980682373047
30.40052986,88.39946747,3.062542439,8001,9764,0.22183489799499512
30.39955139,88.6022644,3.062229156,8252,10000,0.23136615753173828
30.40118217,88.80124664,3.061402321,8591,10504,0.2327289581298828
30.40140343,89.00183868,3.061842442,8621,10959,0.22772836685180664
30.60367584,84.0348053,3.061793327,10320,10245,0.22911953926086426
30.60313034,84.19604492,3.061731339,9079,10145,0.22634148597717285
30.59934044,84.39878845,3.063227177,8507,9846,0.22753405570983887
30.59584618,84.59737396,3.061975479,8266,10619,0.22951960563659668
30.59656715,84.79772949,3.062214851,8228,12152,0.22643232345581055
30.59849739,84.99703979,3.062063217,8329,14669,0.22906231880187988
30.60089302,85.19987488,3.062197685,8066,17360,0.22092509269714355
30.60033226,85.40011597,3.063084602,7508,14996,0.22412800788879395
30.59878731,85.60113525,3.061560154,6194,12480,0.22650766372680664
30.597435,85.8022995,3.062514782,5534,10171,0.2308356761932373
30.59764099,85.99796295,3.062709332,5044,9239,0.23237371444702148
30.60133362,86.19983673,3.061982155,4825,8800,0.2293415069580078
30.6006012,86.39776611,3.062169552,4715,8694,0.2286674976348877
30.6017704,86.60037231,3.061556816,4772,8510,0.22785520553588867
30.60095787,86.7986908,3.061373234,4684,8308,0.22413039207458496
30.60257721,87.00098419,3.062325478,4662,8307,0.22676539421081543
30.60169029,87.19850922,3.062035561,4799,8182,0.22610950469970703
30.59893799,87.39877319,3.062160015,4833,8226,0.22045588493347168
30.59860802,87.60066223,3.062735081,4939,8163,0.22614550590515137
30.59852219,87.79934692,3.061999798,5084,8123,0.23354840278625488
30.59983444,88.00114441,3.060925007,5327,8639,0.22874116897583008
30.59937477,88.19924164,3.061920643,5653,9061,0.23154807090759277
30.5992794,88.40170288,3.062576771,6496,9317,0.2256450653076172
30.60021591,88.59885406,3.062219143,7536,9788,0.22012948989868164
30.60034943,88.80132294,3.061738491,8100,9787,0.22594213485717773
30.59723473,89.00504303,3.06338501,8468,9938,0.22759580612182617
30.79978752,84.02214813,3.061316967,10065,9966,0.2353978157043457
30.7972908,84.19747925,3.062381268,9155,9462,0.22461771965026855
30.80247879,84.39555359,3.061543465,9562,11309,0.23015260696411133
30.80379677,84.59843445,3.062110901,9385,12048,0.2263021469116211
30.79991531,84.80057526,3.06271553,8294,12224,0.23686432838439941
30.79709816,85.00158691,3.061768055,8039,12480,0.2305607795715332
30.79876709,85.19730377,3.061776161,9072,15659,0.2261219024658203
30.79859352,85.39737701,3.062414646,9660,17373,0.22565484046936035
30.80207443,85.59779358,3.062653542,8508,16358,0.23139500617980957
30.8042717,85.80055237,3.061072826,6875,13109,0.22798609733581543
30.80095673,85.99821472,3.061929226,5656,11442,0.22310900688171387
30.79749107,86.19883728,3.063074112,5130,9808,0.225783109664917
30.80025101,86.39949036,3.061415195,4916,9381,0.22382211685180664
30.80166245,86.60040283,3.062551498,4865,8989,0.22626137733459473
30.79880333,86.79958344,3.061640739,4760,8693,0.22690224647521973
30.7988205,87.00097656,3.062108994,4625,8489,0.2285473346710205
30.79686546,87.20236969,3.063004971,4616,8180,0.2283775806427002
30.80001068,87.40208435,3.062120438,4574,8207,0.2241528034210205
30.80079079,87.59985352,3.060822487,4796,8149,0.22482872009277344
30.79680061,87.80184937,3.062860966,4764,7951,0.22294116020202637
30.80073738,88.0027771,3.06194973,4951,8202,0.22718572616577148
30.80381584,88.19937897,3.060565948,4968,8048,0.23199868202209473
30.80259514,88.40089417,3.061806202,5311,8556,0.22604131698608398
30.79910469,88.59977722,3.062057972,5745,8885,0.222259521484375
30.80002213,88.7999649,3.06180191,6535,9695,0.23100686073303223
30.79956245,89.00263214,3.062247276,7927,9895,0.221832275390625
30.9957428,84.04385376,3.063633919,9687,9635,0.229445219039917
31.0001297,84.19651794,3.062689304,11413,11357,0.2281191349029541
31.00140762,84.39712524,3.061980247,11019,12958,0.23296666145324707
30.99777794,84.59877014,3.06303072,10151,12918,0.22481298446655273
31.00205421,84.79795837,3.061797142,9548,12946,0.22447776794433594
31.00170135,84.99739838,3.062255383,8799,12699,0.22424983978271484
31.00104713,85.19827271,3.061769009,7802,12658,0.22829055786132812
30.99852371,85.39897156,3.062019825,8740,13321,0.2306835651397705
30.99940491,85.5989151,3.061198235,9096,14950,0.2232668399810791
31.00162888,85.79841614,3.062015057,8209,16577,0.22914361953735352
30.99753189,85.99964905,3.06103611,7282,14602,0.2213890552520752
30.99702644,86.20079041,3.061614037,6116,12182,0.22731494903564453
31.0013237,86.39972687,3.062466621,5575,10704,0.22637677192687988
31.00259972,86.59983826,3.062193394,5225,9603,0.22948956489562988
31.00007439,86.80030823,3.061423302,4810,9029,0.23331809043884277
30.99845123,87.00128937,3.062252998,4665,8738,0.22702693939208984
30.99956703,87.20013428,3.062567711,4746,8320,0.23511290550231934
30.99978447,87.4012146,3.06247139,4635,8335,0.2212238311767578
31.00110054,87.60009003,3.06235981,4523,8153,0.22699761390686035
31.00056458,87.80139923,3.0623312,4729,8221,0.22928881645202637
30.9968338,87.99926758,3.062204361,4772,8085,0.22720623016357422
30.99827003,88.2002182,3.061665535,4797,8112,0.22588562965393066
31.00221252,88.40274048,3.06137991,4847,8184,0.22870397567749023
31.00211716,88.59849548,3.061761856,5196,8196,0.22693276405334473
31.00244331,88.79959106,3.061843395,5397,8639,0.23053741455078125
30.99657822,89.00144196,3.061252594,6057,9184,0.2257556915283203
31.20121193,84.04463959,3.062262058,10222,10464,0.21999669075012207
31.20124626,84.19332886,3.061668396,11408,12905,0.22704339027404785
31.1970253,84.40097046,3.063174725,10833,14314,0.22385573387145996
31.19822502,84.59770203,3.061956406,10059,14217,0.2235395908355713
31.20025826,84.79698944,3.062541485,9566,14048,0.2399311065673828
31.19872856,85.00067139,3.061685085,9510,13270,0.23363709449768066
31.20085335,85.20043945,3.062598705,9685,13141,0.23046350479125977
31.20127296,85.39720154,3.0616436,8642,13291,0.22289276123046875
31.19781494,85.60127258,3.061378956,7877,12625,0.22772002220153809
31.19821358,85.79677582,3.06158638,8501,13778,0.22316384315490723
31.20124245,85.9993515,3.061469078,8374,15094,0.22347760200500488
31.19730759,86.20227051,3.062128067,8085,16949,0.22877097129821777
31.19870949,86.40067291,3.062647343,7512,14561,0.23086214065551758
31.1996479,86.59848022,3.062130451,6209,12979,0.22687864303588867
31.20212936,86.80252075,3.062024593,5449,10360,0.22946596145629883
31.20080376,87.00273132,3.061989784,4967,9431,0.2264237403869629
31.20033836,87.19995117,3.06243515,4963,8946,0.2295975685119629
31.20029831,87.40052032,3.062438011,4706,8697,0.22148609161376953
31.20074654,87.60181427,3.061599255,4772,8374,0.2182011604309082
31.20177078,87.8024292,3.060635567,4808,8331,0.23130583763122559
31.20116806,87.99873352,3.06212759,4775,8278,0.22919058799743652
31.20284462,88.20012665,3.062372684,4609,8230,0.22754383087158203
31.19851875,88.40119934,3.063950539,4805,8327,0.22585105895996094
31.19870377,88.60023499,3.061389923,4828,8179,0.22349929809570312
31.20075989,88.80149078,3.062958717,5132,8457,0.227219820022583
31.20001411,89.00286102,3.061895847,5362,8571,0.23363232612609863
31.3974247,84.02701569,3.063260078,11126,11653,0.22759175300598145
31.40107346,84.19592285,3.061205387,10240,12791,0.22290992736816406
31.40313148,84.39564514,3.062277317,10274,13570,0.22664427757263184
31.39970779,84.59576416,3.062403202,8970,13224,0.22845864295959473
31.40069389,84.79988861,3.062001228,9130,13700,0.22786283493041992
31.40065384,84.99784088,3.06167984,9193,14151,0.23166346549987793
31.39978981,85.19885254,3.063256264,9280,13729,0.22063851356506348
31.40313339,85.39801025,3.06210041,9162,13086,0.2322099208831787
31.39912605,85.59949493,3.063551426,8962,12912,0.22526168823242188
31.39990997,85.80111694,3.061549187,7684,12618,0.22895431518554688
31.40001297,85.9990387,3.062733173,7575,12548,0.22749090194702148
31.40264511,86.19936371,3.062763691,8851,14855,0.22154593467712402
31.4017334,86.40023041,3.062215328,8909,17207,0.22879552841186523
31.39938164,86.59944153,3.062056541,8418,17662,0.2284839153289795
31.39883232,86.79872131,3.061799049,7044,14121,0.23076486587524414
31.39893341,87.00105286,3.062217236,5721,11661,0.22429418563842773
31.40091705,87.20259094,3.061748028,5273,9904,0.2366628646850586
31.40118599,87.39974976,3.062531471,4846,9104,0.23095440864562988
31.40058327,87.59918976,3.061561584,4791,9063,0.2239377498626709
31.4004879,87.80163574,3.060693741,4708,8821,0.22337746620178223
31.39891243,88.0003891,3.061541557,4701,8535,0.24036359786987305
31.39978981,88.20048523,3.062281132,4808,8438,0.22796249389648438
31.40303612,88.400177,3.062314987,4715,8283,0.23198556900024414
31.40153885,88.60109711,3.062231064,4661,8386,0.22792339324951172
31.39635849,88.80280304,3.06235218,4971,8232,0.22267436981201172
31.39888,89.00114441,3.061900139,4999,8339,0.22664284706115723
31.60306549,84.02132416,3.063183308,11164,13177,0.22292590141296387
31.60209274,84.19419098,3.060231686,10622,13023,0.23311114311218262
31.59826851,84.39862061,3.0620327,10063,13419,0.22764253616333008
31.60005569,84.59923553,3.061214447,9678,13921,0.22006893157958984
31.6019001,84.79659271,3.060111523,9479,13530,0.22718191146850586
31.60097122,84.99887848,3.062828541,9229,13337,0.2256031036376953
31.59948158,85.19934082,3.060624599,8793,13072,0.22736787796020508
31.59654999,85.40242004,3.062273979,8523,12945,0.22684693336486816
31.59932137,85.60019684,3.062492371,8620,12334,0.23110747337341309
31.60112381,85.79999542,3.062097549,8687,12045,0.2348616123199463
31.60071182,86.00124359,3.062481403,8017,12112,0.23439550399780273
31.60001183,86.19828796,3.062544346,7641,12575,0.2293858528137207
31.59718323,86.39672852,3.06009388,8170,13638,0.22714805603027344
31.59951591,86.60002136,3.061175346,9421,15967,0.2247328758239746
31.60027504,86.80114746,3.061760426,8877,17605,0.22510457038879395
31.60072327,86.99906158,3.062031269,7229,14620,0.2273728847503662
31.59811592,87.20035553,3.061851501,5890,12012,0.22936677932739258
31.59715462,87.40118408,3.062280655,5157,10387,0.22558236122131348
31.59728813,87.59993744,3.062814713,4898,9182,0.2206718921661377
31.60042953,87.80236053,3.060593128,4875,9013,0.23134422302246094
31.60057831,88.00239563,3.062423229,4625,8511,0.2215290069580078
31.59708786,88.20144653,3.062814236,4603,8278,0.22340130805969238
31.59984779,88.40022278,3.060557842,4486,8156,0.22642254829406738
31.60147667,88.60124207,3.061924934,4551,8105,0.22461581230163574
31.60038567,88.80157471,3.062646866,4521,7878,0.22451186180114746
31.59934616,89.00248718,3.061281681,4575,8035,0.22608208656311035
31.79821777,84.03416443,3.063504696,10334,12845,0.2260138988494873
31.80325699,84.19683838,3.061488628,10139,12916,0.22585058212280273
31.80108643,84.39803314,3.061755657,9942,13206,0.2287585735321045
31.80047798,84.59868622,3.062226772,9547,12825,0.23369860649108887
31.80151176,84.79774475,3.061452866,9271,12783,0.2382047176361084
31.79953957,85.00082397,3.061458588,9011,12784,0.2236804962158203
31.79965401,85.19697571,3.061369419,9002,12904,0.2233433723449707
31.80075264,85.39571381,3.062326431,8599,12934,0.2245938777923584
31.80000114,85.5969696,3.061534882,8414,12495,0.22715520858764648
31.79865265,85.79975891,3.061635971,8824,12686,0.22295928001403809
31.80189705,86.0,3.062152863,8750,12630,0.23316454887390137
31.80234909,86.20212555,3.062133312,9055,13096,0.22931528091430664
31.80142784,86.39807892,3.062633514,8354,14024,0.22170448303222656
31.79998016,86.60002899,3.061797142,8382,13870,0.22683119773864746
31.7967968,86.8012085,3.061007023,8607,14864,0.22073721885681152
31.79876328,86.99836731,3.061170578,9232,15866,0.22870802879333496
31.80096626,87.20137787,3.062010765,8017,16090,0.22009038925170898
31.79977798,87.40103912,3.061877728,6990,13257,0.2254164218902588
31.80021667,87.60011292,3.062089443,5763,11869,0.23060965538024902
31.80167389,87.80017853,3.062349796,5335,10271,0.22611236572265625
31.80020714,88.00102997,3.061243534,5086,9549,0.2286357879638672
31.79757118,88.20330048,3.063011169,4848,8998,0.22666049003601074
31.7962513,88.40172577,3.061291218,4616,8460,0.22625446319580078
31.80064201,88.59945679,3.062663555,4554,8354,0.22432971000671387
31.80309105,88.8003006,3.062677383,4572,8107,0.23142623901367188
31.80144882,89.00048065,3.061913967,4507,8295,0.22691726684570312
32.00047302,84.02561951,3.061760902,10192,12943,0.22553372383117676
31.99922752,84.19580078,3.062404156,10035,13005,0.2203824520111084
31.99929047,84.40036774,3.062763691,10274,13342,0.22900676727294922
32.00370026,84.59534454,3.061751366,10003,12862,0.22161412239074707
31.99718857,84.79943848,3.063439369,9515,12575,0.22958135604858398
31.99856949,84.99950409,3.060678482,8949,12458,0.23000240325927734
31.99907303,85.19862366,3.061666965,8649,12513,0.23984456062316895
32.00075531,85.40049744,3.061709881,8506,12563,0.23035883903503418
31.99835014,85.59927368,3.063008308,8383,12577,0.2299962043762207
31.99899292,85.80064392,3.062423229,8534,13014,0.22906064987182617
31.99905968,86.00000763,3.062035084,8716,13389,0.22199368476867676
32.0026474,86.1965332,3.061283112,9230,13655,0.222609281539917
32.00205612,86.39971924,3.063428402,9142,12730,0.23291444778442383
32.00314331,86.60193634,3.062957764,8792,12766,0.22895097732543945
31.99975395,86.79982758,3.061902523,7824,12872,0.2253260612487793
31.99984932,86.99920654,3.060816765,8023,12951,0.22954630851745605
32.00052643,87.19983673,3.061751842,8780,13956,0.22731256484985352
32.00270462,87.39878082,3.061664104,7863,15604,0.22641873359680176
32.00052261,87.5998764,3.061637402,7590,16078,0.22388553619384766
31.99777794,87.79905701,3.062458992,6852,13555,0.23309659957885742
31.99553871,88.00052643,3.061712742,5896,12283,0.2242722511291504
32.00063324,88.19838715,3.06185627,5565,10343,0.22503900527954102
32.00221634,88.4021225,3.060753822,5028,9662,0.2241518497467041
32.00012207,88.60028839,3.062156677,4818,9100,0.22847938537597656
32.00068665,88.80039978,3.060628891,4681,8892,0.22445964813232422
31.9958992,89.00215912,3.061487198,4829,8704,0.2230982780456543
32.19971466,84.04605865,3.064465523,10075,12759,0.2221372127532959
32.20346069,84.19397736,3.061296463,9898,12911,0.23123455047607422
32.20233154,84.39496613,3.063028812,10260,13467,0.2230989933013916
32.19678879,84.59765625,3.061099529,10034,13252,0.22338461875915527
32.19976807,84.79949951,3.062147141,9439,12848,0.22791790962219238
32.19825745,84.99992371,3.06232214,9211,12710,0.2265625
32.20033646,85.19831848,3.060067654,9205,12795,0.22033023834228516
32.2025528,85.39859772,3.062678814,9164,12335,0.23100042343139648
32.20401382,85.59880829,3.062315464,8718,12477,0.2274608612060547
32.1978569,85.79862976,3.062325954,9081,13416,0.2217111587524414
32.19866562,85.99684143,3.061151028,9237,13802,0.2274174690246582
32.20314789,86.19901276,3.060693264,9422,14347,0.22170758247375488
32.20142746,86.40132141,3.062310219,9416,14040,0.2288036346435547
32.20135117,86.60029602,3.061653614,9490,13120,0.22763562202453613
32.19917679,86.79982758,3.061457634,9070,12591,0.22995781898498535
32.19985962,87.00037384,3.061036587,8545,12971,0.22602438926696777
32.19967651,87.19906616,3.061603069,7923,12912,0.22382402420043945
32.20088196,87.40059662,3.062553406,8177,13499,0.226149320602417
32.19629669,87.60137939,3.062510967,8861,15908,0.22675609588623047
32.19542694,87.8000412,3.062164307,8873,18303,0.22949433326721191
32.19943237,87.99918365,3.06232357,8322,17013,0.22774410247802734
32.20046616,88.20185852,3.062418461,6569,13940,0.23358964920043945
32.2037468,88.39994812,3.062765121,5685,11492,0.22290349006652832
32.20325089,88.59855652,3.061916351,5134,10021,0.22638583183288574
32.19956207,88.8006897,3.061491013,4973,9395,0.22648859024047852
32.19910431,89.00327301,3.062215805,4800,8949,0.22361254692077637
32.4021759,84.04014587,3.062822342,9300,10837,0.2239232063293457
32.40560532,84.19367218,3.062021255,9059,11866,0.22557854652404785
32.39874649,84.39664459,3.062151432,9581,12415,0.22724437713623047
32.39860916,84.59590149,3.061040401,9575,12619,0.22334861755371094
32.40329742,84.7977829,3.06210947,9340,12483,0.22675657272338867
32.39916992,84.99848938,3.061146259,8998,12372,0.23365426063537598
32.39595795,85.19734192,3.061653137,9045,12104,0.22321748733520508
32.4022522,85.39561462,3.06098032,9058,12266,0.22958827018737793
32.40061188,85.5982666,3.061592102,9770,13208,0.23603367805480957
32.40426636,85.80069733,3.062251568,10016,14288,0.23446989059448242
32.40013504,85.99932098,3.062121868,9497,14106,0.2236168384552002
32.39836121,86.19976807,3.061785698,9606,14404,0.22568607330322266
32.39797974,86.39638519,3.063117027,9484,14475,0.22392940521240234
32.40174103,86.59844971,3.061828613,9226,13437,0.2251889705657959
32.40265274,86.80178833,3.061254025,8831,13036,0.22485041618347168
32.40029907,86.99931335,3.061332226,8596,12091,0.22897648811340332
32.39919662,87.20072174,3.061597347,8431,12586,0.23270010948181152
32.39850616,87.40132141,3.062235832,8239,13643,0.23096466064453125
32.39797211,87.60108948,3.061627865,8537,13647,0.2320549488067627
32.40185928,87.80052185,3.061159611,9373,15602,0.22757411003112793
32.40278625,87.99770355,3.061626434,9984,17919,0.22238564491271973
32.39772034,88.20069885,3.061561108,8664,18844,0.22394633293151855
32.39682007,88.4020462,3.061640263,7419,15206,0.22727417945861816
32.39780426,88.60171509,3.0617733,5993,12831,0.2291264533996582
32.40111542,88.79776001,3.061105251,5618,10907,0.22118735313415527
32.39813614,89.00109863,3.062055111,4943,9810,0.23017573356628418
32.59921265,84.02040863,3.062644958,8792,10150,0.2307274341583252
32.599617,84.19589996,3.06315136,8529,10550,0.22175335884094238
32.600914,84.39640808,3.063227654,8838,11305,0.2222583293914795
32.60146713,84.59928131,3.061785698,9191,12431,0.22754287719726562
32.60017395,84.79689026,3.061814785,8915,12210,0.22717833518981934
32.60263824,84.99698639,3.061587334,9061,12348,0.22406482696533203
32.60243225,85.19947815,3.062112808,9331,12494,0.22253060340881348
32.59848404,85.39907837,3.063017845,9223,12367,0.2254650592803955
32.59736633,85.59989929,3.060905457,9246,13385,0.22730517387390137
32.59809875,85.79679871,3.062384605,10333,13926,0.227278470993042
32.60235596,86.00067139,3.061460972,9964,14152,0.22596287727355957
32.60125732,86.20172119,3.06264782,9731,13988,0.2360823154449463
32.60120392,86.39899445,3.06174612,9737,14323,0.2280864715576172
32.59639359,86.59802246,3.062265873,9517,13736,0.2265911102294922
32.59514618,86.79795837,3.062114716,8639,13065,0.22298622131347656
32.60153198,87.00045776,3.061953068,8363,12777,0.22438383102416992
32.60150909,87.20011902,3.062097073,8667,12857,0.2283153533935547
32.59911346,87.40003204,3.061316013,9599,13926,0.22531342506408691
32.59771729,87.60021973,3.061998844,9647,13966,0.23591279983520508
32.59667969,87.80322266,3.062861919,8783,14077,0.22732949256896973
32.60287476,88.0009079,3.060381889,9328,14998,0.22591447830200195
32.6020813,88.19735718,3.062946796,10362,16612,0.22916269302368164
32.60052109,88.40099335,3.061249733,9037,17070,0.22803187370300293
32.59810638,88.60149384,3.061368942,8292,16963,0.23256397247314453
32.59687805,88.80247498,3.062134266,6988,14267,0.22797250747680664
32.60519409,89.00238037,3.060619354,5880,12661,0.22692346572875977
32.79979324,84.01852417,3.063654423,8050,9317,0.2283027172088623
32.80208588,84.19596863,3.062484741,7905,9609,0.22731590270996094
32.79785156,84.39600372,3.062895298,8472,10451,0.22372055053710938
32.80089569,84.59786987,3.062372684,8798,10994,0.22623324394226074
32.8033371,84.79632568,3.062775612,8624,11517,0.22877073287963867
32.8048172,84.99601746,3.061805725,8648,12378,0.22791290283203125
32.80066681,85.19863129,3.061884403,8964,12399,0.22816681861877441
32.79776382,85.40022278,3.0612216,9338,12976,0.22348523139953613
32.79828644,85.5993576,3.063058853,9800,13814,0.22449731826782227
32.80168152,85.79786682,3.062307835,10534,14093,0.22380542755126953
32.80276489,85.99894714,3.062164307,9777,13600,0.22824978828430176
32.79603195,86.19822693,3.063202381,9417,13443,0.22667956352233887
32.79761505,86.39937592,3.062498569,9160,13161,0.22818779945373535
32.79787445,86.59963989,3.062072277,9111,13194,0.2330782413482666
32.80097198,86.79849243,3.061858654,8666,13160,0.2277390956878662
32.80202103,86.99993896,3.062898636,8244,12817,0.22265267372131348
32.79905701,87.20005798,3.061817646,8107,12909,0.22747230529785156
32.79827881,87.40002441,3.061933041,8702,13663,0.2248058319091797
32.80104065,87.59963226,3.062671661,9200,13168,0.2337779998779297
32.80097198,87.79962158,3.062446117,9655,13638,0.22382354736328125
32.80116653,88.00189972,3.061462402,9101,13700,0.22544336318969727
32.8020134,88.20079041,3.061201572,8370,13606,0.2211298942565918
32.79813385,88.40159607,3.062978745,8804,13689,0.2271735668182373
32.80183411,88.59970856,3.060801506,8883,15297,0.22615432739257812
32.8000412,88.79768372,3.060436249,8269,17311,0.2295372486114502
32.80278397,89.00107574,3.060967445,7686,16507,0.23365235328674316
32.998909,84.02149963,3.060467243,6977,8926,0.22708344459533691
33.00175476,84.19792175,3.063801289,7312,9397,0.23346424102783203
33.00347519,84.39666748,3.062417507,7544,9333,0.22432613372802734
33.00032043,84.59822083,3.061537743,8607,9709,0.225571870803833
32.99808884,84.79937744,3.061429501,8084,10425,0.22851920127868652
33.00033569,84.9980545,3.062632561,8368,10880,0.2212507724761963
33.00098419,85.1978302,3.06144762,8695,11990,0.23453211784362793
33.00234985,85.39918518,3.062057972,8839,12669,0.22580862045288086
32.99991608,85.59823608,3.06118536,9172,12946,0.22500061988830566
32.99982452,85.7987442,3.063037395,9310,13531,0.22912883758544922
32.99850845,86.00108337,3.062468052,9363,13195,0.22928953170776367
33.00476837,86.19926453,3.062629223,9337,13000,0.2306218147277832
33.00367737,86.39976501,3.061971188,8938,12891,0.22580718994140625
33.00102234,86.59942627,3.062098503,9254,12639,0.2258625030517578
32.99876404,86.79930878,3.062129974,8925,12674,0.22052884101867676
33.00320435,86.99836731,3.061937809,8312,12626,0.24263787269592285
33.00306702,87.19953156,3.061920643,8376,12844,0.22955083847045898
33.00204468,87.39881134,3.0617733,8662,13113,0.22568130493164062
33.00009155,87.59989166,3.062234402,8895,13297,0.21943116188049316
33.00060272,87.80042267,3.061027527,9267,13734,0.2181870937347412
33.00382996,87.99916077,3.060663223,9340,13363,0.22340106964111328
33.00180817,88.20068359,3.061778069,9800,13561,0.22797250747680664
33.00076675,88.39776611,3.061521053,8877,13653,0.23404169082641602
32.99958801,88.60240173,3.060997963,8179,13453,0.2244260311126709
32.99759293,88.80105591,3.062788486,8623,14208,0.22644710540771484
32.99962616,89.00139618,3.061597824,9084,16517,0.22234845161437988
33.20088959,84.04406738,3.06251955,5565,8342,0.22188758850097656
33.19965363,84.19593048,3.061189175,6268,8788,0.22745060920715332
33.19934845,84.39533997,3.061422348,7572,9283,0.2280893325805664
33.20194244,84.59832001,3.061623096,7818,9343,0.2268996238708496
33.20042801,84.79843903,3.061859131,8052,9381,0.22236871719360352
33.20252991,84.99708557,3.060736179,8532,9659,0.22536659240722656
33.1986618,85.19783783,3.061742306,8546,10455,0.22600483894348145
33.20248032,85.39859009,3.061394215,8702,11329,0.2248399257659912
33.20294189,85.59807587,3.062298298,8712,12111,0.22564029693603516
33.20074463,85.79940033,3.061323166,8810,12548,0.22527551651000977
33.19784164,85.99653625,3.060864449,8857,12804,0.22781682014465332
33.20079803,86.19858551,3.062943935,8852,12636,0.2268517017364502
33.20045471,86.39972687,3.062286854,8767,12235,0.23773479461669922
33.20158005,86.59772491,3.061168671,8922,12343,0.23260831832885742
33.20176315,86.79890442,3.060946465,9001,12513,0.22375106811523438
33.19895172,87.00004578,3.062724113,8730,12568,0.22927355766296387
33.19564819,87.20037842,3.062987804,8640,12770,0.22847700119018555
33.20040894,87.40103149,3.062222958,8907,13241,0.22869586944580078
33.20149231,87.6015625,3.061194897,9028,13305,0.23053860664367676
33.20380402,87.80091858,3.060814381,9028,13826,0.21905207633972168
33.19973755,88.00036621,3.061966896,9221,14582,0.22704744338989258
33.19768143,88.19942474,3.060603619,9770,14683,0.2296297550201416
33.19839096,88.40161133,3.06244278,9438,13428,0.22653627395629883
33.20269775,88.60109711,3.061631203,9523,13748,0.22643327713012695
33.20023346,88.80062866,3.062425613,8500,13338,0.23261117935180664
33.20183182,88.99998474,3.060938358,8323,13561,0.21853947639465332
33.40041351,84.03339386,3.061859131,4935,7725,0.23784637451171875
33.4005661,84.19752502,3.062071323,5470,7942,0.22289180755615234
33.39981842,84.39655304,3.064216614,5777,8460,0.2233891487121582
33.39812851,84.59523773,3.061842918,6589,9229,0.22550725936889648
33.39958954,84.7964859,3.061058044,7203,9599,0.22449707984924316
33.40021896,84.99928284,3.061592102,7587,9338,0.23212361335754395
33.3993988,85.19932556,3.062528133,8232,9554,0.2265019416809082
33.3990593,85.39962769,3.060357094,8553,9919,0.22298645973205566
33.39727783,85.59939575,3.061452389,8619,10931,0.2267436981201172
33.40120697,85.79986572,3.062502384,8585,11229,0.22467541694641113
33.40448761,85.99858093,3.0617733,8880,12339,0.22913098335266113
33.40002441,86.20024872,3.061276913,8519,11961,0.22422337532043457
33.39903641,86.40071106,3.062736511,8437,12030,0.22820043563842773
33.39969635,86.59979248,3.061775208,8368,12137,0.2270526885986328
33.40066147,86.80132294,3.062698841,8090,11704,0.22717523574829102
33.40129852,86.99886322,3.061444283,8459,12060,0.22022175788879395
33.39930725,87.19955444,3.06186533,8513,12224,0.22719240188598633
33.39912415,87.40332031,3.062036037,8918,12784,0.2289745807647705
33.39873505,87.60422516,3.062281609,8831,12930,0.2289295196533203
33.40003967,87.80301666,3.062141895,8833,13452,0.23488879203796387
33.39876938,88.00004578,3.062300682,8972,13546,0.22338247299194336
33.40333557,88.19897461,3.062188148,8907,13546,0.2261817455291748
33.39929199,88.40049744,3.061475277,9245,13692,0.22681474685668945
33.39906693,88.60195923,3.061874866,9405,13196,0.22380375862121582
33.39935303,88.80158234,3.063136101,9634,13538,0.22830963134765625
33.39868927,89.00119019,3.060956955,9110,13456,0.22790026664733887
33.59894562,84.01792145,3.062968731,4769,7663,0.23096656799316406
33.59794617,84.19589996,3.062224865,4662,7848,0.23889827728271484
33.59889221,84.3986969,3.062572479,4999,7845,0.23275470733642578
33.59673309,84.60057068,3.062270164,5326,8235,0.22804951667785645
33.60088348,84.79817963,3.06064415,5817,8847,0.22974705696105957
33.60109329,84.9989624,3.06220293,7049,9547,0.23071050643920898
33.60229874,85.19837189,3.0620718,8471,9978,0.22579669952392578
33.59711838,85.40008545,3.062156677,8243,9665,0.22895216941833496
33.5997467,85.59745026,3.061083317,8303,9855,0.2218005657196045
33.60157013,85.79957581,3.061644077,8296,10357,0.2245941162109375
33.60385132,85.99903107,3.061703205,8242,10801,0.2357773780822754
33.60319519,86.19997406,3.062629223,8221,11644,0.2224109172821045
33.60003662,86.39935303,3.061972141,8429,12023,0.2325916290283203
33.5990448,86.59954834,3.062465668,8338,11802,0.2240457534790039
33.60015869,86.79972839,3.061799049,7809,11660,0.22243309020996094
33.60182953,87.00203705,3.061442852,8195,11675,0.2286665439605713
33.60001373,87.20072937,3.061608315,8316,12009,0.22664666175842285
33.60178757,87.39911652,3.061666012,8857,12556,0.22999954223632812
33.59906769,87.60017395,3.062442303,9083,12904,0.2287304401397705
33.602211,87.80088806,3.061128616,9438,13598,0.23259782791137695
33.60116196,88.0016861,3.06307745,9477,14294,0.23070788383483887
33.60353088,88.20162201,3.061101913,9581,14249,0.22562098503112793
33.59913635,88.40174103,3.061757088,9305,14232,0.22480392456054688
33.59642029,88.59931946,3.063153267,9234,14267,0.22340965270996094
33.60163879,88.80014038,3.06153059,9706,14567,0.2266066074371338
33.59953308,89.00180054,3.063271999,9729,13910,0.22646570205688477
33.79775238,84.03894043,3.062219143,4644,7893,0.2227323055267334
33.80055237,84.19606018,3.061564922,4671,7805,0.22719359397888184
33.79992294,84.39712524,3.062436104,4707,8046,0.2227644920349121
33.80087662,84.59967804,3.062119007,4998,7946,0.2242286205291748
33.80064392,84.79911041,3.06094408,5121,8316,0.22617053985595703
33.79841232,84.99958038,3.062562466,5594,8576,0.23749470710754395
33.80028152,85.19863892,3.060688019,6548,9229,0.22990822792053223
33.80077362,85.39758301,3.061457634,7343,9608,0.22119522094726562
33.80084229,85.5991745,3.061637878,8169,9450,0.23352837562561035
33.80065536,85.79805756,3.062812328,7974,9105,0.22703766822814941
33.79910278,85.9986496,3.061609745,7752,9752,0.22837233543395996
33.79596329,86.20134735,3.063195229,8118,10193,0.22321414947509766
33.80270386,86.39997864,3.062904358,7997,10694,0.22691798210144043
33.80340576,86.59899902,3.061602592,8056,11318,0.22010326385498047
33.8000679,86.79827118,3.061869621,7852,11017,0.21906232833862305
33.79777145,86.99912262,3.062157154,7847,11457,0.22426295280456543
33.7974205,87.20169067,3.0623312,8296,11826,0.22818231582641602
33.79816437,87.40074158,3.06151104,8847,12248,0.23140883445739746
33.79794312,87.59962463,3.062066555,9098,12938,0.2264842987060547
33.80117798,87.79956818,3.061775684,9591,13177,0.2292490005493164
33.80179214,88.00021362,3.062497616,9427,13582,0.227583646774292
33.80155945,88.20065308,3.061397076,9413,13561,0.22725582122802734
33.79656219,88.40103149,3.063381195,9286,13729,0.22324156761169434
33.80024719,88.59720612,3.060789108,9328,13839,0.22807955741882324
33.80213547,88.80076599,3.061458588,9285,14108,0.22176456451416016
33.80020142,89.00404358,3.063256741,9344,14274,0.2224287986755371
34.00242615,84.02986908,3.060590267,4433,7753,0.22755050659179688
34.00145721,84.19380188,3.061372757,4480,8011,0.22435832023620605
33.9998703,84.39645386,3.062392235,4556,7955,0.22489190101623535
34.00289917,84.59923553,3.062186241,4720,7728,0.22670674324035645
33.99702835,84.79734802,3.062524796,4612,7805,0.22549080848693848
33.99635696,84.9980545,3.060998917,4881,7913,0.22157883644104004
34.00270081,85.19686127,3.063203812,5263,8232,0.2276911735534668
34.00149155,85.39683533,3.06164217,5604,8483,0.22800779342651367
34.00302887,85.59809113,3.06356287,6263,8651,0.23175048828125
34.00063705,85.79985046,3.062012672,6882,8904,0.22890377044677734
33.99663925,86.00071716,3.062466145,7142,8951,0.2257523536682129
33.9992981,86.19916534,3.062417984,7896,9387,0.23470807075500488
34.001297,86.39967346,3.062012196,7816,9770,0.2228858470916748
34.00315475,86.60110474,3.062443733,8064,10328,0.22702884674072266
34.00004578,86.79755402,3.061431885,8131,10927,0.2270803451538086
33.99877167,87.00164032,3.061183453,8440,11291,0.22219467163085938
34.0010376,87.20005035,3.060818672,8726,11975,0.2335066795349121
34.00125504,87.40092468,3.061869621,8806,12531,0.22721338272094727
34.00161743,87.59946442,3.062534809,9267,12562,0.22879266738891602
34.00304413,87.80292511,3.061933994,9365,12789,0.22683334350585938
33.9990921,88.00126648,3.062211514,9217,12725,0.23195266723632812
34.00238037,88.1989975,3.060780048,9344,12945,0.22588729858398438
34.00212097,88.40086365,3.061687946,9564,13458,0.22562170028686523
34.00177765,88.60037231,3.061867237,9233,13652,0.22623515129089355
34.00035858,88.80011749,3.062170506,9298,13920,0.22347021102905273
33.99933624,89.00144196,3.062887192,9222,14110,0.22813677787780762
34.20452118,84.021698,3.060764313,4519,8168,0.22261333465576172
34.20019531,84.19397736,3.063241959,4459,7880,0.2251901626586914
34.19998169,84.3972702,3.061367512,4498,7832,0.22586989402770996
34.19640732,84.59629822,3.061766624,4496,7965,0.22230267524719238
34.19926834,84.79788208,3.062040329,4511,7719,0.23299336433410645
34.19818115,84.99888611,3.06214571,4634,7818,0.22640490531921387
34.20055008,85.19718933,3.061485291,4749,7712,0.2377331256866455
34.20080948,85.40116119,3.062448978,4967,7985,0.23008370399475098
34.19389725,85.60092163,3.061719418,5266,8217,0.22197580337524414
34.19798279,85.79904938,3.061678886,5454,8511,0.2298433780670166
34.20166397,85.99957275,3.061567307,6221,9024,0.2238008975982666
34.20292664,86.19987488,3.061773777,7252,9055,0.22239303588867188
34.19820404,86.39781952,3.062380791,7494,9341,0.22615265846252441
34.19939423,86.6007309,3.061617374,7810,9663,0.22804522514343262
34.19999313,86.80134583,3.06237793,8016,10011,0.2216629981994629
34.19983673,86.99790192,3.062966347,8082,10272,0.22568607330322266
34.19808197,87.20013428,3.061719418,8678,11974,0.22642183303833008
34.19941711,87.39996338,3.062349319,9210,12737,0.23464417457580566
34.20190811,87.60096741,3.062179565,9392,12878,0.22797465324401855
34.2021904,87.79986572,3.062246799,9549,13424,0.22748851776123047
34.19632721,88.00004578,3.061211586,9586,13292,0.2318134307861328
34.19681168,88.20067596,3.061450481,9436,13095,0.22954130172729492
34.20196533,88.40102386,3.061706543,9702,13770,0.22289562225341797
34.20174026,88.60307312,3.062656879,9785,13270,0.22603964805603027
34.19655991,88.80117035,3.062170029,9115,13673,0.22921085357666016
34.19665527,89.00160217,3.06221962,9357,13989,0.22745013236999512
34.40167618,84.01833344,3.061861515,4633,8281,0.2262120246887207
34.40361786,84.19403076,3.061440468,4414,8123,0.22555303573608398
34.40222931,84.39790344,3.061794281,4563,8097,0.23510384559631348
34.40362549,84.599617,3.061322212,4412,7968,0.22929787635803223
34.4001236,84.79875946,3.06158638,4583,7875,0.22349882125854492
34.39849091,85.00073242,3.062783718,4596,7765,0.22652268409729004
34.40183258,85.19728088,3.061497211,4601,7939,0.22255182266235352
34.40085602,85.39955902,3.062189102,4559,7804,0.22832679748535156
34.40044403,85.59806061,3.062489986,4746,7865,0.22866606712341309
34.39691925,85.7983017,3.062542915,5075,7895,0.22939419746398926
34.39894867,85.99695587,3.062684536,5354,8286,0.22523188591003418
34.40248108,86.19834137,3.061440468,5951,8613,0.22814106941223145
34.40294647,86.40142822,3.061498642,6872,9095,0.24194836616516113
34.4024353,86.60116577,3.061019897,7308,9005,0.23293399810791016
34.40006256,86.80200195,3.061977863,7236,9183,0.22904586791992188
34.39833832,87.00226593,3.06320715,7913,9631,0.2331981658935547
34.40102005,87.19883728,3.061211109,8543,11186,0.22316431999206543
34.4024353,87.39877319,3.061306477,8691,11435,0.22748327255249023
34.40068817,87.60158539,3.061989784,9253,12776,0.23731327056884766
34.3999939,87.80217743,3.061663628,9258,12791,0.2289445400238037
34.39700317,87.99978638,3.062280178,9145,12743,0.22030425071716309
34.39871979,88.20090485,3.061074257,9017,12907,0.23027706146240234
34.39948273,88.39977264,3.062256813,9249,13262,0.22523069381713867
34.40070724,88.5998764,3.061776161,9515,13053,0.22994136810302734
34.39897156,88.80249786,3.061375141,9436,13233,0.22936058044433594
34.39837646,89.00256348,3.061313152,9468,13621,0.2214813232421875
34.59674835,84.02677155,3.062744617,4733,8847,0.22756361961364746
34.60152435,84.19346619,3.06209898,4697,8389,0.22063803672790527
34.60363007,84.39903259,3.061668396,4659,8635,0.22847390174865723
34.60150146,84.59890747,3.060926437,4507,8104,0.2254352569580078
34.59749603,84.79963684,3.062317848,4521,8313,0.22141003608703613
34.60192871,84.99737549,3.061990738,4630,7923,0.2267167568206787
34.60388947,85.19657898,3.061357975,4546,7889,0.22593021392822266
34.60329437,85.39646149,3.062467575,4593,7929,0.2278447151184082
34.59869766,85.59901428,3.062016964,4678,7689,0.22344398498535156
34.59767151,85.79898834,3.062262535,4634,7671,0.22432184219360352
34.60150909,85.99704742,3.061203003,4886,8005,0.23097825050354004
34.60311508,86.19989014,3.062427998,5066,8196,0.22787070274353027
34.60070801,86.40161133,3.061672211,5290,8262,0.23229193687438965
34.59718704,86.59868622,3.06323576,5900,8856,0.2243328094482422
34.59597015,86.79930878,3.062176704,7149,9499,0.22686457633972168
34.60173035,86.99938202,3.062316895,7985,9513,0.2243649959564209
34.60112381,87.19730377,3.061702728,8114,9597,0.22525882720947266
34.59867859,87.39776611,3.061851978,8524,10463,0.222794771194458
34.59922409,87.60179901,3.061105251,8859,11477,0.22663116455078125
34.60029221,87.80032349,3.061658382,8943,11878,0.2280733585357666
34.59725571,88.0009079,3.063034534,9519,12856,0.22168874740600586
34.59453583,88.20211792,3.062372684,9318,12913,0.22458910942077637
34.59925079,88.40129852,3.062304974,9526,13136,0.22669744491577148
34.6003952,88.60069275,3.061347961,9677,13304,0.226365327835083
34.60224915,88.79957581,3.060647011,9956,13446,0.22595739364624023
34.59970856,89.00302124,3.061583042,9708,13435,0.23042702674865723
34.79836273,84.04175568,3.062981129,5619,11002,0.22374296188354492
34.79904175,84.19642639,3.063096523,5123,10001,0.22711920738220215
34.80354309,84.39634705,3.061283112,4932,9292,0.22746825218200684
34.80031586,84.60041046,3.062963963,4781,8889,0.2212510108947754
34.79673386,84.80036163,3.061412811,4687,8416,0.23672819137573242
34.79787445,84.99949646,3.061703682,4617,8114,0.23604202270507812
34.80014038,85.19961548,3.062812805,4307,7991,0.22863101959228516
34.80195618,85.38917542,3.063276291,4525,7866,0.22727560997009277
34.80161285,85.60568237,3.06164217,4545,7846,0.22734308242797852
34.80027008,85.79922485,3.061030388,4532,7836,0.22835445404052734
34.79973221,85.99842834,3.061922073,4552,7605,0.225616455078125
34.80146027,86.20233154,3.06176281,4562,7782,0.22310805320739746
34.80106354,86.40058136,3.061207771,5041,7757,0.2307276725769043
34.80149078,86.59908295,3.062318802,5153,8261,0.2299790382385254
34.79788589,86.79801941,3.062224865,5775,8581,0.2301466464996338
34.80185699,87.00244904,3.063531876,6954,8994,0.2263338565826416
34.80079651,87.20009613,3.061306953,7888,9180,0.22788786888122559
34.80245209,87.39872742,3.062337399,7689,9463,0.22103571891784668
34.80139923,87.59944916,3.061802864,8148,9910,0.22644352912902832
34.80184174,87.79919434,3.061194897,8657,10498,0.22997593879699707
34.79790497,88.00280762,3.062129498,8967,11090,0.2282557487487793
34.80066299,88.19957733,3.062057495,9242,12398,0.22586393356323242
34.79972839,88.4019165,3.062676907,9330,12609,0.22520828247070312
34.79714966,88.6042099,3.061732292,9261,13038,0.22748613357543945
34.79707336,88.80200195,3.062140942,9549,13372,0.22154736518859863
34.80141449,89.00066376,3.061577797,9499,13141,0.23052597045898438
35.00384903,84.01650238,3.061502934,7064,14524,0.24210906028747559
35.00736237,84.19686127,3.061125278,6329,12439,0.22809982299804688
35.00488663,84.39761353,3.062599182,5424,11082,0.22663617134094238
35.00023651,84.59831238,3.062726498,5093,9704,0.22848010063171387
34.99909973,84.79802704,3.062898159,4921,8943,0.23160362243652344
34.9997406,84.998703,3.061429024,4617,8515,0.22637128829956055
35.00004196,85.19903564,3.061956882,4396,8106,0.22534990310668945
35.00050354,85.39949036,3.061633587,4441,7808,0.22610807418823242
34.99892426,85.59955597,3.060173512,4396,7667,0.2289426326751709
35.00017166,85.79864502,3.06272316,4396,7684,0.22873663902282715
35.00170517,85.99893188,3.061118603,4383,7648,0.22702980041503906
35.00283813,86.19833374,3.062240124,4406,7539,0.22750329971313477
34.99947739,86.39743042,3.061471462,4468,7714,0.23135876655578613
34.99932861,86.59903717,3.061404228,4657,7565,0.22587347030639648
35.00181198,86.79769897,3.060995102,4843,7809,0.22499585151672363
35.00379181,87.00001526,3.063315868,5293,8030,0.2216634750366211
34.99468994,87.20030212,3.061928749,5790,8692,0.22522306442260742
34.99971008,87.39724731,3.061630249,7001,9079,0.22594308853149414
34.99851227,87.60067749,3.06207037,7666,9290,0.22736811637878418
35.003479,87.79862976,3.061157227,7906,9570,0.22505664825439453
34.99913788,88.00190735,3.063027382,8097,10087,0.22484469413757324
34.99807358,88.20119476,3.062310219,8470,11101,0.22252464294433594
35.00174713,88.39977264,3.061653614,8810,11525,0.22439050674438477
35.001194,88.59992981,3.062549591,9163,12524,0.22732162475585938
35.00428772,88.8004837,3.061096191,9368,12627,0.22602415084838867
34.99917603,89.00314331,3.062440395,9427,13085,0.2296161651611328
