29.99840546,83.99929047,3.061668396,4552,7576,0.23113679885864258
30.0003624,84.19842529,3.062393665,4671,7640,0.22842955589294434
30.00161362,84.39839935,3.063042164,4701,7741,0.23147344589233398
29.99885559,84.60071564,3.062613487,4662,7867,0.23229384422302246
29.99884033,84.79986572,3.061481476,4709,7770,0.22434186935424805
29.99913025,84.99720001,3.062364101,4424,8002,0.23162126541137695
30.00226974,85.19694519,3.063107491,4579,7878,0.23430538177490234
30.0001049,85.40052795,3.061503887,4470,7912,0.22671008110046387
30.00031471,85.59975433,3.061770916,4525,7870,0.2404937744140625
30.00083542,85.80101013,3.061933041,4514,7914,0.23229765892028809
29.99781036,85.99940491,3.06128788,4545,7920,0.22474956512451172
29.99887466,86.20161438,3.062555313,4509,8103,0.23529720306396484
29.99868393,86.40162659,3.062289238,4518,8012,0.2314739227294922
30.00055504,86.59984589,3.062163353,4677,7791,0.22792887687683105
29.99986839,86.79880524,3.062757492,4700,7931,0.22794866561889648
30.00028419,86.99944305,3.060898304,4769,7841,0.22835111618041992
30.00260544,87.2008667,3.061432838,4963,8073,0.22640633583068848
29.9992733,87.40285492,3.062656403,5381,8411,0.22294020652770996
29.99638557,87.59960175,3.062726498,6115,8718,0.23240232467651367
29.99790001,87.79904938,3.061222076,7492,9423,0.23070406913757324
30.00279808,87.99901581,3.063548565,8855,10060,0.24126005172729492
30.00208282,88.20097351,3.062496185,8370,9884,0.2286367416381836
30.00045776,88.40235901,3.062541485,7927,9685,0.22943973541259766
30.00123215,88.60240173,3.060790539,7415,10059,0.23074722290039062
29.99984932,88.80013275,3.061547756,7910,10838,0.2224562168121338
30.00247765,88.99855042,3.0616045,8414,11513,0.23681879043579102
30.20199966,84.01615906,3.063398838,4644,7575,0.22968387603759766
30.20055199,84.19564056,3.062024593,5017,7959,0.2270221710205078
30.19832802,84.39670563,3.06190443,5069,8129,0.21988487243652344
30.19927406,84.59804535,3.062925339,5065,8122,0.22899842262268066
30.20133972,84.79942322,3.062171936,5055,8172,0.22521281242370605
30.20103836,84.9989624,3.062435627,4700,7945,0.22562432289123535
30.19843483,85.19703674,3.061090946,4543,8044,0.22774529457092285
30.19634819,85.39881134,3.062417984,4693,8040,0.23017358779907227
30.20085335,85.59831238,3.060592651,4454,7969,0.2265338897705078
30.19952393,85.7978363,3.06237793,4403,7893,0.22475743293762207
30.19810677,85.99769592,3.060458183,4472,7704,0.2311115264892578
30.19840622,86.19979095,3.061798096,4447,7833,0.22652697563171387
30.20063019,86.39894104,3.060815811,4491,7822,0.2254469394683838
30.19776726,86.6000824,3.062762737,4273,7816,0.2246229648590088
30.19787788,86.79936218,3.061987877,4430,7779,0.2243800163269043
30.20066643,86.99903107,3.06140995,4489,7455,0.22275114059448242
30.20028305,87.19970703,3.062477112,4562,7776,0.23102712631225586
30.20035934,87.40268707,3.06268692,4636,7737,0.23196840286254883
30.20088768,87.60079193,3.061656475,4982,7910,0.23913836479187012
30.19956779,87.80083466,3.061758995,5271,8114,0.22613215446472168
30.19600105,87.99886322,3.062120438,5983,8716,0.22649693489074707
30.20053482,88.20062256,3.06193924,7768,10069,0.2276287078857422
30.20339966,88.40262604,3.06257534,9062,9670,0.22733259201049805
30.19943237,88.60069275,3.063548565,7575,9503,0.22702646255493164
30.19821358,88.79875183,3.061900139,7458,9827,0.22921180725097656
30.20106697,88.99824524,3.061691284,7444,9919,0.22720980644226074
30.40036774,84.02661133,3.061885834,5225,7795,0.22666168212890625
30.39858246,84.19675446,3.062506199,5896,8785,0.22113823890686035
30.39657211,84.39746094,3.061933994,6339,9111,0.22495555877685547
30.39698029,84.59622192,3.061427116,6333,9468,0.23558545112609863
30.40155602,84.7948761,3.061761379,5931,9119,0.22400355339050293
30.40224457,85.00027466,3.063239098,5260,8709,0.22628426551818848
30.40054703,85.19855499,3.061533928,4819,8681,0.22025012969970703
30.39648247,85.39990997,3.062813282,4810,8388,0.22699379920959473
30.39650536,85.59938049,3.062310219,4683,8154,0.22702240943908691
30.40284538,85.79885101,3.061357498,4464,8190,0.22749114036560059
30.40065765,85.99728394,3.061748981,4482,7949,0.22924375534057617
30.39965439,86.20088959,3.061775684,4432,7856,0.21965789794921875
30.39904594,86.39871216,3.06242466,4433,7875,0.23020625114440918
30.39831352,86.60037231,3.063282013,4435,7838,0.230393648147583
30.40007591,86.80241394,3.062446594,4384,7580,0.22987151145935059
30.39952087,87.00068665,3.061231136,4352,7705,0.22712111473083496
30.40052414,87.20063019,3.061017513,4416,7641,0.22903990745544434
30.39725494,87.39927673,3.060747623,4390,7639,0.226182222366333
30.39981079,87.60070801,3.062543869,4652,7918,0.2282407283782959
30.40007401,87.80010986,3.061380386,4745,7932,0.22896170616149902
30.39922333,88.00026703,3.062537193,5233,8212,0.2250981330871582
30.39843941,88.19848633,3.061246395,5551,8563,0.22783470153808594
30.40125847,88.40169525,3.062994957,6734,9189,0.22354698181152344
30.40211105,88.60070801,3.063445568,8679,9880,0.22391223907470703
30.40118027,88.80097961,3.06230545,8382,9932,0.22650480270385742
30.39941788,89.00169373,3.062605858,8100,10065,0.22739219665527344
30.59980011,84.03271484,3.061883926,6938,9241,0.22308826446533203
30.60107422,84.1942215,3.061115742,9950,12238,0.2219221591949463
30.59785461,84.39750671,3.061721325,10340,12323,0.2264857292175293
30.5995388,84.59746552,3.062074661,10441,15156,0.22928810119628906
30.60081863,84.79658508,3.062124729,8104,14412,0.22107863426208496
30.60003853,84.99732971,3.061974525,7138,12059,0.2234334945678711
30.59941292,85.1990509,3.060740471,5934,10080,0.22602009773254395
30.59821129,85.39845276,3.061749458,5405,9160,0.23001599311828613
30.60165977,85.59851074,3.061809063,5001,8882,0.22616958618164062
30.59988022,85.79720306,3.062385082,4600,8464,0.22840642929077148
30.60046959,86.00102234,3.062140465,4736,8499,0.22594666481018066
30.59877968,86.20088196,3.062203407,4467,8387,0.22418498992919922
30.60130119,86.39880371,3.061946869,4581,8257,0.23255062103271484
30.60077858,86.59992981,3.06202507,4431,8259,0.22557473182678223
30.59750748,86.80187225,3.061823368,4563,8309,0.2246251106262207
30.60093307,87.00066376,3.060162067,4627,8070,0.2273850440979004
30.59847069,87.19815063,3.061470985,4507,7892,0.22193098068237305
30.60084534,87.40129852,3.061342716,4558,7923,0.22731375694274902
30.60459137,87.60105896,3.061797142,4493,7784,0.22881698608398438
30.60131454,87.80067444,3.060837746,4679,7952,0.22782111167907715
30.59521484,88.00031281,3.062765598,4779,7928,0.22713899612426758
30.59584427,88.19883728,3.062036037,5126,8344,0.21982836723327637
30.60247612,88.39984131,3.062612534,5334,8375,0.22823810577392578
30.60150146,88.60299683,3.062216282,5952,8996,0.22400689125061035
30.59731674,88.80091095,3.060345173,7242,9549,0.23837614059448242
30.59861565,89.00231934,3.062377453,9185,10178,0.23112893104553223
30.79974747,84.03304291,3.063071251,10500,10202,0.22426605224609375
30.80101967,84.19230652,3.061444759,20273,19807,0.22138190269470215
30.80011368,84.39909363,3.062161922,24817,25944,0.2288835048675537
30.79760742,84.59909058,3.061543465,19088,24841,0.22057819366455078
30.79962158,84.79611206,3.06187582,18566,27949,0.22678303718566895
30.80198669,84.99862671,3.062469482,13365,21109,0.2266225814819336
30.79982567,85.1995697,3.06229496,8725,17694,0.226546049118042
30.79733658,85.3998642,3.062560081,6951,12038,0.22213125228881836
30.79926491,85.59680176,3.06076479,5934,10212,0.22402310371398926
30.80163383,85.79776001,3.062893391,5123,9191,0.22642254829406738
30.79999733,85.99746704,3.06276083,4771,8970,0.22341704368591309
30.79738045,86.20183563,3.062928677,4754,8606,0.23012042045593262
30.79911423,86.40184021,3.061652184,4682,8366,0.2304847240447998
30.79956627,86.60029602,3.062747002,4572,8221,0.22622418403625488
30.80145454,86.79903412,3.062670231,4518,8236,0.2303018569946289
30.79883194,86.99952698,3.062298298,4426,8306,0.22827649116516113
30.79970551,87.20165253,3.060941696,4413,8066,0.2253131866455078
30.80013657,87.400383,3.062040806,4532,8077,0.2283344268798828
30.7986927,87.60186768,3.062269211,4563,7901,0.22911906242370605
30.8010273,87.80063629,3.062120438,4506,8099,0.22499394416809082
30.79996681,88.00000763,3.062530994,4515,8029,0.22098970413208008
30.79820633,88.20189667,3.062725067,4680,8003,0.23117804527282715
30.80254555,88.40026855,3.061926842,4964,8253,0.22748708724975586
30.80379486,88.60326385,3.062017441,5229,8525,0.2274935245513916
30.80137634,88.80018616,3.061489582,5616,8757,0.22635245323181152
30.79627609,89.00191498,3.062023163,6387,9331,0.22086715698242188
31.00151443,84.04490662,3.063169956,16465,12739,0.2283797264099121
31.00128365,84.19705963,3.062949181,22738,19461,0.22293567657470703
31.00290298,84.39597321,3.061263561,15746,18511,0.2274942398071289
30.99970627,84.59828186,3.062383175,13012,19874,0.22028326988220215
30.99744987,84.79940796,3.061341763,11760,17715,0.22605514526367188
31.0015316,85.00028992,3.06156826,13014,20631,0.2271573543548584
30.99887657,85.1993866,3.062458515,16719,27659,0.22666049003601074
30.99795151,85.39949799,3.060965538,12090,20422,0.22024750709533691
31.00014114,85.59950256,3.060815811,8048,15142,0.2268505096435547
31.00204849,85.80072021,3.061578274,6561,11151,0.22662734985351562
31.00080681,85.99703979,3.060807705,5522,9529,0.22308683395385742
30.9999752,86.20054626,3.061820507,5150,9181,0.22953557968139648
31.00164604,86.4006424,3.061841965,4922,8637,0.22431588172912598
31.00141144,86.6011734,3.062544346,4820,8560,0.2242569923400879
30.99683952,86.79838562,3.060750961,4581,8495,0.2252976894378662
31.00027084,86.99963379,3.061510086,4593,8372,0.22949576377868652
31.00028038,87.20105743,3.062458992,4485,8209,0.22776198387145996
31.00084496,87.39894104,3.06223011,4463,8057,0.222825288772583
31.00011444,87.59854889,3.062302113,4504,8067,0.22855520248413086
30.99838066,87.7999115,3.061979294,4591,8113,0.2223496437072754
30.99912643,87.99892426,3.061918259,4539,7902,0.22559785842895508
31.00255203,88.20001221,3.062561035,4407,7942,0.22434616088867188
30.99982262,88.40171814,3.062248707,4656,7959,0.22665095329284668
30.99541855,88.6007843,3.061539173,4666,7873,0.22310590744018555
31.00175858,88.80065918,3.062822819,4856,8049,0.22612929344177246
31.00263405,89.00174713,3.062044621,5294,8312,0.22296547889709473
31.20193291,84.02722931,3.061778545,22651,16755,0.22767853736877441
31.19906998,84.19538879,3.062310219,15327,15469,0.22200345993041992
31.20076942,84.39794922,3.061161518,11797,15028,0.2268071174621582
31.20142174,84.59620667,3.06132555,10436,15722,0.22430944442749023
31.19730949,84.79748535,3.062424183,10258,14623,0.2266101837158203
31.20191002,84.99746704,3.060940742,10925,17543,0.23684954643249512
31.20125389,85.1975174,3.062315941,11369,16442,0.2316889762878418
31.20108032,85.39862061,3.062328815,13649,22099,0.2221674919128418
31.19831657,85.59768677,3.061159611,13712,23612,0.2239224910736084
31.20070457,85.79953003,3.062204838,9082,16204,0.23003220558166504
31.20011139,85.99878693,3.062223911,6888,12572,0.2218000888824463
31.19903564,86.19969177,3.062378883,6058,10306,0.22652912139892578
31.20071411,86.39655304,3.061775208,5313,9339,0.22499847412109375
31.20091438,86.59895325,3.061723232,5013,8932,0.2276439666748047
31.19860649,86.79886627,3.061299801,4675,8653,0.2280902862548828
31.19817162,87.00218964,3.062011719,4624,8407,0.22819733619689941
31.19902611,87.20007324,3.062177181,4328,8420,0.2321629524230957
31.2010994,87.40039062,3.062342644,4459,8242,0.2265462875366211
31.19787598,87.6007843,3.061851501,4427,7992,0.21967124938964844
31.19844627,87.80091095,3.06203413,4399,8098,0.21763253211975098
31.20185471,87.99978638,3.062385082,4436,8013,0.2261652946472168
31.20165253,88.19972229,3.060954094,4434,7854,0.22682905197143555
31.20098114,88.40023804,3.062100887,4407,7873,0.22227263450622559
31.20247841,88.60086823,3.061948299,4499,7914,0.22694683074951172
31.20024109,88.79923248,3.061737061,4543,7827,0.2246260643005371
31.19892883,89.00222778,3.062309265,4811,8041,0.2259657382965088
31.39604187,84.03466797,3.062338352,18451,17439,0.22774338722229004
31.39840126,84.19533539,3.061351299,13402,15164,0.23222565650939941
31.40325546,84.39486694,3.060647964,10938,15163,0.22218751907348633
31.39883804,84.59689331,3.062932491,10762,15617,0.2264695167541504
31.39439392,84.79795074,3.061900616,10385,14143,0.22388267517089844
31.40022087,84.99787903,3.061237335,9980,14336,0.22654461860656738
31.40183258,85.19713593,3.062345505,9825,14445,0.23014593124389648
31.40047646,85.39744568,3.062728882,10323,16917,0.23093843460083008
31.39800453,85.6002655,3.063216209,11176,17112,0.2215132713317871
31.39949226,85.79641724,3.062441349,13715,22468,0.2277696132659912
31.39966202,86.00041199,3.062521458,11826,20230,0.23079943656921387
31.40084648,86.19911194,3.060804367,8503,15522,0.22426080703735352
31.39961624,86.40007782,3.062263966,7045,12231,0.22087621688842773
31.39865685,86.59977722,3.061700344,5808,10304,0.2310481071472168
31.40248871,86.7983551,3.061200619,5064,9548,0.22346901893615723
31.40210533,86.99899292,3.062269688,4819,8958,0.22260832786560059
31.3952961,87.201828,3.062964916,4611,8432,0.22731995582580566
31.39698792,87.4022522,3.062149525,4586,8464,0.2265794277191162
31.4008007,87.6014328,3.061988354,4599,8264,0.2178480625152588
31.40025139,87.79974365,3.061870098,4450,8217,0.23035812377929688
31.39810753,88.00075531,3.061106205,4436,8337,0.22438955307006836
31.39509583,88.20167542,3.061134338,4540,8066,0.22688984870910645
31.40198517,88.39904785,3.062832832,4437,7951,0.23069095611572266
31.40299416,88.59938049,3.061535358,4546,8055,0.22537612915039062
31.40342903,88.79983521,3.061534882,4430,8103,0.2230517864227295
31.40103149,89.00218201,3.061198711,4396,7932,0.2265467643737793
31.59539032,84.04231262,3.063113213,13286,14831,0.22416162490844727
31.60059166,84.19631958,3.06078577,11051,14305,0.22646069526672363
31.59846878,84.39662933,3.061995983,10391,14426,0.2270374298095703
31.59783363,84.59896851,3.062152863,10007,14158,0.2282733917236328
31.59827614,84.79934692,3.06143713,9388,13706,0.22720074653625488
31.59886551,84.99715424,3.061942101,9484,14175,0.22421574592590332
31.60183907,85.19866943,3.061117172,9662,14073,0.22733020782470703
31.60150528,85.39660645,3.062727928,9254,13642,0.2212991714477539
31.60062981,85.59786224,3.061416149,9821,15865,0.2279348373413086
31.59781265,85.79950714,3.062740803,10358,15934,0.22654438018798828
31.5986805,85.99768066,3.061336994,12491,20851,0.2195601463317871
31.59853172,86.20082855,3.062038422,16295,26345,0.2268218994140625
31.59844589,86.40203094,3.062520981,11517,21775,0.22871160507202148
31.60170746,86.60023499,3.060633183,8627,16325,0.23414015769958496
31.60004044,86.79871368,3.062234879,6548,11483,0.23065900802612305
31.60242271,86.99802399,3.061588764,5631,9900,0.22670912742614746
31.60022354,87.20044708,3.06195116,4832,9020,0.22312307357788086
31.59662628,87.4015274,3.063055515,4607,8630,0.22301054000854492
31.59941101,87.60126495,3.062178135,4476,8389,0.2267751693725586
31.60387993,87.79827118,3.062661648,4421,8280,0.22760939598083496
31.59890366,88.00092316,3.061893463,4434,8289,0.22920989990234375
31.59749985,88.20271301,3.061686039,4455,7979,0.22755908966064453
31.59776497,88.40319824,3.061750889,4374,7935,0.2263805866241455
31.59939766,88.60057831,3.062578678,4495,7982,0.21957182884216309
31.59803009,88.80142975,3.062562466,4456,7932,0.22770071029663086
31.59599495,89.00034332,3.062611103,4369,7758,0.22578001022338867
31.79958153,84.02524567,3.062505722,11168,12896,0.22940564155578613
31.80023384,84.19750977,3.061599255,9723,13760,0.2300724983215332
31.80217743,84.39432526,3.061765671,9818,13847,0.22064805030822754
31.79811668,84.59825134,3.061191559,9433,13698,0.22824501991271973
31.79973602,84.80095673,3.061213493,9244,13521,0.2245173454284668
31.79908943,84.99930573,3.062507629,9156,13101,0.22752976417541504
31.80080795,85.1962738,3.061908722,9262,13845,0.21984577178955078
31.79931641,85.39663696,3.062944889,9118,13570,0.2264413833618164
31.7977581,85.59772491,3.063288689,9386,13966,0.22884273529052734
31.80021477,85.79721069,3.061966896,9732,13726,0.231428861618042
31.80057335,86.00086212,3.06193018,10314,17199,0.22297143936157227
31.79941368,86.20005035,3.061584473,11262,17188,0.2261207103729248
31.79582596,86.40033722,3.062932491,15789,26357,0.22745585441589355
31.80174065,86.60144043,3.062318325,15261,24919,0.22726082801818848
31.80096626,86.7993927,3.06260252,8835,18332,0.22867918014526367
31.79876709,87.00080872,3.061963558,7240,13093,0.2323319911956787
31.79725266,87.20042419,3.062602043,5925,10334,0.2289586067199707
31.79970932,87.402565,3.061925411,5243,9347,0.22379541397094727
31.80299759,87.59940338,3.061508179,4869,8971,0.23566389083862305
31.80049324,87.80181885,3.06233263,4741,8657,0.22977328300476074
31.8011837,87.99861145,3.061808109,4476,8271,0.22267651557922363
31.79943466,88.20150757,3.062188625,4509,8413,0.22662043571472168
31.79868889,88.40254211,3.061184883,4451,8105,0.22713112831115723
31.80329132,88.59725952,3.061889172,4475,8181,0.219740629196167
31.80333519,88.79956055,3.06172657,4325,8076,0.22788715362548828
31.79802132,89.00218201,3.063529968,4445,8054,0.22511005401611328
32.00147247,84.02019501,3.061322689,9327,11818,0.22810983657836914
32.0004921,84.19877625,3.061867237,9060,12459,0.2235124111175537
32.00319672,84.39613342,3.061845303,9273,13309,0.2358109951019287
32.00258636,84.59968567,3.061368942,9201,13567,0.23001909255981445
32.00163651,84.79824829,3.062427998,8961,13248,0.22708868980407715
31.99994278,84.99951172,3.061819553,8811,13406,0.22885370254516602
32.00025177,85.19944763,3.062216282,9404,13685,0.22682952880859375
31.99905968,85.39777374,3.0626297,9397,13366,0.22426581382751465
31.99855042,85.59880066,3.06091547,9207,13794,0.2264244556427002
32.00187683,85.79866028,3.061293125,9584,14163,0.22748947143554688
32.00282288,85.99832153,3.062118053,10121,14806,0.2292933464050293
32.0016861,86.19972229,3.062719345,10550,15684,0.23694348335266113
31.9981842,86.39958954,3.062465668,11194,18623,0.22296833992004395
32.00176239,86.60176849,3.061968803,12270,18972,0.22695398330688477
32.00034714,86.80119324,3.062504292,15379,25570,0.23021674156188965
31.99916267,87.00003052,3.060387135,12944,21399,0.22476720809936523
32.00283051,87.19662476,3.061230659,8097,16060,0.23094654083251953
32.00278091,87.39936066,3.060097694,6366,11704,0.22608375549316406
31.99674034,87.60192108,3.061691761,5715,10053,0.22844219207763672
31.99915314,87.79918671,3.062296391,5221,9384,0.22668170928955078
32.00096512,88.00236511,3.063103676,4851,8953,0.22417521476745605
32.00189209,88.19978333,3.061522007,4592,8651,0.2256486415863037
31.99692726,88.40076447,3.063364506,4476,8368,0.23055338859558105
31.99827385,88.60041046,3.061471939,4467,8318,0.22584271430969238
32.00045776,88.802742,3.063028812,4544,8146,0.22321772575378418
32.00056458,89.00150299,3.061733246,4343,8068,0.22687411308288574
32.1984024,84.0281601,3.062855721,8332,10421,0.2269279956817627
32.19929504,84.1953125,3.062041759,9014,11117,0.22849082946777344
32.20217133,84.39648438,3.061036587,8782,12134,0.22655367851257324
32.20201874,84.5999527,3.062612057,8970,12649,0.22839570045471191
32.19935608,84.79745483,3.061933517,9241,13008,0.22800993919372559
32.19871521,84.9994812,3.061496735,9040,13445,0.23752260208129883
32.1966095,85.19613647,3.061358929,9143,13574,0.2344048023223877
32.20018768,85.40071869,3.062106609,8882,13466,0.22285771369934082
32.20266342,85.59931946,3.060793877,9213,13513,0.22710037231445312
32.20166016,85.79917908,3.061926365,9821,14252,0.22482824325561523
32.19739151,85.99868774,3.062272549,10043,15124,0.226487398147583
32.19907379,86.19989014,3.061098576,10382,15392,0.22144627571105957
32.20011139,86.39970398,3.062945843,10478,14761,0.22702479362487793
32.19992065,86.59820557,3.061936855,10410,16136,0.22248482704162598
32.19776154,86.80229187,3.061635017,10172,15730,0.2268967628479004
32.199646,87.00141144,3.061787605,11884,19095,0.23320698738098145
32.19905472,87.20027161,3.063295841,13577,22477,0.22596502304077148
32.19993591,87.39865112,3.06221962,9895,18162,0.23024892807006836
32.19938278,87.60027313,3.061935902,7431,13958,0.2271099090576172
32.20035553,87.79841614,3.062120914,6323,11021,0.2237720489501953
32.19915771,88.00041199,3.062644958,5555,9824,0.22329306602478027
32.2014389,88.20137787,3.062045574,5012,9289,0.22679877281188965
32.20036316,88.40000916,3.061739445,4680,8612,0.22414278984069824
32.19852448,88.6008606,3.062344074,4654,8484,0.2323472499847412
32.20031357,88.80212402,3.062296867,4493,8164,0.2271742820739746
32.20063782,89.00003815,3.062295437,4479,8172,0.2229907512664795
32.40148544,84.03663635,3.063103199,7879,9656,0.2256178855895996
32.39718628,84.19502258,3.062041283,7995,10050,0.22870922088623047
32.3988266,84.39774323,3.062842369,8209,10654,0.22846674919128418
32.40200043,84.59894562,3.061742306,8705,11757,0.22884654998779297
32.39994812,84.79858398,3.061632633,8649,12053,0.22376799583435059
32.4010849,84.99703217,3.061003685,8629,12181,0.22043299674987793
32.39886475,85.19716644,3.061170101,8802,12578,0.22669005393981934
32.40142059,85.39961243,3.060461998,8719,13317,0.22608184814453125
32.40063477,85.59951019,3.062383652,9230,13704,0.22852420806884766
32.39813614,85.80020142,3.063011169,9803,14212,0.22885704040527344
32.39472961,86.0018692,3.063364506,9989,14329,0.2263181209564209
32.39572144,86.19937134,3.062355042,10023,14926,0.22281408309936523
32.40316772,86.39781952,3.063871384,10260,14877,0.22908759117126465
32.40036011,86.6019516,3.061896801,9874,14368,0.2258155345916748
32.39920807,86.79908752,3.061432838,9361,13155,0.23166227340698242
32.39956665,87.00081635,3.061207771,9399,16053,0.22443032264709473
32.40424347,87.19981384,3.061697006,10549,16110,0.23716521263122559
32.40089417,87.3968811,3.061621666,14131,23308,0.22894525527954102
32.39829254,87.60244751,3.061586857,15194,25032,0.22528362274169922
32.39472961,87.80099487,3.061583519,9308,18338,0.225935697555542
32.39887238,88.00012207,3.063076973,7389,13919,0.2272167205810547
32.40160751,88.20103455,3.062887669,5835,10748,0.22508001327514648
32.40328217,88.40024567,3.063159466,5294,9336,0.23041343688964844
32.3977356,88.59954834,3.062048912,4905,8778,0.23302173614501953
32.40000916,88.80303955,3.061272144,4605,8469,0.2270965576171875
32.40316772,88.99715424,3.060843468,4451,8433,0.22579240798950195
32.60489655,84.01255035,3.061011791,7648,9122,0.23125791549682617
32.60161591,84.19774628,3.062915802,7623,9194,0.22266459465026855
32.59698105,84.40036011,3.062678814,7974,9797,0.22784423828125
32.60240173,84.59629822,3.061919689,8049,10142,0.22596025466918945
32.59957886,84.7979126,3.062278271,8194,10943,0.2305922508239746
32.60301208,84.99884033,3.061579704,8268,11829,0.22557806968688965
32.60101318,85.19758606,3.06232214,8602,12225,0.2273561954498291
32.60038757,85.39820862,3.061880589,8876,12703,0.21949267387390137
32.60219193,85.59863281,3.061595917,9186,13597,0.22779107093811035
32.60179901,85.79908752,3.061558723,10273,14254,0.224686861038208
32.59757233,85.9990921,3.062047005,9144,13716,0.22761750221252441
32.60016632,86.20214844,3.062657833,9368,13982,0.22303485870361328
32.60096741,86.40101624,3.062855721,9267,13757,0.22349786758422852
32.60276794,86.59977722,3.062256813,9137,13621,0.22678685188293457
32.60074997,86.79750061,3.060444832,8848,13161,0.22797036170959473
32.59534836,87.00331879,3.062824249,8920,13457,0.2220308780670166
32.60083008,87.2003479,3.062056541,9450,13860,0.2279064655303955
32.59997559,87.40144348,3.062713146,10163,16209,0.22848010063171387
32.60247803,87.59843445,3.060153008,11880,17906,0.22561383247375488
32.59906006,87.80071259,3.061457157,18376,30393,0.22421693801879883
32.59983826,87.99910736,3.061892509,13427,24350,0.22682523727416992
32.6003685,88.20053101,3.062804699,8873,17659,0.2271740436553955
32.599617,88.400177,3.061606884,6949,12751,0.22878265380859375
32.60080338,88.60047913,3.062150478,5748,10072,0.22730183601379395
32.59761047,88.79922485,3.062166691,4967,9174,0.2279195785522461
32.59965515,89.00111389,3.061535358,4786,8627,0.22286128997802734
32.80268097,84.02960968,3.063014984,7468,8731,0.22777771949768066
32.80142212,84.19510651,3.062629223,8172,9534,0.22816920280456543
32.79956818,84.39678192,3.061729908,8108,9559,0.22966957092285156
32.79911041,84.5976944,3.061625481,7728,9738,0.22035503387451172
32.80058289,84.7984848,3.062651157,7378,9971,0.22632384300231934
32.80039215,84.99855804,3.062002659,7883,10232,0.22699904441833496
32.79508209,85.20018005,3.061515331,8370,11574,0.2268505096435547
32.79964447,85.39834595,3.062991142,8471,12441,0.23069334030151367
32.80102539,85.59693146,3.062355042,8916,12787,0.23624801635742188
32.80097961,85.7996521,3.063323021,8931,13144,0.23398065567016602
32.80083466,86.00141907,3.06333971,9106,13577,0.23896574974060059
32.79984283,86.19709778,3.062897682,9053,13525,0.2233753204345703
32.79788971,86.39896393,3.062494755,9123,14142,0.22294092178344727
32.79544449,86.60084534,3.061459064,9103,13650,0.22966670989990234
32.800354,86.79951477,3.062222004,8920,13576,0.23220157623291016
32.79963684,86.99975586,3.061564922,8796,13328,0.22483348846435547
32.79917145,87.20065308,3.062628746,9236,13466,0.22951149940490723
32.79878235,87.39923859,3.06193161,9593,13149,0.22095918655395508
32.79740524,87.60125732,3.062770367,10039,15925,0.23014569282531738
32.79880524,87.80122375,3.061370373,11062,17805,0.2268991470336914
32.79876709,88.00105286,3.06259203,14339,22712,0.2271265983581543
32.80133057,88.19866943,3.06174469,18137,29122,0.22708868980407715
32.80318832,88.40164948,3.061188698,12857,21646,0.22794270515441895
32.80150604,88.59934998,3.062002182,7773,15547,0.22469758987426758
32.79754257,88.80128479,3.061871052,6484,11503,0.2268838882446289
32.79961777,88.9994812,3.061526299,5687,9927,0.22693181037902832
33.00081253,84.03281403,3.062535763,5905,8196,0.22235441207885742
32.9992981,84.19799805,3.061986446,6774,8934,0.22843050956726074
33.00148392,84.39654541,3.061974049,8954,9802,0.22842860221862793
33.00011826,84.59875488,3.062849998,9059,9774,0.22831940650939941
33.00052261,84.79721069,3.062700272,7685,9575,0.22469067573547363
32.99933624,84.9989624,3.062074661,7600,9758,0.2259819507598877
33.00091553,85.19769287,3.061882973,7501,9932,0.23146986961364746
33.00332642,85.39891052,3.062129498,7665,10568,0.22649717330932617
33.00126648,85.59783173,3.060948849,8077,11588,0.22841095924377441
33.0,85.79963684,3.061934471,8115,12093,0.22708678245544434
32.9972229,86.0022583,3.061527252,8369,12877,0.23761868476867676
32.99449158,86.20317078,3.062647343,8819,13194,0.2292027473449707
32.99804688,86.39738464,3.061131477,8549,13055,0.22373390197753906
33.00046158,86.59999847,3.061870098,8677,13292,0.22889375686645508
33.00181961,86.79933929,3.061606407,8457,13453,0.23108172416687012
32.9979248,87.00113678,3.062357903,8769,13398,0.23719263076782227
32.9980278,87.19931793,3.062172413,9228,13666,0.2299489974975586
32.99842834,87.40075684,3.062790394,9703,13646,0.22646689414978027
33.00019836,87.60123444,3.062199116,9583,14639,0.22296500205993652
33.00282288,87.80235291,3.062975883,10016,13806,0.23066473007202148
33.00092316,87.9982605,3.062356949,10826,17676,0.2257685661315918
32.99594879,88.19880676,3.061018467,11392,16790,0.2286689281463623
32.99894333,88.40055847,3.062334538,13837,22150,0.23197245597839355
33.00276947,88.60119629,3.062529087,15607,25553,0.2274034023284912
33.00075531,88.80056763,3.062326431,9556,19150,0.22306060791015625
32.99986267,89.00144958,3.061340809,7435,14642,0.23756122589111328
33.19779968,84.01300812,3.061968327,5192,7744,0.23937344551086426
33.19960403,84.1966629,3.061476231,5630,8200,0.22335529327392578
33.19528198,84.39729309,3.062268257,6196,8598,0.2268085479736328
33.20014191,84.59780884,3.063665867,7748,9195,0.23133301734924316
33.19937897,84.79971313,3.063112259,8436,10127,0.22419142723083496
33.20227432,84.99699402,3.061118126,8797,9533,0.2379903793334961
33.20276642,85.19927216,3.061563969,7525,9541,0.22877192497253418
33.2008934,85.40098572,3.061512947,7429,9839,0.2269611358642578
33.20091248,85.59822845,3.060955048,7211,10095,0.23029565811157227
33.19931793,85.79964447,3.062230587,7792,10999,0.2267017364501953
33.20194626,85.99872589,3.062810421,8013,11631,0.22536516189575195
33.19741821,86.2036438,3.060952187,7908,12165,0.22279572486877441
33.19953537,86.3996048,3.061723232,8249,12649,0.22478175163269043
33.20101929,86.59880829,3.062720299,8107,12656,0.22701263427734375
33.19920349,86.8003006,3.062180996,8040,12790,0.22612714767456055
33.19787216,86.99935913,3.062519073,8221,12710,0.2312929630279541
33.19874954,87.19940186,3.062172413,8654,12809,0.22494029998779297
33.20223999,87.39871216,3.061316967,9170,13207,0.2272794246673584
33.20056152,87.59954834,3.061163425,9368,14204,0.22651267051696777
33.20107269,87.79950714,3.061534882,9861,14270,0.23077988624572754
33.19908142,88.00016022,3.06362915,9836,14798,0.22550654411315918
33.20082855,88.1995163,3.060694695,10365,14120,0.22449159622192383
33.1991806,88.39953613,3.062272072,10654,17135,0.2269432544708252
33.19896698,88.60025024,3.061924458,11432,17339,0.22164559364318848
33.19932556,88.80037689,3.060945988,17009,27552,0.22819900512695312
33.19697952,88.99897766,3.062926292,15286,24508,0.22950458526611328
33.39956665,84.01689148,3.062709808,4905,7772,0.2267017364501953
33.40222931,84.19556427,3.06256485,5111,7706,0.2238326072692871
33.40209198,84.39820862,3.061292648,5232,8095,0.22738909721374512
33.39912415,84.59740448,3.06174612,5607,8192,0.22061967849731445
33.39836121,84.79905701,3.062360764,5992,8802,0.2281961441040039
33.40129089,84.99954224,3.061949253,7716,9521,0.22674345970153809
33.39821243,85.19812012,3.062492371,9859,10154,0.229964017868042
33.39745712,85.39677429,3.061232567,7624,9338,0.2261972427368164
33.39696503,85.59947968,3.062504768,7542,9995,0.22640395164489746
33.40216827,85.79971313,3.062083721,7217,9720,0.22298455238342285
33.40065002,85.99769592,3.062448978,7486,10689,0.22345328330993652
33.39790344,86.20287323,3.062153339,7748,11113,0.22777700424194336
33.39491272,86.40153503,3.061948776,7924,12050,0.22652435302734375
33.40156555,86.59866333,3.061754704,7800,11982,0.22221970558166504
33.40311432,86.79924011,3.061807156,7439,11939,0.22389459609985352
33.40217209,86.99983978,3.062076092,8021,12521,0.23482656478881836
33.39866638,87.20039368,3.062138081,8364,12930,0.23566079139709473
33.39860916,87.4006958,3.062296867,9080,13385,0.22486662864685059
33.40327454,87.59960938,3.061437607,9414,13708,0.2238600254058838
33.40009308,87.80056763,3.062391281,9716,14174,0.22447419166564941
33.39807892,87.99902344,3.0625,10305,15737,0.22319245338439941
33.40380859,88.19968414,3.061220169,10455,14857,0.2225358486175537
33.40141296,88.39961243,3.06194973,10293,14458,0.22242021560668945
33.40211487,88.60009766,3.062067509,10343,15966,0.23150014877319336
33.3976593,88.80143738,3.061285973,10966,17487,0.23624587059020996
33.39900208,89.00134277,3.062662601,13218,20279,0.2219538688659668
33.59993744,84.03005981,3.062663555,4574,7801,0.22500991821289062
33.60140228,84.19616699,3.06106329,4651,7444,0.22281384468078613
33.59851074,84.39788818,3.061285496,4814,7654,0.2364945411682129
33.59638977,84.60133362,3.063304424,4869,7975,0.2326502799987793
33.5945282,84.79631042,3.061127663,5201,8268,0.23498082160949707
33.59916687,85.00094604,3.061752319,5654,8546,0.2331397533416748
33.59819794,85.1960907,3.061009407,6816,9498,0.23299074172973633
33.60125732,85.39888763,3.061538696,8444,10187,0.22393178939819336
33.60113907,85.59871674,3.063793182,8677,9840,0.2352902889251709
33.60250854,85.79910278,3.062655926,7377,9374,0.22399687767028809
33.59815979,86.00035858,3.062960148,7044,9629,0.22029829025268555
33.59733963,86.19882202,3.062595844,7117,9722,0.22603917121887207
33.59702301,86.40218353,3.063217163,7419,10873,0.22703886032104492
33.59858704,86.59960175,3.061860561,7476,11174,0.22850728034973145
33.60219574,86.79872131,3.061879158,7235,10965,0.2215259075164795
33.59972763,87.00135803,3.062576771,7633,11444,0.22588491439819336
33.59831238,87.20180511,3.061401844,8327,12781,0.22373390197753906
33.59968948,87.4012146,3.063148499,8863,13224,0.22698426246643066
33.60091782,87.59739685,3.062986851,9354,13734,0.2292487621307373
33.6013031,87.79710388,3.061263561,9634,14017,0.2268383502960205
33.60075378,87.99952698,3.061071396,9612,13831,0.22629737854003906
33.598526,88.20336151,3.062425137,9604,14360,0.22926592826843262
33.59931183,88.40037537,3.061603069,10070,14530,0.2310025691986084
33.59856415,88.60021973,3.06116581,10021,15037,0.22013139724731445
33.59916687,88.80060577,3.06278038,10389,14572,0.22670269012451172
33.59952545,89.00125122,3.062788963,11071,18135,0.22417283058166504
33.8035965,84.02571869,3.061868668,4373,7605,0.2295835018157959
33.79943085,84.19697571,3.062736988,4417,7629,0.23427963256835938
33.79716492,84.39766693,3.062716961,4650,7413,0.22721481323242188
33.79935074,84.59880829,3.06099844,4523,7740,0.2277851104736328
33.80099487,84.79911041,3.062450409,4699,7787,0.22231650352478027
33.80004883,84.99671936,3.063223362,4943,8169,0.22460436820983887
33.80080795,85.19927216,3.060753345,5420,8294,0.22986078262329102
33.80059814,85.40074158,3.061565399,5743,8607,0.23496460914611816
33.79784012,85.59965515,3.061975479,6666,8912,0.22370052337646484
33.80142975,85.79908752,3.061279774,7752,9356,0.22165298461914062
33.80122375,85.99918365,3.062634468,7329,9294,0.22666716575622559
33.79802704,86.19842529,3.062196732,7243,9663,0.2306809425354004
33.79808044,86.39997864,3.062718868,7076,9689,0.2288219928741455
33.80041504,86.59941864,3.061942577,7477,10346,0.22127437591552734
33.80089569,86.80095673,3.061710358,7726,11132,0.226151704788208
33.80294037,86.99888611,3.061603069,8262,11882,0.2281796932220459
33.80010986,87.19974518,3.063309669,8602,12402,0.22764229774475098
33.79969406,87.40033722,3.062345028,9094,12987,0.22670626640319824
33.79963684,87.60025024,3.061807156,9366,13797,0.2288217544555664
33.7971344,87.8008728,3.06286478,9637,14285,0.23268914222717285
33.80076218,88.00068665,3.061344147,9333,13963,0.22323083877563477
33.80188751,88.1996994,3.061942101,9638,14534,0.22304987907409668
33.80125427,88.40125275,3.061620235,10022,14417,0.2264728546142578
33.80014801,88.60041809,3.060521126,9921,15206,0.22693562507629395
33.79958344,88.80101013,3.062340736,10074,14473,0.2194507122039795
33.79985046,88.99925995,3.063845634,10377,15078,0.22877168655395508
34.00374603,84.0234375,3.061825275,4371,7634,0.22492265701293945
33.9994278,84.19738007,3.062410355,4420,7753,0.23247790336608887
34.00147247,84.39845276,3.062712669,4310,7793,0.22751688957214355
33.99863815,84.59764099,3.061938763,4446,7688,0.2301197052001953
33.9992218,84.79885101,3.061944962,4597,7499,0.23374176025390625
34.00295258,84.99665833,3.060762882,4666,7711,0.22595477104187012
34.00392914,85.20018768,3.062546253,4739,8093,0.23752641677856445
34.00150299,85.400177,3.062431812,5075,8115,0.2253100872039795
34.0009079,85.59674835,3.061398983,5368,8156,0.22466540336608887
33.99905396,85.8004837,3.062309742,5802,8831,0.22869038581848145
33.99820709,85.99886322,3.062521458,7337,9449,0.22617101669311523
33.9991684,86.19998932,3.062487125,8129,9456,0.22419333457946777
34.00141144,86.400383,3.062501431,7542,9503,0.23604965209960938
34.00127411,86.59928894,3.061960697,7179,9641,0.22331547737121582
34.00019836,86.79855347,3.061164379,7575,9979,0.2231450080871582
33.99782562,87.0018158,3.062104225,8026,10550,0.22814226150512695
33.99935532,87.20019531,3.062507153,8426,11676,0.22548413276672363
33.99839401,87.40071869,3.063738346,8570,12494,0.23155474662780762
33.99959564,87.60240936,3.061590672,8986,13162,0.22887516021728516
34.00009918,87.80110931,3.062240601,9403,13774,0.2207636833190918
34.00102234,88.00061035,3.061687469,9104,13887,0.22707676887512207
34.0009613,88.19813538,3.062156677,9330,14029,0.22277474403381348
33.99892426,88.40107727,3.062534332,9671,14354,0.2305586338043213
34.00109863,88.60011292,3.060330868,9800,14381,0.2271409034729004
33.99918365,88.80114746,3.061417103,9747,14225,0.22518277168273926
34.00139999,89.00259399,3.061178207,10132,14899,0.22704172134399414
34.19681549,84.03897858,3.062817097,4518,7868,0.22230195999145508
34.19781113,84.19690704,3.062698841,4298,7740,0.22396516799926758
34.20127869,84.39730072,3.062557697,4296,7779,0.22760796546936035
34.20307922,84.59705353,3.062277317,4436,7877,0.2243187427520752
34.19770813,84.79785156,3.062305927,4320,7551,0.22548627853393555
34.19754028,84.99703979,3.06210041,4466,7648,0.2257070541381836
34.20031357,85.19731903,3.062155247,4411,7711,0.22447633743286133
34.20178986,85.39710999,3.062182903,4609,7745,0.22482514381408691
34.19839478,85.59909821,3.062294483,4722,7755,0.22551798820495605
34.19701004,85.79986572,3.061671734,5037,8177,0.2215588092803955
34.19809723,86.0005188,3.062804699,5451,8313,0.22671771049499512
34.20205688,86.19876099,3.061606407,6332,8872,0.22525453567504883
34.20056152,86.39704895,3.062031269,7782,9447,0.22685456275939941
34.1971817,86.59932709,3.0618577,7858,9341,0.22641658782958984
34.20345306,86.79988861,3.060977459,7096,9239,0.23220205307006836
34.20295715,87.00149536,3.061934471,7412,9594,0.22527813911437988
34.20033646,87.19805145,3.062357426,7778,10057,0.23070955276489258
34.20141983,87.39801025,3.061452389,8222,11102,0.22746038436889648
34.20124817,87.60153198,3.062275887,8467,12165,0.23176240921020508
34.20050812,87.80174255,3.062360764,8720,12414,0.22747278213500977
34.20155334,88.00067902,3.061228752,8926,13167,0.22595000267028809
34.20110321,88.19878387,3.06153059,9084,13131,0.22702479362487793
34.20211792,88.40285492,3.06191349,9528,14009,0.22752022743225098
34.19848251,88.60146332,3.062031269,9528,14448,0.22708535194396973
34.20134735,88.79860687,3.061274529,9611,14230,0.22919869422912598
34.1991806,89.00136566,3.062985897,9643,14247,0.22686171531677246
34.40259171,84.04080963,3.063040257,4305,7827,0.2252483367919922
34.39765167,84.19895935,3.06214571,4270,7758,0.22543621063232422
34.39740753,84.39859772,3.062684059,4319,7768,0.22661113739013672
34.40036774,84.59884644,3.061694622,4305,7729,0.2190074920654297
34.39873886,84.79627991,3.062839508,4248,7587,0.22635483741760254
34.39666367,84.9993515,3.063467979,4275,7608,0.22657060623168945
34.39739227,85.19752502,3.062762737,4456,7593,0.22571086883544922
34.40503311,85.39878082,3.061290741,4456,7852,0.2259073257446289
34.40220642,85.59746552,3.062502384,4581,7651,0.22609567642211914
34.39808655,85.80010223,3.061545372,4726,7681,0.22986531257629395
34.39607239,85.99874115,3.061311245,4816,8197,0.23611927032470703
34.39748383,86.20120239,3.062234879,5056,8432,0.22373151779174805
34.40363312,86.39850616,3.060706615,5563,8389,0.22465276718139648
34.40133667,86.59835815,3.060829639,6156,8741,0.22487378120422363
34.39945984,86.79956818,3.062327385,7736,9854,0.2239985466003418
34.40200043,86.99814606,3.061116219,8121,9591,0.22514820098876953
34.40048981,87.1984024,3.062039852,7937,9625,0.2267472743988037
34.39949036,87.39866638,3.062911987,7787,10132,0.22583484649658203
34.40021515,87.60058594,3.061813354,8143,11109,0.23526382446289062
34.39759827,87.79985809,3.061307907,8722,11882,0.23935270309448242
34.40044022,88.00128174,3.061111927,8986,12955,0.22459936141967773
34.40141296,88.20050812,3.06317234,9483,13370,0.22953081130981445
34.40093994,88.40037537,3.06182909,9517,13914,0.2241683006286621
34.39939117,88.60424805,3.06332159,9442,14096,0.22902441024780273
34.39899826,88.80211639,3.062571049,9640,14392,0.23698997497558594
34.39584351,89.00325775,3.062159061,9777,14485,0.22924256324768066
34.59911728,84.02568817,3.061757565,4370,8002,0.23897767066955566
34.60288239,84.19683075,3.061351299,4469,7957,0.2273719310760498
34.60133743,84.39640808,3.061854362,4474,8069,0.22779369354248047
34.60209656,84.59796143,3.062217236,4433,7977,0.22968721389770508
34.59882736,84.79998779,3.063008308,4392,7961,0.22792649269104004
34.59838104,85.00019073,3.061903,4440,7926,0.22603631019592285
34.59934998,85.19618988,3.063130856,4466,7808,0.22881817817687988
34.59955597,85.39944458,3.062095642,4256,7652,0.23076915740966797
34.60423279,85.59802246,3.06189537,4585,7831,0.23056387901306152
34.6005249,85.79894257,3.062447548,4509,7899,0.22566628456115723
34.60035324,85.99811554,3.061597347,4484,7740,0.22909808158874512
34.60105133,86.20072937,3.062229156,4754,7798,0.22756314277648926
34.6004715,86.39858246,3.061558247,5083,7974,0.22732830047607422
34.60071945,86.59931946,3.062135696,5134,8358,0.22904014587402344
34.5987587,86.80000305,3.060577869,5929,8806,0.22646093368530273
34.60057831,86.99911499,3.061858654,7854,9631,0.2244272232055664
34.59967041,87.20159149,3.062100887,9293,9858,0.22613048553466797
34.6032486,87.40077209,3.06087923,8086,9758,0.2272028923034668
34.60179138,87.59883881,3.063180923,7924,10131,0.22374582290649414
34.59550095,87.80063629,3.062539101,7980,10265,0.22291922569274902
34.60158539,88.00014496,3.06186533,8371,11335,0.22621989250183105
34.60181427,88.1999054,3.062427998,8684,12266,0.2230534553527832
34.59909821,88.3996582,3.062130451,8814,12877,0.22819924354553223
34.59869385,88.60396576,3.061671257,9367,13600,0.23597288131713867
34.59706116,88.80274963,3.062444687,9473,14108,0.22967886924743652
34.60092926,88.99954987,3.061369896,9654,14383,0.2230517864227295
34.80365372,84.02379608,3.062732697,4821,8669,0.22650647163391113
34.80183411,84.19665527,3.061794281,4682,8284,0.22673439979553223
34.79675293,84.39690399,3.062529087,4756,8089,0.22359323501586914
34.80226898,84.59890747,3.061878681,4453,8035,0.2268671989440918
34.80200195,84.79515076,3.062244415,4291,8006,0.23005437850952148
34.80380249,84.99771881,3.061466694,4442,8002,0.22746944427490234
34.79653931,85.20038605,3.062727928,4338,7741,0.22416424751281738
34.80113602,85.39877319,3.061829567,4495,7874,0.22902631759643555
34.80121613,85.59817505,3.062576771,4528,7901,0.22344493865966797
34.80059814,85.79891968,3.06140995,4392,7840,0.22266459465026855
34.79904175,85.99877167,3.062103271,4496,7757,0.22586941719055176
34.79912567,86.19937134,3.063596249,4563,7583,0.22832894325256348
34.80002594,86.3995285,3.062458515,4611,7705,0.22872710227966309
34.80214691,86.60121155,3.061322689,4753,7932,0.22768783569335938
34.79863739,86.79927063,3.061535358,5037,7957,0.21904730796813965
34.80154419,87.00003052,3.061620712,5620,8471,0.22665905952453613
34.80234528,87.19988251,3.061475277,6385,8730,0.22701668739318848
34.80303192,87.40113831,3.062680244,8348,9583,0.22654080390930176
34.80325317,87.60147095,3.062656403,8595,10086,0.24163389205932617
34.80289459,87.80150604,3.061312675,8045,9739,0.23024725914001465
34.79880524,88.00102997,3.062845707,7678,9968,0.22515177726745605
34.7950058,88.20059204,3.062358379,7847,10462,0.22823333740234375
34.79972076,88.39990997,3.061748981,8219,11427,0.22716617584228516
34.80276489,88.60115051,3.062019348,8409,11974,0.22759151458740234
34.80236816,88.80101013,3.062747002,8637,12799,0.22641587257385254
34.7992363,88.99988556,3.061824322,9069,13445,0.22347593307495117
35.00029755,84.02777863,3.061489582,5451,9626,0.2268517017364502
35.00404739,84.19438171,3.062212944,4991,8874,0.22412323951721191
35.00140381,84.39665222,3.062695026,4640,8430,0.22607088088989258
34.99617004,84.59661102,3.061510563,4404,8235,0.2301187515258789
34.99565125,84.79924011,3.062413692,4360,8031,0.22748923301696777
35.00295639,84.99930573,3.060741425,4224,7959,0.22555971145629883
35.00149155,85.19786072,3.06265974,4351,7700,0.22418212890625
34.99871063,85.3972168,3.061746597,4264,7770,0.22568893432617188
35.00141525,85.59938049,3.06136322,4113,7555,0.22263503074645996
34.9984436,85.79936218,3.063323021,4113,7618,0.2268671989440918
35.00111389,85.99827576,3.061049461,4292,7391,0.22764873504638672
35.00128174,86.1995163,3.061569691,4275,7480,0.22467637062072754
34.99847412,86.39985657,3.062671185,4453,7471,0.22830843925476074
35.00007248,86.60098267,3.062783718,4456,7722,0.2267439365386963
34.9996376,86.80062866,3.061435699,4707,7742,0.2274782657623291
34.99837494,87.00100708,3.060783863,4906,7707,0.2286055088043213
34.99609375,87.20352173,3.061200142,5210,8107,0.22675704956054688
34.99957275,87.39712524,3.062013626,5670,8539,0.22368788719177246
35.00193787,87.60203552,3.062325001,6912,9136,0.22604632377624512
34.99931335,87.80269623,3.062828064,8815,9765,0.22540807723999023
34.99503326,88.00124359,3.06182003,8031,9602,0.2246875762939453
34.99459839,88.20067596,3.062631607,7473,9992,0.2276620864868164
35.00286102,88.40084076,3.06201601,7662,10216,0.22869110107421875
35.00150299,88.60227203,3.061383247,8096,10900,0.2273879051208496
34.99952698,88.8024826,3.061975956,8471,12141,0.22681355476379395
35.0011673,89.00107574,3.06227541,9006,12875,0.22126483917236328
