27.99943924,90.00162506,3.062601089,4324,8275,0.22629976272583008
27.99668121,90.19888306,3.0623312,4230,8058,0.22877240180969238
27.99814606,90.39774323,3.060962677,4218,7954,0.2273564338684082
28.00167084,90.59776306,3.062046051,4229,7586,0.2272777557373047
27.99975204,90.79640961,3.06191206,4000,7562,0.2277202606201172
27.99934387,91.00022888,3.062387466,4001,7539,0.22180747985839844
27.99978638,91.20005798,3.062927246,3942,7385,0.22715020179748535
27.99922943,91.39880371,3.06295681,3963,7330,0.22264671325683594
28.00160599,91.59957886,3.062105179,3969,7144,0.22580957412719727
28.00273132,91.79891968,3.062105179,3967,6934,0.23338723182678223
28.00243759,92.00079346,3.061720371,3858,7115,0.23271942138671875
27.99970627,92.20044708,3.063493252,3833,6996,0.2298417091369629
27.99787521,92.40296936,3.061302185,3915,6853,0.22864127159118652
27.99985886,92.60106659,3.061638832,3810,6874,0.22647786140441895
28.00036621,92.80128479,3.060980797,3764,6727,0.22425627708435059
28.00152969,92.99990082,3.062617302,3673,6656,0.2258291244506836
27.99976349,93.19986725,3.062016964,3731,6603,0.22990846633911133
27.99859619,93.40087891,3.061146259,3792,6637,0.2271261215209961
28.00214386,93.60028839,3.062072277,3777,6469,0.22644901275634766
28.0016861,93.80142975,3.064151287,3645,6760,0.2289566993713379
27.99885178,94.0025177,3.061995506,3753,6450,0.22664260864257812
27.99672699,94.20083618,3.061883926,3741,6628,0.22443127632141113
28.00133133,94.39874268,3.061321259,3683,6447,0.22660565376281738
28.00150681,94.60186005,3.061591625,3704,6619,0.22848081588745117
28.00112915,94.80182648,3.060885906,3699,6543,0.22683501243591309
27.99917221,95.00037384,3.062634468,3683,6380,0.22792625427246094
28.19781494,90.04443359,3.063506603,4918,9054,0.22625350952148438
28.19992065,90.19680786,3.062387466,4484,8641,0.2243492603302002
28.2049408,90.39737701,3.062818527,4369,8240,0.22707033157348633
28.20018005,90.59687805,3.061723232,4242,7958,0.22978782653808594
28.19936752,90.79673004,3.063050747,4231,7916,0.2266860008239746
28.19990921,90.99694824,3.060709,4147,7659,0.2264399528503418
28.19870758,91.1975708,3.06289196,4092,7385,0.22467517852783203
28.19919205,91.39743042,3.062287807,4017,7209,0.2337350845336914
28.20066452,91.59927368,3.061522484,3902,7123,0.2312474250793457
28.20124435,91.79927063,3.062468529,3952,7115,0.23705029487609863
28.20147324,91.99921417,3.062619686,3873,6955,0.23173093795776367
28.20117188,92.19935608,3.063361645,3844,6789,0.23063206672668457
28.20113754,92.39822388,3.061153412,3782,6663,0.2261800765991211
28.19833755,92.60090637,3.063546658,3880,6690,0.22473788261413574
28.1996994,92.79959869,3.063014984,3708,6571,0.22218847274780273
28.20238495,93.00055695,3.061502934,3639,6475,0.22683930397033691
28.19893265,93.20111084,3.062392712,3660,6440,0.2335813045501709
28.19970322,93.39904785,3.061831474,3711,6448,0.22472596168518066
28.20213318,93.60134125,3.061435223,3722,6275,0.22568249702453613
28.20314026,93.79915619,3.060823441,3555,6282,0.23282527923583984
28.20126724,94.00004578,3.061732292,3669,6241,0.22351765632629395
28.19758224,94.2002182,3.06192112,3532,6204,0.23099184036254883
28.19876862,94.40077209,3.062837124,3594,6300,0.2236621379852295
28.2012291,94.59898376,3.063180447,3479,6260,0.23267030715942383
28.2004509,94.80110168,3.061904907,3552,6317,0.23403215408325195
28.20133209,95.00061035,3.061786175,3599,6228,0.23596858978271484
28.39980698,90.01194763,3.062157154,5303,10362,0.24038171768188477
28.40037918,90.19600677,3.061770916,4785,9274,0.22442150115966797
28.40187454,90.39806366,3.063051224,4566,8619,0.22603106498718262
28.40174103,90.59957886,3.061236382,4142,7994,0.2219371795654297
28.40027618,90.79909515,3.062287807,4120,7791,0.22840332984924316
28.40000916,90.99704742,3.063296795,4086,7655,0.23015332221984863
28.400383,91.19851685,3.061977863,4043,7417,0.2265164852142334
28.40205383,91.39844513,3.061558723,3900,7295,0.22373676300048828
28.39889908,91.59845734,3.061377048,3855,7050,0.22313427925109863
28.3992424,91.8007431,3.062276363,3839,7069,0.22931289672851562
28.4006424,91.99975586,3.060973167,3926,6813,0.22490739822387695
28.40139771,92.19752502,3.06265831,3779,6945,0.22578048706054688
28.39842987,92.399086,3.06275177,3713,6793,0.22849345207214355
28.39897919,92.59897614,3.061868191,3716,6737,0.22864365577697754
28.39903641,92.7990036,3.060833931,3685,6685,0.22213172912597656
28.40087891,92.99832153,3.062551498,3690,6443,0.22867226600646973
28.40062332,93.20066071,3.062728882,3756,6561,0.2298564910888672
28.39984131,93.39990997,3.06263113,3774,6443,0.2261338233947754
28.39994049,93.6015625,3.061894894,3666,6360,0.2245316505432129
28.40013885,93.79790497,3.06125164,3463,6425,0.2233729362487793
28.40180969,93.99929047,3.0604949,3558,6247,0.22860479354858398
28.39916611,94.19940186,3.062995911,3690,6355,0.22282981872558594
28.39865112,94.39998627,3.062324047,3654,6296,0.23459649085998535
28.40111923,94.60257721,3.062539101,3595,6308,0.2237415313720703
28.40299988,94.79933167,3.061845779,3612,6449,0.22347688674926758
28.40156555,95.00114441,3.061582088,3618,6246,0.23679113388061523
28.60227966,90.04216766,3.06321764,7383,16261,0.22977685928344727
28.59911728,90.19478607,3.061253071,6287,11814,0.22797203063964844
28.59808731,90.39967346,3.061701298,4952,9889,0.22602272033691406
28.60055923,90.59643555,3.061662674,4605,8934,0.2227480411529541
28.60129166,90.79750061,3.062222004,4341,8378,0.2253129482269287
28.59896088,90.99755859,3.061613083,4301,8042,0.22553014755249023
28.59968567,91.19718933,3.061050415,4139,7936,0.22342467308044434
28.59751892,91.40101624,3.06240797,4062,7739,0.22499775886535645
28.59937668,91.59687805,3.061793804,3877,7439,0.22400164604187012
28.60031509,91.79756165,3.062224388,3859,7180,0.22625946998596191
28.59923935,92.00074768,3.061536312,3912,7216,0.2371366024017334
28.59755325,92.20191956,3.061356544,3673,6947,0.23014497756958008
28.59788513,92.4002533,3.063852787,3846,7016,0.22590208053588867
28.599823,92.59947205,3.061191082,3766,6978,0.22328972816467285
28.60289383,92.79851532,3.061410427,3786,6739,0.2269153594970703
28.60129166,92.99894714,3.061137676,3700,6630,0.22462701797485352
28.59886551,93.19942474,3.061696529,3695,6571,0.22266006469726562
28.60035706,93.40023804,3.062099934,3711,6462,0.22613906860351562
28.60082245,93.60054779,3.06230545,3606,6514,0.22836780548095703
28.59957886,93.80146027,3.062021255,3653,6426,0.21824145317077637
28.60090637,93.99771118,3.062754631,3527,6544,0.22599053382873535
28.60181808,94.20149231,3.061061859,3626,6273,0.22722673416137695
28.59950638,94.40206146,3.062636375,3608,6444,0.2275550365447998
28.5981369,94.60115051,3.061098576,3590,6415,0.22324776649475098
28.60249329,94.79850769,3.060867786,3566,6268,0.22309160232543945
28.60081863,95.00227356,3.063627243,3629,6262,0.22746920585632324
28.80098343,90.02492523,3.062287331,13694,23251,0.2260429859161377
28.7984581,90.19773865,3.06098032,8687,19282,0.22908711433410645
28.79833984,90.39685059,3.06303072,6771,14306,0.22763848304748535
28.79912567,90.59703064,3.061569691,5532,11161,0.2312767505645752
28.79817963,90.79897308,3.06276083,4850,9400,0.21877169609069824
28.80202484,90.99827576,3.061800957,4520,8969,0.2231159210205078
28.80080032,91.199646,3.062536716,4408,8184,0.22636651992797852
28.79904556,91.39878082,3.061362743,4268,8231,0.22364211082458496
28.79957581,91.59968567,3.062671185,4106,7740,0.22774243354797363
28.79972839,91.79924011,3.063025475,4117,7687,0.22757458686828613
28.79802704,91.99888611,3.061153889,4131,7513,0.22168660163879395
28.80122375,92.19973755,3.061381817,3767,7184,0.23699951171875
28.79990387,92.39950562,3.061758518,3846,7220,0.22893428802490234
28.79912949,92.60102844,3.062746048,3830,7050,0.21831083297729492
28.79645538,92.800354,3.062619209,3793,6982,0.22226214408874512
28.8008728,93.00187683,3.061774254,3782,6998,0.22736382484436035
28.7988205,93.20053101,3.063283443,3841,6610,0.2261807918548584
28.79893875,93.39958191,3.062746525,3763,6620,0.2285315990447998
28.79979706,93.60160065,3.062229633,3716,6480,0.22855401039123535
28.80133057,93.8012619,3.062001705,3740,6835,0.23794794082641602
28.79998398,94.00093079,3.062793732,3717,6491,0.22832345962524414
28.79825974,94.20082855,3.063011169,3623,6463,0.2229294776916504
28.80038452,94.40035248,3.062636852,3668,6445,0.228973388671875
28.80130005,94.59700012,3.062244415,3695,6587,0.2237861156463623
28.80088043,94.79968262,3.061858177,3664,6415,0.22343659400939941
28.79865646,95.00202179,3.063380241,3621,6290,0.23341822624206543
29.00016785,90.01731873,3.062791348,10338,16359,0.2366626262664795
28.99740982,90.19683838,3.062626362,12582,21896,0.22983670234680176
28.99902725,90.3969574,3.061300755,11297,21537,0.22454047203063965
28.99737167,90.59783173,3.06320715,8151,18201,0.23013997077941895
29.00057602,90.79655457,3.062479496,6873,13320,0.22934365272521973
29.00334549,90.99718475,3.062384129,5441,10748,0.22214221954345703
28.99935913,91.19908905,3.062627316,5028,9527,0.22710585594177246
28.99905014,91.39762878,3.062618732,4721,8986,0.22831487655639648
29.0017128,91.5993042,3.061206341,4403,8320,0.22036528587341309
28.99947739,91.79740143,3.061834812,4307,8097,0.2256157398223877
28.99799728,91.99834442,3.061507225,4176,7947,0.23555898666381836
28.99825287,92.1999054,3.062624454,4135,7736,0.2236311435699463
28.99882889,92.39855957,3.062181473,4012,7659,0.22517919540405273
29.00024796,92.59905243,3.061223984,3962,7544,0.23057222366333008
28.99897003,92.80005646,3.062264442,4004,7352,0.22753095626831055
28.99898911,93.00204468,3.062308311,3978,7283,0.22889351844787598
28.99996948,93.19966888,3.062337875,3778,7165,0.22806835174560547
29.00115585,93.397995,3.060883045,3920,7087,0.2271435260772705
29.00207138,93.60085297,3.060569763,3875,6882,0.23760724067687988
29.00051498,93.80006409,3.061562538,3849,6875,0.23015618324279785
29.00151062,94.00009918,3.062621117,3840,6905,0.223388671875
28.99934387,94.19878387,3.061991692,3877,6672,0.23444652557373047
28.99892426,94.40110016,3.061988354,3772,6703,0.22579407691955566
29.0006218,94.60005188,3.061626434,3766,6722,0.23250055313110352
29.00146866,94.80152893,3.060622692,3905,6652,0.23536443710327148
28.99896622,95.00121307,3.062297821,3796,6852,0.22997403144836426
29.19937134,90.04034424,3.062991619,9895,16343,0.22319841384887695
29.20187378,90.19546509,3.061326981,10201,17687,0.22692251205444336
29.19836044,90.39725494,3.061310768,10396,17437,0.2282254695892334
29.19869995,90.59844208,3.061804771,14359,23313,0.22227215766906738
29.20162201,90.79716492,3.06205225,10918,20536,0.2248680591583252
29.20144272,90.99846649,3.061915874,7550,17019,0.22620892524719238
29.20148468,91.19747925,3.061619759,6346,12815,0.22790813446044922
29.20065689,91.39949036,3.062076092,5314,10919,0.2215440273284912
29.19929886,91.59873962,3.061818123,4957,9808,0.22680354118347168
29.20008087,91.79893494,3.061702251,4742,8898,0.22203302383422852
29.19948578,91.99865723,3.061748981,4601,8389,0.23014307022094727
29.1986084,92.19934082,3.061479568,4415,8209,0.2288517951965332
29.19989395,92.40005493,3.063546658,4214,8120,0.22989201545715332
29.20043945,92.59986877,3.062921047,4087,7971,0.21895360946655273
29.19764328,92.7990036,3.063263416,4193,7697,0.22327518463134766
29.19794846,92.99995422,3.061795235,4050,7694,0.22774600982666016
29.19763565,93.20158386,3.062879086,3998,7365,0.2254946231842041
29.2035408,93.40048981,3.062141895,4111,7257,0.22702503204345703
29.19991684,93.59915924,3.062954903,4001,7184,0.22937345504760742
29.20170975,93.80157471,3.061935425,3913,7101,0.2266707420349121
29.19695663,94.00163269,3.061403275,3833,7023,0.22777819633483887
29.19903946,94.19917297,3.061491013,3844,6848,0.22851896286010742
29.20088959,94.40129089,3.062121868,3883,6895,0.2262895107269287
29.20314407,94.59957123,3.060716152,3757,6758,0.22403407096862793
29.20122147,94.80042267,3.062872887,3793,6576,0.22762179374694824
29.19955826,94.99993134,3.061915398,3807,6695,0.22776103019714355
29.39689636,90.03517151,3.062618732,9943,16254,0.22882819175720215
29.39908218,90.19909668,3.06196928,9797,15500,0.22726869583129883
29.40107727,90.39625549,3.063000679,10232,18054,0.2248702049255371
29.40105057,90.59600067,3.060738087,9180,16909,0.2298107147216797
29.40068436,90.796875,3.061719418,10865,18866,0.22859930992126465
29.39772415,90.99835205,3.062360287,12908,22990,0.2247767448425293
29.40010452,91.19764709,3.062097549,9353,22468,0.22037124633789062
29.40143967,91.39968872,3.061690331,7787,16896,0.2309870719909668
29.39990234,91.59947968,3.062095642,6394,12421,0.22005224227905273
29.3998642,91.79934692,3.062111855,5302,10180,0.22525858879089355
29.39835358,92.00030518,3.062141895,4940,9350,0.2275862693786621
29.39948273,92.19822693,3.061558723,4522,8683,0.22305941581726074
29.40216064,92.40036011,3.062687874,4371,8026,0.22571158409118652
29.39504242,92.59864807,3.062745571,4283,8019,0.22594809532165527
29.40127182,92.79920197,3.060843468,4173,7744,0.2352762222290039
29.40150833,93.00074768,3.061522007,4108,7504,0.23772931098937988
29.39907455,93.19950867,3.062427521,4074,7385,0.2288684844970703
29.40164566,93.40087891,3.063027382,4023,7192,0.22320556640625
29.39796829,93.60289001,3.061910152,3881,7311,0.22684884071350098
29.39586258,93.8015976,3.062533379,3920,7078,0.2248847484588623
29.39862442,94.00241089,3.06166935,3901,7073,0.22536587715148926
29.4009819,94.19946289,3.061654568,4019,6963,0.22134065628051758
29.40268326,94.39881897,3.062509537,3777,6772,0.2230513095855713
29.40026474,94.60015106,3.062315941,3932,6573,0.22709012031555176
29.39896011,94.80278015,3.060921669,3780,6606,0.22515368461608887
29.3960495,94.99714661,3.061536789,3697,6530,0.22592473030090332
29.60137177,90.02338409,3.062256813,9631,15458,0.22756171226501465
29.60461044,90.19418335,3.062739849,9755,15133,0.22763323783874512
29.60309601,90.39727783,3.063312531,9440,15305,0.22939515113830566
29.59864807,90.60006714,3.061400414,9811,15218,0.22423601150512695
29.59727478,90.79810333,3.063383579,10308,17655,0.2205195426940918
29.60236359,90.99743652,3.062356949,10517,16734,0.2275078296661377
29.60331726,91.19861603,3.062914371,14080,24025,0.22603940963745117
29.59932327,91.39787292,3.060653687,14347,24893,0.22648096084594727
29.59872437,91.59753418,3.06075573,8933,20764,0.22054767608642578
29.60181046,91.79827881,3.060692787,6971,14380,0.22641301155090332
29.59752655,91.99914551,3.063645363,5449,11082,0.225752592086792
29.60004807,92.19850922,3.062459469,4848,9304,0.22505760192871094
29.59891891,92.4000473,3.062506199,4711,8675,0.2261955738067627
29.59920883,92.59980774,3.062458992,4319,8249,0.22264552116394043
29.60222244,92.80004883,3.062115192,4167,7944,0.22732949256896973
29.60271454,93.00054932,3.061578274,4138,7984,0.23099541664123535
29.60073471,93.20022583,3.062929153,4059,7699,0.2287154197692871
29.59927368,93.40052032,3.061889172,3950,7489,0.22009634971618652
29.60147858,93.59716034,3.061508179,3880,7181,0.2266075611114502
29.60235977,93.80010223,3.063005924,3893,7155,0.2362215518951416
29.60222626,93.99951172,3.062782764,3923,7194,0.22323250770568848
29.60252762,94.20021057,3.061172009,3909,6970,0.22378015518188477
29.59660721,94.40052795,3.062510014,3840,6824,0.22617411613464355
29.59606171,94.59960938,3.062380791,3608,6643,0.23210763931274414
29.59841537,94.80036926,3.061940193,3668,6662,0.22576355934143066
29.60317993,94.99961853,3.061827183,3749,6684,0.22477173805236816
29.80250359,90.01921082,3.062453747,9745,15085,0.22812604904174805
29.80086136,90.19497681,3.060760498,9602,15224,0.22551989555358887
29.79761505,90.39820099,3.062482834,9595,14908,0.22518277168273926
29.80132484,90.59687042,3.061927795,9784,15403,0.22147011756896973
29.80214691,90.79920197,3.062418938,10032,15288,0.22679471969604492
29.79907227,90.99913025,3.061043739,9944,17475,0.22357463836669922
29.79825783,91.19746399,3.061922073,10929,19804,0.2275547981262207
29.80023956,91.39923096,3.063218594,11692,18462,0.2237415313720703
29.79924393,91.59963226,3.062390804,13789,23916,0.22611618041992188
29.80105209,91.7973938,3.060860157,11908,21953,0.22435784339904785
29.79880905,91.99919128,3.061872005,7502,17222,0.22454142570495605
29.80019188,92.20069885,3.06204319,6234,12766,0.23020267486572266
29.80188751,92.39929199,3.061127186,5320,10375,0.2267475128173828
29.80151367,92.59900665,3.061356068,4804,9281,0.22494792938232422
29.80124474,92.79922485,3.062019825,4695,8768,0.23525071144104004
29.79894066,93.0017395,3.062224388,4388,8429,0.22510075569152832
29.7967701,93.19986725,3.061170578,4356,8161,0.22545337677001953
29.79883385,93.39967346,3.061890602,4195,7782,0.23795557022094727
29.79958725,93.60058594,3.061870098,4104,7710,0.23910117149353027
29.79867744,93.8039093,3.061988354,4011,7697,0.2319800853729248
29.80159378,93.99907684,3.061318874,4036,7233,0.2224116325378418
29.8026886,94.19785309,3.06003809,3875,7497,0.22518014907836914
29.79803467,94.39949036,3.062134743,3941,7111,0.2329115867614746
29.80015373,94.60140991,3.06090641,3864,7009,0.23215651512145996
29.79846001,94.80199432,3.062378883,3787,6938,0.2293701171875
29.8003788,95.0012207,3.0620718,3856,6712,0.22882819175720215
30.00234222,90.02309418,3.061804295,9604,15357,0.2311098575592041
30.00245285,90.19507599,3.061496258,9719,15511,0.2278602123260498
30.000103,90.39928436,3.061840057,9957,15125,0.23048782348632812
30.00000763,90.59676361,3.062001705,9576,15181,0.22906756401062012
30.00139046,90.79925537,3.061493397,10002,15377,0.23003458976745605
29.99835777,90.99777985,3.061806202,10064,16603,0.2331399917602539
29.99838638,91.19878387,3.061956406,10232,15984,0.23259544372558594
29.9989357,91.39846802,3.061707497,10328,18370,0.22950434684753418
30.00078773,91.59925079,3.061238766,10561,17612,0.23095393180847168
30.00126076,91.79914856,3.06118679,11999,20238,0.23034048080444336
29.99991226,91.99958801,3.061763763,14109,24539,0.23201847076416016
29.99907684,92.19812775,3.062438011,9531,21546,0.2294154167175293
30.0009079,92.39912415,3.062624454,7579,16232,0.2323622703552246
30.0020752,92.59880829,3.062748909,6067,11804,0.23097562789916992
30.00023842,92.79902649,3.061907291,5071,10078,0.2318739891052246
30.00067139,93.00035095,3.062197685,4722,9062,0.23040032386779785
30.00282669,93.20128632,3.062788963,4457,8232,0.23239827156066895
30.00249672,93.40093231,3.060857773,4370,8161,0.22989773750305176
29.99708557,93.60113525,3.062056541,4166,7906,0.23056530952453613
29.99620056,93.80149841,3.063301086,3986,7761,0.23317599296569824
29.99624825,94.0012207,3.06348896,3969,7694,0.2369234561920166
29.99776459,94.1996994,3.063559055,3944,7351,0.23396706581115723
29.99988556,94.40020752,3.061958313,3929,7239,0.2311408519744873
29.99992561,94.60087585,3.061690331,3800,7036,0.23107433319091797
30.00118256,94.80090332,3.063492298,3832,7053,0.2295670509338379
29.99981689,95.00092316,3.062240601,3833,6908,0.23038148880004883
30.20266914,90.02214813,3.062655926,9596,15431,0.23133611679077148
30.19940186,90.19559479,3.061265945,9690,15475,0.23235821723937988
30.19925499,90.39785004,3.061817646,9683,15520,0.2311859130859375
30.19849968,90.59549713,3.062386036,9542,15249,0.23282575607299805
30.20184708,90.79701233,3.061785221,9358,14985,0.23335814476013184
30.20273209,90.99972534,3.06333971,9736,15818,0.2314460277557373
30.20409775,91.20088196,3.061991692,9954,15732,0.23100781440734863
30.20247459,91.40060425,3.061449528,10225,16329,0.23071980476379395
30.19957352,91.59916687,3.061971664,9943,15784,0.23059487342834473
30.19986153,91.79814911,3.063095093,10639,19033,0.2294328212738037
30.20209503,91.99919891,3.062657833,10834,17460,0.23243236541748047
30.20094109,92.1985321,3.061832428,13827,23321,0.22957324981689453
30.19770241,92.40037537,3.062847137,13514,23146,0.23068976402282715
30.19781876,92.60046387,3.062147141,8485,19569,0.23388385772705078
30.19916534,92.8006134,3.062417507,7149,14410,0.23218369483947754
30.19984436,93.0004425,3.060935974,5526,11263,0.22798967361450195
30.20093346,93.20077515,3.061819077,4899,9430,0.23082876205444336
30.20182037,93.39932251,3.062155724,4669,8939,0.23107314109802246
30.20149994,93.60057068,3.062257767,4454,8359,0.22986197471618652
30.19986153,93.80136108,3.061858654,4151,8102,0.22889971733093262
30.19952583,94.00090027,3.062924385,4192,8058,0.23010468482971191
30.19958115,94.19944763,3.062512398,4149,7587,0.23207330703735352
30.20134163,94.40122986,3.06211853,4141,7576,0.2275104522705078
30.19969559,94.59916687,3.061847687,4076,7277,0.22954368591308594
30.19786072,94.80062866,3.06248045,3944,7397,0.23006963729858398
30.20084953,95.00028992,3.062110424,3852,7071,0.23319697380065918
30.40155602,90.02101135,3.061284065,9431,14665,0.23053836822509766
30.39962578,90.19668579,3.062068939,9457,14968,0.23010921478271484
30.40378761,90.39813995,3.062482357,9556,15205,0.23023223876953125
30.40147972,90.59762573,3.061266899,9616,15318,0.22826457023620605
30.39729118,90.79697418,3.062878609,9809,15466,0.22832751274108887
30.39860153,90.99977112,3.06243372,9854,14939,0.23163723945617676
30.3994751,91.20095062,3.061504364,9797,15672,0.23150205612182617
30.39953423,91.40020752,3.061263084,9947,15649,0.23041939735412598
30.39863968,91.59918213,3.063103199,9840,15816,0.22833490371704102
30.40001297,91.79750061,3.061870575,9892,15899,0.23019933700561523
30.40086365,91.99842072,3.061464787,10302,17038,0.23006439208984375
30.40356636,92.19962311,3.061957359,10871,19232,0.23191142082214355
30.40344048,92.40216064,3.06188488,10846,17637,0.23027300834655762
30.39997292,92.6005249,3.061517715,12182,22158,0.228135347366333
30.3993206,92.79902649,3.062400341,10224,19779,0.22989821434020996
30.39624596,92.99922943,3.062561989,7696,17547,0.22925138473510742
30.39952278,93.20101929,3.061901093,6353,12406,0.22649455070495605
30.40003586,93.39974976,3.061846733,5248,10479,0.23013734817504883
30.40230179,93.59888458,3.063302517,4806,9257,0.22919750213623047
30.40202332,93.79956055,3.062238693,4534,8659,0.22954487800598145
30.40082169,94.00081635,3.061888695,4415,8246,0.23119711875915527
30.39982796,94.1987381,3.061460972,4142,8013,0.23246121406555176
30.4021225,94.40097046,3.062896729,4157,7781,0.22749733924865723
30.40000725,94.60244751,3.062542915,3996,7527,0.229736328125
30.39911461,94.80188751,3.062352657,3973,7570,0.22874140739440918
30.40188026,95.00067139,3.061831951,3990,7194,0.23142123222351074
30.59967613,90.02334595,3.063176155,8925,13596,0.2340257167816162
30.59978676,90.19771576,3.062802792,9095,14130,0.22690463066101074
30.5981369,90.39830017,3.061715126,9263,14657,0.23060202598571777
30.59801292,90.59850311,3.0606637,9238,15170,0.2309267520904541
30.5965271,90.79608154,3.061250687,9545,15268,0.22828245162963867
30.60164833,90.99647522,3.062997341,9743,15557,0.22710895538330078
30.60337257,91.1989212,3.063354015,9873,15680,0.22977447509765625
30.60199165,91.40083313,3.062971115,9926,15076,0.22754955291748047
30.59864044,91.60083771,3.062286377,9806,15445,0.2278130054473877
30.59886932,91.79989624,3.061130524,9639,15108,0.23423004150390625
30.59901619,92.00054932,3.06207037,9996,16219,0.23250389099121094
30.59761047,92.2010498,3.063013554,9960,16436,0.23241138458251953
30.5983181,92.4000473,3.062239647,9996,17942,0.23070597648620605
30.60116196,92.59802246,3.061872482,10331,17187,0.22861266136169434
30.59863663,92.79824829,3.0622859,10994,18758,0.2331228256225586
30.60206604,92.99953461,3.062558651,12882,23171,0.23015069961547852
30.60283661,93.19911194,3.060814381,9566,18858,0.23172712326049805
30.60135078,93.39942932,3.060661316,6829,14353,0.23077034950256348
30.59873199,93.60079956,3.062530994,5908,11570,0.23245501518249512
30.59749603,93.8006134,3.061574936,5006,9780,0.23348665237426758
30.5993309,94.00138855,3.063218117,4657,9121,0.22922921180725098
30.60235596,94.20011902,3.06210041,4389,8460,0.23180866241455078
30.60257721,94.39935303,3.060606003,4329,8412,0.23098063468933105
30.60128784,94.60119629,3.061811447,4205,7956,0.2344989776611328
30.6013031,94.8003006,3.062080383,4027,7747,0.23302555084228516
30.60147285,94.99914551,3.062466621,4004,7596,0.23114681243896484
30.80168152,90.02334595,3.06176281,8064,11808,0.22859764099121094
30.79998207,90.19819641,3.061698914,8575,13210,0.2292327880859375
30.79794693,90.39874268,3.06183672,9020,13915,0.23442530632019043
30.79778862,90.59832001,3.060943127,9158,14270,0.2340102195739746
30.79644203,90.79844666,3.061808109,9444,15109,0.22851061820983887
30.80298233,90.99639893,3.061807632,9644,15369,0.23268556594848633
30.80163956,91.19978333,3.061247826,9587,15520,0.23227787017822266
30.80281448,91.40077972,3.062083244,9810,15479,0.23465561866760254
30.804039,91.59804535,3.060640812,9761,15367,0.2317056655883789
30.80106926,91.79978943,3.061913967,10054,15575,0.2317650318145752
30.7994175,92.00013733,3.062964916,9926,15658,0.22841382026672363
30.80024338,92.19794464,3.061666965,10077,15339,0.22833943367004395
30.79685211,92.40278625,3.062417984,9907,16465,0.22915291786193848
30.79738617,92.60191345,3.060807705,9871,15990,0.23015093803405762
30.80108261,92.79736328,3.059855938,10337,18640,0.23250961303710938
30.80101395,92.99961853,3.06178093,10263,16605,0.2273719310760498
30.80074501,93.19902039,3.061257362,12211,20411,0.22625446319580078
30.80035591,93.40022278,3.061094284,11171,23066,0.23108983039855957
30.80052757,93.60082245,3.062456608,8664,18158,0.22716116905212402
30.80059052,93.80006409,3.062831402,6715,13933,0.22815966606140137
30.79878616,94.0008316,3.062354565,5349,11210,0.2294764518737793
30.80107689,94.19910431,3.061776161,4935,9761,0.22841882705688477
30.80182648,94.40002441,3.060862541,4698,9201,0.2301342487335205
30.8025341,94.60066223,3.061613083,4417,8488,0.23117971420288086
30.79834747,94.80003357,3.061909199,4183,7980,0.22739648818969727
30.80002403,95.00058746,3.062585831,3910,7888,0.23048090934753418
31.00066566,90.02442932,3.062642574,8010,11131,0.23376059532165527
31.0008316,90.19715881,3.061873436,8140,11484,0.2322232723236084
30.99847031,90.39541626,3.063731194,8569,12261,0.22673654556274414
31.00371742,90.59632874,3.060901642,8853,13309,0.22786331176757812
31.00143814,90.79840851,3.063128471,8881,13892,0.2278738021850586
31.00277328,90.99763489,3.061615467,9277,14506,0.22726130485534668
30.99633408,91.1996994,3.06265831,9647,15409,0.22870135307312012
30.99791718,91.40014648,3.06276083,9766,15870,0.2237858772277832
30.99975395,91.60033417,3.063206196,9905,15643,0.22596359252929688
31.00436974,91.79851532,3.062265396,9718,15479,0.22276806831359863
30.9988842,91.99803162,3.061336517,9860,15214,0.2324817180633545
30.99984932,92.20022583,3.061297417,10104,15830,0.2290334701538086
30.99895477,92.40101624,3.062110901,10081,15753,0.22850418090820312
31.00133514,92.60044861,3.063475132,9860,15897,0.2276444435119629
30.99839592,92.79828644,3.061586857,10020,16257,0.22903990745544434
30.99990463,93.00003815,3.061498642,10044,16657,0.23049497604370117
30.99993515,93.19973755,3.062018394,10439,17849,0.22285199165344238
31.00020409,93.3997879,3.062021732,11530,19297,0.22356319427490234
30.99807549,93.60161591,3.061628819,14097,25128,0.22939252853393555
30.99999809,93.80092621,3.06200695,11622,22864,0.22448992729187012
31.00272942,94.00045776,3.061459064,7987,18756,0.22202205657958984
31.0016346,94.19963837,3.061822414,6608,14202,0.22478246688842773
30.99727631,94.39885712,3.062144279,5284,11297,0.2256321907043457
30.99857521,94.60295105,3.062329292,4818,9380,0.22674989700317383
30.99961662,94.8000946,3.062355042,4433,8822,0.2234504222869873
31.00129318,94.99907684,3.062143803,4287,8278,0.23149490356445312
31.20178413,90.01731873,3.06249094,8682,11840,0.2278296947479248
31.19953346,90.19706726,3.062083721,8318,11026,0.23008155822753906
31.19729614,90.39873505,3.061153412,8249,11639,0.22638845443725586
31.20123672,90.59770966,3.062231064,8046,11647,0.22421908378601074
31.20152664,90.7983551,3.062351227,8926,12741,0.232163667678833
31.19964981,91.0002594,3.061795235,9001,13747,0.22817420959472656
31.19911957,91.19763184,3.060799122,9105,14308,0.22755742073059082
31.19781876,91.39923096,3.062311649,9337,15080,0.22953581809997559
31.19960213,91.60057068,3.061871052,9745,15289,0.23121881484985352
31.20125961,91.79871368,3.061967373,9525,15281,0.22926902770996094
31.20034218,91.99929047,3.060138226,10012,15373,0.22795963287353516
31.20103073,92.20002747,3.061823845,9912,15764,0.2302234172821045
31.20052719,92.39849854,3.06065464,9904,15458,0.22892212867736816
31.19992447,92.60257721,3.062137604,9907,15704,0.23018264770507812
31.19625664,92.80167389,3.061411381,10024,15624,0.22789716720581055
31.19988441,93.00099182,3.060831547,10137,16116,0.2251877784729004
31.20014191,93.20057678,3.062543869,9866,16033,0.22556495666503906
31.19884682,93.39959717,3.06167841,10343,18656,0.22697854042053223
31.19856453,93.59954071,3.062300682,11045,17877,0.2298128604888916
31.19989014,93.79918671,3.062192917,11218,19283,0.22867298126220703
31.19824028,94.0,3.062895298,13315,27046,0.22629785537719727
31.20095634,94.20042419,3.062296867,11336,24754,0.23143601417541504
31.2019062,94.39994812,3.061820507,7940,18046,0.2289285659790039
31.19958878,94.60040283,3.062337399,6130,12998,0.2298743724822998
31.20070076,94.80090332,3.060813904,4973,10094,0.22501730918884277
31.19741249,95.00131226,3.063088417,4531,9139,0.22746658325195312
31.40284348,90.02732086,3.061651707,6230,9429,0.22850871086120605
31.40259552,90.19597626,3.061892033,8714,11601,0.2272188663482666
31.40129471,90.39983368,3.062095165,9214,11590,0.2269582748413086
31.39870834,90.59775543,3.062952042,8449,11673,0.22786903381347656
31.39903069,90.80008698,3.06353426,7982,11538,0.22825169563293457
31.4011879,90.99887085,3.061653614,8062,11672,0.23087048530578613
31.40280914,91.19765472,3.060626984,8525,12877,0.22569489479064941
31.40200806,91.39826202,3.062686443,8753,13834,0.2280282974243164
31.40172958,91.59773254,3.061342239,8994,14156,0.22702836990356445
31.39992905,91.7988739,3.06330204,9373,14842,0.22508597373962402
31.40180016,92.00000763,3.06232214,9661,14965,0.23342156410217285
31.39995193,92.20197296,3.061581612,9555,15228,0.2314455509185791
31.39821053,92.40002441,3.063096046,9834,15131,0.2323000431060791
31.39957619,92.60166168,3.062987328,9597,15039,0.23358535766601562
31.40088272,92.80053711,3.06240797,9448,15003,0.22835969924926758
31.40160561,92.99920654,3.061222076,9751,15082,0.23009061813354492
31.4020195,93.20090485,3.062562943,9916,15403,0.232696533203125
31.39842606,93.39949036,3.062866688,9686,16217,0.23467206954956055
31.40114594,93.59963989,3.062317848,9787,15930,0.2272634506225586
31.4005909,93.8012085,3.061817169,9856,18587,0.23240232467651367
31.39821815,93.99967957,3.062392712,10322,16525,0.23178458213806152
31.40061188,94.19734955,3.061854362,13013,21466,0.23365521430969238
31.40179253,94.39793396,3.062180996,14167,25002,0.22903680801391602
31.40378952,94.6007843,3.061850548,8735,23414,0.2289113998413086
31.40338326,94.80233765,3.063297272,7087,14961,0.22566509246826172
31.39970779,95.0017395,3.062580109,5341,10950,0.23715829849243164
31.5990181,90.02228546,3.06378603,5427,8557,0.22842764854431152
31.59950829,90.19812775,3.062297821,6003,9162,0.2334742546081543
31.59791565,90.39727783,3.06167984,7481,10773,0.22682714462280273
31.6019268,90.59747314,3.062232971,10865,12852,0.22929096221923828
31.60095406,90.7980423,3.061705589,9431,11621,0.22722077369689941
31.60133362,90.99623108,3.061495304,8192,11394,0.22741460800170898
31.6012516,91.19863892,3.061009884,7834,11492,0.23030638694763184
31.59852219,91.40003967,3.062299252,8234,12081,0.2289128303527832
31.59710693,91.60137177,3.062973976,8536,13262,0.22804498672485352
31.60235214,91.79837036,3.061255455,8995,13768,0.23321008682250977
31.60253334,92.00003052,3.061040878,9230,14325,0.23003101348876953
31.60314941,92.19960022,3.063273907,9400,15155,0.23173093795776367
31.60198402,92.40006256,3.062661648,9531,15439,0.23176074028015137
31.60052681,92.598526,3.062336922,9515,15244,0.22956109046936035
31.59797859,92.80154419,3.0618186,9666,15539,0.2335987091064453
31.59908104,93.00053406,3.060990334,9689,15129,0.22802019119262695
31.59957123,93.19949341,3.062769413,9501,15041,0.22683024406433105
31.60118866,93.39894104,3.061180592,9454,15113,0.2259843349456787
31.59918404,93.59951782,3.062838078,9625,15238,0.2299509048461914
31.59877586,93.80175781,3.062339306,9311,15149,0.2262575626373291
31.596838,93.99786377,3.061778545,9433,16624,0.22484707832336426
31.60343742,94.19685364,3.061393261,9758,18440,0.2254199981689453
31.60357857,94.39774323,3.062563896,9790,16960,0.2300553321838379
31.60064888,94.59997559,3.060637951,13660,24492,0.22907662391662598
31.5984745,94.8013916,3.061100006,10894,21796,0.2245466709136963
31.59625053,95.00210571,3.063587666,7271,15607,0.22893142700195312
31.79934692,90.03132629,3.063476086,4687,7757,0.22843217849731445
31.80024338,90.19642639,3.062865734,5049,8129,0.22666478157043457
31.80225182,90.39667511,3.061414719,5491,8601,0.22670674324035645
31.79802513,90.59670258,3.06161499,6299,9562,0.22495627403259277
31.79889107,90.7985611,3.062425137,8358,10311,0.22357559204101562
31.80160141,90.99653625,3.06301403,9143,11010,0.23090386390686035
31.80190659,91.20045471,3.062258244,7846,10727,0.23727679252624512
31.80167007,91.40010071,3.061663151,7632,11096,0.22079825401306152
31.79933357,91.59729767,3.0623312,7732,10981,0.22916197776794434
31.79979324,91.79864502,3.062213898,8427,12154,0.2316274642944336
31.80030441,92.00048828,3.060814857,8517,13267,0.22374296188354492
31.79912186,92.19799042,3.062279224,8798,13295,0.22347021102905273
31.79894257,92.39855194,3.062306881,9129,14239,0.2293086051940918
31.80109215,92.60051727,3.063201904,9149,14670,0.24193525314331055
31.7994442,92.79943085,3.060435772,9393,15040,0.23191189765930176
31.80396461,92.9981842,3.061248302,9375,14915,0.23077988624572754
31.80144882,93.20088959,3.061765194,9480,15070,0.22681570053100586
31.79585648,93.40068817,3.062427521,9624,14986,0.23464393615722656
31.80283165,93.59701538,3.061262608,9470,15185,0.21999597549438477
31.80185699,93.79981995,3.062315464,9262,14841,0.22747802734375
31.79732895,93.9981842,3.061689377,9126,15615,0.22346210479736328
31.79530525,94.20094299,3.062694073,9004,15375,0.22951841354370117
31.80006981,94.40058899,3.061659336,9290,16816,0.23085999488830566
31.79899979,94.60159302,3.061785221,9507,15707,0.22616243362426758
31.80073357,94.79844666,3.061689854,11935,18547,0.232865571975708
31.79979324,95.00166321,3.06240654,11471,19052,0.2253861427307129
32.00167847,90.03980255,3.062499523,4572,7670,0.23246216773986816
32.00171661,90.19590759,3.062385559,4731,7903,0.2233562469482422
32.00061798,90.39758301,3.061052322,4938,8124,0.23421645164489746
32.00110626,90.59768677,3.062338829,5318,8516,0.23314666748046875
31.9980278,90.79934692,3.061872005,5830,8914,0.23057937622070312
31.99928093,90.99942017,3.061672688,6953,9711,0.22943472862243652
32.0007515,91.19767761,3.061304569,8361,11153,0.23128771781921387
32.00089264,91.40036011,3.062026978,9077,11730,0.23238563537597656
31.99940109,91.59919739,3.062273979,8144,11169,0.23070454597473145
32.00051117,91.79897308,3.062267303,7861,11018,0.22642087936401367
32.00004578,92.00078583,3.061926842,7895,11433,0.23043084144592285
31.99790955,92.20123291,3.062354088,8357,12759,0.22902274131774902
32.00295258,92.40075684,3.062204838,9144,13517,0.22927570343017578
32.00162506,92.60095978,3.062531948,8965,14021,0.22797465324401855
32.00089264,92.80122375,3.062083721,9299,14737,0.22764110565185547
31.99863434,93.00279236,3.06257391,9031,15146,0.2333683967590332
31.99681282,93.2011795,3.062535763,9399,14809,0.23363161087036133
31.99595451,93.40172577,3.062732697,9522,14736,0.22951841354370117
31.99766159,93.60042572,3.061266899,9136,14651,0.22654223442077637
32.00008392,93.79815674,3.061964989,9170,14544,0.22699952125549316
32.00202942,94.00210571,3.061942101,8767,14663,0.22803354263305664
32.00190353,94.20068359,3.062467098,8936,14508,0.23259949684143066
32.00151062,94.39930725,3.061462402,8949,14244,0.2318711280822754
31.99720383,94.60098267,3.062606812,8660,14250,0.2285759449005127
31.99905968,94.80265808,3.061863899,9374,16351,0.23189568519592285
31.99806023,95.0015564,3.061233997,9723,14841,0.22904253005981445
32.20021057,90.02668762,3.06272459,4361,7959,0.23006367683410645
32.20030975,90.19639587,3.062214851,4547,7982,0.22555947303771973
32.20015717,90.39515686,3.061571598,4587,7813,0.2340717315673828
32.1993866,90.59875488,3.061748505,4896,7884,0.2286207675933838
32.19952393,90.79870605,3.062373161,5127,8296,0.23153042793273926
32.20103455,90.99794769,3.062244892,5302,8584,0.22742938995361328
32.20102692,91.19992828,3.062300682,5823,9136,0.22869157791137695
32.1979599,91.39846802,3.062741756,7004,10271,0.22720718383789062
32.20121765,91.59858704,3.062305927,9054,11482,0.2283940315246582
32.19866562,91.79981232,3.062768936,8796,11271,0.2287461757659912
32.19946289,91.9994812,3.061745167,8029,11163,0.2273714542388916
32.20153046,92.20062256,3.061605453,7853,11231,0.22835493087768555
32.20252991,92.39971924,3.062544823,8322,12084,0.22984981536865234
32.20271683,92.60049438,3.061730862,8718,13161,0.22948622703552246
32.20021057,92.80234528,3.061706066,8994,13573,0.22553157806396484
32.19948959,93.00175476,3.06220293,9194,14480,0.22983193397521973
32.19775391,93.20055389,3.062036514,9145,14658,0.22909116744995117
32.19817352,93.39915466,3.062820435,8920,14733,0.22736167907714844
32.19969559,93.60427856,3.062810898,9059,14727,0.2290182113647461
32.20014954,93.80079651,3.061597347,8891,14334,0.2298269271850586
32.19902802,94.00035858,3.063307285,8652,14294,0.22908377647399902
32.19885254,94.19871521,3.062454224,8409,13783,0.2292187213897705
32.19895935,94.40081787,3.060450554,8528,13895,0.23339438438415527
32.19888306,94.60031891,3.061618805,8923,13793,0.23143982887268066
32.20067215,94.8006134,3.062364578,9100,13731,0.23045754432678223
32.20229721,95.00082397,3.061598301,8835,14334,0.23291301727294922
32.40393448,90.02503967,3.062224865,4352,7749,0.23136043548583984
32.39983749,90.1945343,3.061701298,4301,7790,0.23387408256530762
32.4005127,90.39607239,3.06311512,4423,7757,0.2289445400238037
32.40019989,90.59736633,3.061044693,4415,7782,0.23309779167175293
32.39968109,90.79924774,3.060883999,4693,7761,0.22695708274841309
32.39971161,90.99987793,3.062744141,4839,7972,0.2306380271911621
32.40093231,91.19881439,3.062557697,5014,8342,0.22751355171203613
32.40068054,91.39837646,3.062010288,5514,8747,0.23082876205444336
32.40074921,91.60055542,3.062399387,6182,9543,0.22971391677856445
32.39981461,91.80047607,3.062381744,7687,10900,0.22967839241027832
32.39855194,91.998703,3.063358307,9668,11693,0.2325747013092041
32.3976059,92.19941711,3.06230545,8401,11204,0.2313365936279297
32.39867783,92.40023804,3.061919689,8357,11608,0.23098206520080566
32.39955139,92.60092163,3.061704636,8053,11592,0.23621749877929688
32.39983368,92.79847717,3.061571121,8288,12491,0.23285317420959473
32.39841461,92.99931335,3.062814236,8613,13327,0.2319049835205078
32.4024086,93.2010498,3.062066555,8490,13551,0.22879242897033691
32.40193176,93.40032959,3.061060905,8788,14193,0.22931456565856934
32.40145874,93.60010529,3.06273222,8637,14146,0.23038649559020996
32.39971924,93.80099487,3.061995983,8613,14095,0.2299518585205078
32.39929199,94.00073242,3.06119442,8539,14274,0.23385167121887207
32.39935303,94.19902039,3.062158108,8533,13862,0.22468781471252441
32.40115356,94.40029144,3.062839508,8749,13588,0.2316892147064209
32.40150452,94.59955597,3.060681343,8496,13910,0.2254471778869629
32.40050507,94.80198669,3.062726498,8953,13611,0.22758173942565918
32.40048218,95.00039673,3.063192844,8859,14251,0.23030662536621094
32.59889221,90.02043915,3.062768936,4455,7792,0.2286391258239746
32.60029602,90.19715881,3.062034607,4414,7917,0.2258012294769287
32.60176849,90.39823914,3.062141418,4430,7808,0.23564887046813965
32.60215759,90.59876251,3.061234474,4398,7709,0.22780108451843262
32.60114288,90.79914093,3.063157082,4494,7942,0.23184561729431152
32.6006813,90.99736023,3.062612057,4558,7706,0.2333533763885498
32.59747314,91.19913483,3.062891483,4651,7992,0.232191801071167
32.59920883,91.39922333,3.06248045,4881,7962,0.23109865188598633
32.59799576,91.59985352,3.061468124,5169,8421,0.22640371322631836
32.60093689,91.79905701,3.062268257,5550,8874,0.2264695167541504
32.60159683,91.99892426,3.060011864,6477,9790,0.2286694049835205
32.6007843,92.19927216,3.062998295,8670,11662,0.22945237159729004
32.60271454,92.40009308,3.061116219,9703,11982,0.22927117347717285
32.59857941,92.6018219,3.062050343,8644,11205,0.2307291030883789
32.59861755,92.80117035,3.06267643,8116,11091,0.2263932228088379
32.59908295,92.99885559,3.062884331,7857,11342,0.2291581630706787
32.6004715,93.19851685,3.061374187,8323,12715,0.22922277450561523
32.60072327,93.39874268,3.061915398,8207,12953,0.23004412651062012
32.60057068,93.60071564,3.060534954,8065,13449,0.22815442085266113
32.59721756,93.80260468,3.062128067,8224,13695,0.23026704788208008
32.59822083,94.0004425,3.061842918,8326,14015,0.2259984016418457
32.59877014,94.20134735,3.062344074,8395,13996,0.22504115104675293
32.59986115,94.40026855,3.06124115,8426,13728,0.22960758209228516
32.6002655,94.59972382,3.061943531,8717,14092,0.2288522720336914
32.60128784,94.79857635,3.062361717,8426,14097,0.2288057804107666
32.59965134,94.99919128,3.062356949,7861,14045,0.22993731498718262
32.79816818,90.0258255,3.063066006,4472,8104,0.2303304672241211
32.7978096,90.19696045,3.062217712,4304,8303,0.2284398078918457
32.80081177,90.3971405,3.060956001,4556,7859,0.23261189460754395
32.8028183,90.59877777,3.061996937,4417,7931,0.2333984375
32.80211258,90.79851532,3.061508656,4451,7880,0.23038554191589355
32.79917908,90.99674988,3.061345577,4420,7876,0.22973227500915527
32.80060577,91.19884491,3.062131405,4539,7691,0.22921419143676758
32.79994583,91.40001678,3.06217432,4568,7668,0.22760224342346191
32.79768372,91.60139465,3.062054157,4716,7854,0.2301023006439209
32.80051422,91.79989624,3.06049633,5054,8231,0.23309874534606934
32.80163193,91.99835968,3.062141418,5510,8814,0.23176264762878418
32.80114746,92.19795227,3.062274456,5955,9446,0.23240447044372559
32.80260086,92.39794922,3.061924934,7539,10962,0.23090720176696777
32.80223465,92.59812927,3.062828541,10076,12126,0.23190927505493164
32.80095673,92.79999542,3.061262131,9979,11639,0.23186874389648438
32.80112457,92.99998474,3.061506748,8092,11385,0.23143482208251953
32.79991913,93.19967651,3.060516834,7579,11249,0.2301037311553955
32.79727554,93.40046692,3.062351227,7658,11419,0.22927165031433105
32.79672241,93.60126495,3.061808109,7904,12268,0.23158574104309082
32.80026245,93.79840088,3.062270164,8051,13106,0.23449921607971191
32.80042267,93.99958801,3.061887741,8041,13544,0.22855591773986816
32.79867935,94.20075226,3.063068867,8669,14083,0.22791457176208496
32.80257797,94.40114594,3.061554432,9048,14426,0.23012971878051758
32.79917908,94.60073853,3.061601162,8767,14096,0.22799158096313477
32.79896927,94.80076599,3.061979294,8057,14207,0.2320091724395752
32.80154419,95.00273895,3.062936306,7307,14422,0.23227190971374512
33.00170898,90.02293396,3.061384678,4569,8561,0.2317643165588379
33.00031281,90.19497681,3.06287384,4542,8428,0.2319784164428711
33.00071716,90.39801025,3.061937332,4550,8397,0.23065543174743652
33.00176239,90.59778595,3.061851025,4493,8221,0.23185086250305176
32.99880981,90.79840088,3.062282562,4422,8068,0.23561620712280273
33.00035095,91.00005341,3.060778141,4421,7982,0.22952890396118164
33.00291443,91.20020294,3.062224388,4440,7850,0.22815990447998047
32.99904251,91.39846802,3.062646389,4478,7926,0.2294754981994629
32.99856949,91.59883118,3.062953949,4537,7737,0.22994422912597656
32.99690628,91.79917908,3.061025143,4752,7842,0.23223209381103516
32.9992485,91.99809265,3.0626688,4875,8029,0.2326805591583252
33.00295258,92.19923401,3.061748505,5181,8328,0.23063063621520996
33.00131607,92.40003204,3.061036587,5646,8930,0.2350001335144043
33.0022583,92.60027313,3.062538624,6667,9955,0.23217463493347168
33.00214005,92.80059814,3.060549736,8456,11193,0.22589969635009766
32.99964905,92.99987793,3.063082695,9870,11892,0.22762179374694824
33.00152969,93.19880676,3.060894966,8816,11511,0.23047876358032227
33.00109863,93.39950562,3.061516762,7869,11214,0.2303330898284912
32.99601746,93.602005,3.062975407,7642,11086,0.22624444961547852
33.00102997,93.79850006,3.06208086,7993,11720,0.23488092422485352
33.00325775,93.9977417,3.061178684,8396,12965,0.2307581901550293
33.00183487,94.20066071,3.06221199,8575,13296,0.22791218757629395
33.00239944,94.40283203,3.061816692,8436,13689,0.22770309448242188
32.99692535,94.60131073,3.063181877,8005,13660,0.22643208503723145
32.99807739,94.79936218,3.062684059,7131,13341,0.22507715225219727
32.99953461,94.99972534,3.060778141,6418,13288,0.2331078052520752
