25.00073242,19.99900436,5.434828758,3417,5751,0.2282259464263916
24.99623489,22.49653244,5.4347229,3497,5779,0.2277357578277588
24.99561691,25.01070786,5.435857773,3629,5767,0.23166418075561523
24.99773407,27.51348114,5.436052322,3693,5669,0.2207634449005127
25.00151443,30.02180481,5.435307026,3713,5799,0.22046756744384766
24.99855804,32.52636337,5.435733795,4430,5816,0.2210979461669922
24.99954605,35.03365326,5.435778618,10788,9249,0.22626018524169922
25.0000267,37.53800201,5.435835838,10337,10062,0.22723698616027832
24.99943542,40.04117584,5.436169624,10276,10002,0.22600650787353516
24.99832153,42.54621887,5.436800957,10254,9949,0.22366666793823242
24.99912262,45.05480194,5.435471058,10137,9847,0.22519850730895996
25.00096512,47.55556488,5.436978817,10093,9858,0.22629380226135254
25.0013504,50.05193329,5.436779022,4216,6780,0.23499846458435059
24.99866486,52.55770874,5.435939789,3709,5923,0.22792935371398926
25.00055695,55.0619812,5.43616724,3774,5872,0.22702383995056152
25.00285339,57.56511688,5.437394142,3737,5827,0.22978496551513672
25.00039291,60.0702858,5.436236382,3810,5720,0.22212433815002441
24.99708557,62.5737648,5.435209274,8009,6437,0.232696533203125
24.99951935,65.06994629,5.437210083,9939,9776,0.2255396842956543
25.00227737,67.57545471,5.437551498,7357,9106,0.21988964080810547
24.99808121,70.07654572,5.436131477,4573,7684,0.229750394821167
27.50124359,19.8645401,5.435006618,3549,5912,0.23015308380126953
27.50231934,22.49517822,5.436941147,3631,5774,0.23444223403930664
27.50193787,25.0011673,5.436224937,3479,5724,0.22497081756591797
27.50034714,27.50602722,5.43476963,3773,5814,0.225661039352417
27.49858093,30.01766205,5.436710358,3867,6030,0.22707366943359375
27.50020981,32.52276611,5.436703205,8454,6840,0.23027324676513672
27.50061798,35.02898407,5.436416626,10675,10148,0.22861433029174805
27.5006218,37.53379822,5.435082436,10601,10224,0.22778868675231934
27.50149536,40.03458405,5.435167313,10505,10218,0.22809791564941406
27.50061035,42.54231644,5.435821533,10606,10135,0.2225489616394043
27.49876785,45.04869461,5.4347682,10440,10216,0.22168231010437012
27.49717331,47.55046844,5.436173916,7638,9032,0.22720766067504883
27.49946976,50.05218124,5.435604572,3918,6150,0.23004508018493652
27.49957657,52.5548172,5.435554981,3694,5977,0.22339940071105957
27.50014877,55.06311035,5.436411858,3804,6032,0.22555255889892578
27.49951935,57.56266022,5.436449051,3778,6031,0.22771906852722168
27.4991188,60.06735611,5.436293602,4903,6258,0.22437739372253418
27.50217438,62.56896973,5.435807228,10272,9563,0.22575044631958008
27.49962616,65.06917572,5.436751366,10291,9997,0.23280620574951172
27.49874878,67.56803131,5.436253548,10164,9766,0.22094273567199707
27.49832916,70.0723114,5.436578751,8631,8931,0.23107337951660156
30.01039505,19.85959625,5.434664726,3561,5815,0.22781109809875488
30.00595093,22.49134445,5.436276436,3562,5911,0.22696232795715332
30.00011063,25.00019455,5.436002731,3718,5728,0.22806024551391602
29.99868011,27.51132584,5.435064316,3788,6002,0.22246217727661133
30.00224495,30.01570511,5.435459137,5393,6251,0.21878552436828613
30.00219345,32.52164078,5.434773922,10743,9758,0.22031593322753906
29.99765968,35.02822876,5.436004639,10281,9996,0.21956872940063477
30.00258064,37.53407669,5.435243607,10312,10070,0.22835159301757812
29.99983597,40.03876114,5.436637878,10287,10223,0.22785258293151855
30.00056267,42.54185867,5.435756683,10320,10085,0.2316150665283203
30.00075912,45.04721451,5.434934139,9889,9695,0.22460603713989258
30.0028019,47.55098343,5.436384201,4054,6545,0.22749018669128418
30.00086021,50.05488968,5.434980392,3646,6081,0.22097229957580566
29.99816132,52.55822372,5.435334206,3721,5897,0.22970914840698242
30.00063896,55.05706024,5.436315536,3842,6033,0.22733068466186523
30.00145149,57.55441284,5.436199665,4137,6018,0.23256874084472656
30.0007534,60.0675354,5.437196732,8327,7018,0.22486305236816406
29.99856567,62.56988907,5.436442852,10228,10103,0.22472643852233887
29.99814796,65.0723877,5.436434746,10300,10003,0.22721385955810547
30.00177002,67.5633316,5.43524456,10402,9901,0.22421860694885254
30.00084305,70.07239532,5.435127258,10320,10115,0.2200946807861328
32.50764465,19.84806061,5.436394691,3701,5907,0.23039627075195312
32.5021553,22.48870087,5.434565067,3810,5929,0.2203829288482666
32.50253677,24.99963379,5.435176373,3805,6100,0.23119282722473145
32.49949646,27.50901413,5.436041355,4071,6185,0.23411178588867188
32.49574661,30.01825714,5.436691761,8835,7596,0.22439241409301758
32.50222778,32.52204514,5.435127735,10728,10109,0.22782015800476074
32.50392151,35.02700806,5.436463356,10633,10265,0.22409701347351074
32.50000763,37.5358429,5.436073303,10522,10187,0.23301434516906738
32.49868011,40.03776932,5.436215401,10464,10140,0.2267465591430664
32.50158691,42.54525375,5.435309887,10573,10325,0.22537565231323242
32.50201035,45.04691696,5.435505867,6009,8742,0.22060012817382812
32.49860001,47.55159378,5.436100006,3836,6187,0.21859502792358398
32.50010681,50.05990219,5.435756207,3754,6175,0.22809338569641113
32.50129318,52.55560303,5.436266422,3743,6104,0.22761845588684082
32.50071716,55.06407547,5.436628342,3910,6043,0.2214195728302002
32.50032806,57.56576538,5.436685562,6290,6492,0.22468137741088867
32.50028992,60.06775284,5.43602562,10741,10133,0.23199987411499023
32.5003891,62.56248856,5.435741425,10479,10162,0.2235107421875
32.49935913,65.07181549,5.434669495,10424,10372,0.23005247116088867
32.50004578,67.56715393,5.435911655,10381,10136,0.22941803932189941
32.50270844,70.06668091,5.435685158,10222,10173,0.22116470336914062
35.01898193,19.85008621,5.435454369,3712,5882,0.23020243644714355
35.00300598,22.49090576,5.434567451,3867,6062,0.2254025936126709
35.00086212,24.99895096,5.435210705,4011,5950,0.22772765159606934
35.00164795,27.51096344,5.435404301,7758,6728,0.22548413276672363
35.00067139,30.01778412,5.434971809,11174,10248,0.2207961082458496
34.99829865,32.52220154,5.435937881,10229,10297,0.2257843017578125
34.99989319,35.02962494,5.435595512,10569,10276,0.2272653579711914
35.00108337,37.53195953,5.434230328,10558,10025,0.22243547439575195
35.00048065,40.03823853,5.436558723,10336,9966,0.21838593482971191
35.00002289,42.54661179,5.436164856,9478,8645,0.22229242324829102
35.00029755,45.04854202,5.436486244,3765,6049,0.22090721130371094
34.99938965,47.55627823,5.435877323,3658,5942,0.22725915908813477
35.0019455,50.05283737,5.436116219,3700,5897,0.23076128959655762
35.00102234,52.555233,5.436738491,3762,5930,0.2305130958557129
35.00172424,55.05679703,5.43814373,4167,6041,0.2268238067626953
35.00170898,57.56348801,5.435811043,9043,7973,0.23305153846740723
35.0014801,60.06313324,5.435894966,10062,9837,0.22537827491760254
34.99951172,62.5658226,5.4358778,10108,9655,0.22095751762390137
35.0003624,65.07197571,5.435983658,10253,9965,0.22960424423217773
34.99863815,67.56840515,5.435389519,10057,9888,0.22810983657836914
34.99832916,70.06044769,5.434724331,9846,9628,0.23578596115112305
37.52075195,19.85864639,5.435360909,3582,5742,0.22778725624084473
37.50424576,22.48892593,5.435518265,3688,5842,0.22804522514343262
37.50424576,25.00082779,5.435341835,4419,5925,0.22394013404846191
37.50048828,27.50637436,5.435312748,9919,9340,0.2306535243988037
37.50185776,30.01861191,5.436224937,10388,9992,0.23310446739196777
37.5006485,32.52172089,5.435696602,10208,9839,0.2307872772216797
37.50164795,35.02949524,5.435532093,10414,10077,0.22426891326904297
37.50367737,37.53408813,5.435696602,10370,9876,0.23038268089294434
37.50032043,40.03913116,5.437119484,10276,9748,0.226973295211792
37.49815369,42.54320526,5.436236382,4485,7023,0.2297680377960205
37.49979401,45.04499054,5.43586731,3641,6150,0.22214150428771973
37.50373077,47.55037308,5.435927391,3754,5979,0.22268319129943848
37.49884796,50.05580139,5.435921192,3811,5693,0.22829341888427734
37.50210571,52.55653,5.435289383,3918,6052,0.22263407707214355
37.5050621,55.06257248,5.435369015,8246,6691,0.22385716438293457
37.50037384,57.56483078,5.436123848,10457,10043,0.22499799728393555
37.50024414,60.06649399,5.43565321,10062,9857,0.224534273147583
37.5007019,62.56863785,5.436578751,10051,10042,0.2219393253326416
37.49963379,65.07099152,5.435684204,10116,9850,0.2346973419189453
37.50078964,67.56557465,5.435370445,9879,9751,0.22811675071716309
37.50047302,70.06377411,5.435522079,8663,8317,0.22905492782592773
40.02670288,19.85910797,5.437187195,3707,5918,0.23068928718566895
40.00601578,22.49367142,5.436675072,3932,5906,0.2247028350830078
40.00223541,25.00338745,5.436021328,8132,6829,0.2290356159210205
40.0028038,27.50839233,5.435937881,10436,10046,0.22359585762023926
40.00131226,30.01771927,5.435283184,10477,10161,0.22110533714294434
40.00382233,32.5237999,5.43597126,10398,10035,0.2326953411102295
40.00235367,35.02751923,5.435573101,10383,10414,0.22393417358398438
39.99872208,37.53354645,5.436468124,10403,10008,0.22681832313537598
39.99816513,40.03883362,5.436207771,7879,8747,0.22671985626220703
40.0016861,42.54372025,5.436290741,3733,5981,0.22639226913452148
40.00230408,45.04914093,5.436341763,3667,5851,0.21881461143493652
40.00434113,47.55387497,5.436028481,3678,5928,0.23070716857910156
40.00384521,50.05484009,5.436450958,3795,5792,0.22815728187561035
40.00192261,52.55174637,5.435934544,4952,6054,0.2285614013671875
40.00016022,55.06390381,5.436689377,10074,9656,0.22620606422424316
40.00212479,57.56030655,5.436324596,10151,9628,0.2298285961151123
40.00175476,60.05675507,5.436256886,10004,9818,0.22861528396606445
40.00180435,62.56894684,5.435549736,9996,9736,0.23090100288391113
40.00011444,65.06729889,5.434807777,10002,9653,0.22615575790405273
39.99578476,67.57145691,5.435292244,9915,9357,0.23197698593139648
39.99867249,70.06329346,5.435475349,4231,6862,0.22809672355651855
42.53019714,19.84826279,5.436571121,3904,5897,0.22835063934326172
42.50800323,22.49066925,5.435282707,5172,6212,0.22137212753295898
42.50039291,24.99752045,5.435171127,10391,9641,0.22693347930908203
42.49858856,27.51191711,5.436566353,10281,9725,0.22558188438415527
42.50358582,30.01597977,5.435564041,10360,9765,0.22754955291748047
42.50493622,32.52281952,5.435935974,10080,9657,0.2238602638244629
42.50169373,35.02909851,5.435411453,10148,9989,0.22458457946777344
42.49992371,37.53488922,5.435582161,9841,9572,0.22462081909179688
42.49958038,40.03760529,5.43514061,3941,6339,0.2248384952545166
42.50071335,42.5434494,5.435227394,3642,5738,0.2270653247833252
42.50166321,45.04577637,5.435297012,3670,6008,0.21960091590881348
42.50191498,47.55148315,5.436289787,3756,5803,0.2228403091430664
42.50112152,50.05749512,5.436237335,3930,5939,0.22919559478759766
42.50263214,52.55470276,5.436248779,8930,6975,0.2218787670135498
42.50007629,55.06015778,5.435766697,10079,9885,0.22202777862548828
42.50123596,57.56647873,5.43581295,10247,9946,0.22829580307006836
42.50046158,60.06371307,5.436415672,10216,9771,0.22446799278259277
42.49532318,62.57097626,5.435912609,10010,9656,0.2280285358428955
42.49880981,65.06523132,5.436178207,9900,9611,0.2222578525543213
42.50121689,67.57194519,5.435972214,7010,8561,0.23459148406982422
42.50185394,70.06600952,5.436426163,3744,6062,0.2290973663330078
45.03050232,19.85914612,5.43663311,4009,5989,0.227830171585083
45.00643158,22.49094772,5.435060024,9284,7187,0.2210843563079834
45.00391006,24.99822235,5.434640884,10625,10174,0.22549867630004883
45.00411987,27.51041794,5.434983253,10475,10129,0.22600531578063965
45.00354004,30.01672363,5.434263229,10278,10039,0.22825026512145996
44.99986649,32.52331924,5.435645103,10355,9972,0.22720551490783691
45.00083923,35.02767563,5.435260773,10043,10013,0.22538137435913086
45.00331879,37.53299713,5.436449051,6121,8702,0.2256758213043213
44.99998474,40.0392189,5.435154915,3797,6046,0.22231626510620117
45.00016022,42.54659271,5.435515404,3735,5784,0.2227926254272461
45.00296021,45.04780197,5.43656683,3598,5930,0.2304391860961914
45.00185394,47.54889679,5.436758041,3825,6077,0.22101616859436035
44.998909,50.05617523,5.436478138,6507,6542,0.2201099395751953
45.00326157,52.56274796,5.436223984,10535,9594,0.2283165454864502
44.99935532,55.06184387,5.436488152,10289,9990,0.2225511074066162
44.99858856,57.56699371,5.43626976,10266,9912,0.22206997871398926
45.00217438,60.06858826,5.435116768,9984,9704,0.22585558891296387
45.0042038,62.5697403,5.436546803,9646,9533,0.22792577743530273
45.00018311,65.07037354,5.435723305,9236,9186,0.22683405876159668
44.99920654,67.56768799,5.436571121,4078,6302,0.22723007202148438
45.00067139,70.06781769,5.435866356,3639,5898,0.23513507843017578
47.53376007,19.86561966,5.435391426,6840,6421,0.22750616073608398
47.50583267,22.48590851,5.43465662,11055,9750,0.22214722633361816
47.50086975,25.00162506,5.435795784,10417,10000,0.2274951934814453
47.50653458,27.5090332,5.435617924,10611,10152,0.22919607162475586
47.50670624,30.01673889,5.436063766,10503,10271,0.22486639022827148
47.49901199,32.52103424,5.434158802,10144,9953,0.22492122650146484
47.49776459,35.02855682,5.435891628,9553,9152,0.2246847152709961
47.50292969,37.53334045,5.435035229,3859,5963,0.23002171516418457
47.50321198,40.03736877,5.435945988,3761,6010,0.22082829475402832
47.49775696,42.54485321,5.435830593,3765,5994,0.2277517318725586
47.49418259,45.04627991,5.434897423,3998,5994,0.2317335605621338
47.49751282,47.54981232,5.436935902,4339,6058,0.2245471477508545
47.50215149,50.05466461,5.437046528,9789,8345,0.22413372993469238
47.50252914,52.55889511,5.436187744,10744,10120,0.23053526878356934
47.49928284,55.05842972,5.435894012,10228,10121,0.22161030769348145
47.49983597,57.56998444,5.435075283,10269,10034,0.22352385520935059
47.50351715,60.06753922,5.435893059,10132,9728,0.22473788261413574
47.50034332,62.56982422,5.43524456,9029,9009,0.2271428108215332
47.49941635,65.07028961,5.435589314,5804,8342,0.22599291801452637
47.49967957,67.56855774,5.435419083,3752,6130,0.2235426902770996
47.50186539,70.07009888,5.435260773,4017,5876,0.22215604782104492
50.03549957,19.85569382,5.436427116,10056,8709,0.22777414321899414
50.00611877,22.49291992,5.435819149,10845,10416,0.22506451606750488
50.00458527,24.99857712,5.434678555,10568,10340,0.22854018211364746
50.00205994,27.510952,5.435006142,10660,10227,0.23164772987365723
49.99962234,30.01927948,5.436466694,10635,10359,0.2294015884399414
49.99951172,32.52441788,5.435432434,10671,10096,0.22507095336914062
50.00635529,35.02903748,5.435128212,4808,7444,0.22643303871154785
50.00161743,37.53321075,5.436571598,3742,6006,0.22340154647827148
49.99699783,40.03895569,5.436297894,3797,5994,0.22083783149719238
50.00175095,42.54252243,5.435844421,3808,5978,0.22075724601745605
50.0027504,45.04943085,5.435498714,3947,6218,0.21901988983154297
49.99676514,47.55306625,5.434889793,7869,6663,0.22095894813537598
50.00067902,50.05564117,5.436035156,10805,10072,0.23310637474060059
50.00124359,52.55618668,5.435667992,10518,10247,0.22113299369812012
50.00410843,55.06140137,5.435773849,10334,10112,0.22940993309020996
49.99740601,57.56576538,5.435538292,10142,9965,0.22462153434753418
49.99888611,60.06577301,5.435748577,9653,9793,0.22461700439453125
50.00460052,62.56970596,5.43481493,9796,8973,0.23134970664978027
50.00450516,65.06564331,5.435464859,3989,6220,0.22626805305480957
50.00096893,67.56748199,5.435397148,3817,6069,0.22514986991882324
49.99930191,70.07085419,5.435965538,3756,6068,0.2289884090423584
52.537117,19.85907364,5.435783863,10820,10150,0.22492456436157227
52.50785446,22.48621368,5.435647964,10660,10308,0.22397541999816895
52.50637054,24.99881744,5.4346385,10810,10320,0.22672581672668457
52.50338364,27.51019669,5.436285973,10441,10583,0.22396111488342285
52.50385284,30.01809311,5.435276985,10614,10235,0.22610974311828613
52.50114822,32.52273941,5.43585062,8098,8939,0.22661876678466797
52.50099182,35.02884674,5.436470985,3814,6195,0.22268962860107422
52.50437927,37.53379059,5.435469627,3835,6000,0.22362303733825684
52.50070572,40.03937531,5.434976578,3725,6027,0.227766752243042
52.49833298,42.54318237,5.43659687,3869,5949,0.22378873825073242
52.4995575,45.04393768,5.435347557,4904,6402,0.23022985458374023
52.5040741,47.55195999,5.435807228,9812,9974,0.22638607025146484
52.50062561,50.05223083,5.436271667,10250,10060,0.233079195022583
52.49759674,52.55779266,5.43710804,10501,9895,0.22210288047790527
52.49700928,55.06324768,5.435504913,10232,9837,0.22092390060424805
52.50369263,57.56728363,5.434586525,9906,9889,0.22716927528381348
52.50099182,60.06448746,5.435792923,9311,9129,0.2263936996459961
52.49956512,62.57024002,5.436297417,4274,6800,0.22166204452514648
52.498806,65.07390594,5.436313152,3710,6019,0.22893953323364258
52.50039673,67.56648254,5.435670853,3811,5831,0.2228107452392578
52.50059509,70.07175446,5.435946465,3846,5896,0.22312450408935547
55.03723526,19.85174561,5.43567276,10551,10281,0.22648119926452637
55.00796127,22.49026489,5.435793877,10713,10279,0.22397232055664062
55.00597763,24.99908447,5.434831142,10598,10429,0.22094273567199707
55.00457382,27.50891495,5.435577393,10628,10372,0.22559690475463867
55.00035095,30.0187645,5.43601799,10381,10119,0.2301785945892334
55.00230408,32.52180481,5.434763908,4140,6648,0.2281498908996582
55.00325775,35.02825928,5.435367584,3715,6018,0.22165751457214355
55.00279236,37.53378296,5.435539246,3661,6022,0.2234334945678711
55.00157928,40.03929138,5.435928345,3905,6121,0.2326045036315918
55.00164032,42.54288483,5.4352808,4090,6091,0.2203381061553955
54.99998474,45.04919052,5.435432434,8811,7182,0.22383499145507812
55.00140381,47.55223846,5.435914516,10546,10203,0.22823667526245117
55.0019455,50.05371475,5.436264038,10602,10200,0.22977828979492188
55.00071335,52.55521393,5.435105801,10560,10188,0.22880768775939941
54.9994812,55.0544548,5.435726166,10423,10288,0.22841191291809082
54.99649048,57.56461334,5.43508625,10261,10098,0.2281627655029297
54.99842834,60.0634346,5.436964035,7027,8628,0.2240900993347168
55.00049973,62.57378006,5.436973572,3803,6078,0.23032903671264648
55.00291824,65.06609344,5.435130119,3779,5903,0.2259228229522705
54.99827194,67.56998444,5.437005043,3813,5881,0.22557377815246582
55.00202942,70.06544495,5.436288834,3920,5954,0.2276749610900879
57.54318237,19.8570137,5.436257839,10792,10239,0.22478938102722168
57.50691986,22.48759079,5.435428143,10809,10352,0.2304368019104004
57.49977875,25.00202942,5.435948372,10488,10298,0.2248213291168213
57.50094604,27.51105499,5.435557365,10451,10057,0.23008513450622559
57.50232697,30.01914978,5.436439514,6218,9078,0.23021364212036133
57.50331497,32.5235672,5.436889648,3672,6049,0.22365117073059082
57.50149536,35.02825165,5.437195778,3688,6072,0.22287821769714355
57.49991608,37.533638,5.435882568,3737,5955,0.22336769104003906
57.50458145,40.03538513,5.437064171,3714,5957,0.2299959659576416
57.50288391,42.54243851,5.436637402,6067,6453,0.2218785285949707
57.49899292,45.04943085,5.435785294,10526,9798,0.2219867706298828
57.50151825,47.5525589,5.436605453,10492,9974,0.22359561920166016
57.50183105,50.05715561,5.435297012,10446,9993,0.22882390022277832
57.49821854,52.55484772,5.436472893,10458,9960,0.22387218475341797
57.50130081,55.05910873,5.435740948,10354,9791,0.2254035472869873
57.50266266,57.56539536,5.436479568,9530,9698,0.2291259765625
57.5018425,60.06346512,5.435857773,3994,6500,0.22380948066711426
57.49692535,62.57164764,5.436214447,3730,6058,0.22411131858825684
57.50030518,65.07009125,5.436507225,3723,5864,0.2266843318939209
57.50279236,67.56822968,5.434808254,3864,5845,0.2207655906677246
57.50153351,70.06881714,5.436371803,4106,5932,0.2270946502685547
60.03978348,19.85855103,5.435903549,10620,10259,0.2283468246459961
60.00991058,22.49104309,5.435009003,10582,10197,0.22952747344970703
60.00802231,25.00294113,5.43490839,10326,10275,0.2230815887451172
60.00287247,27.50799561,5.435655117,9798,9207,0.22580337524414062
59.99871063,30.01700592,5.43512249,3897,6464,0.22179746627807617
60.00024033,32.52411652,5.437592506,3791,5958,0.22987866401672363
60.001297,35.02879715,5.435199738,3817,5865,0.22577428817749023
60.00406647,37.53269958,5.435848236,3899,6098,0.22982454299926758
60.00054932,40.04122162,5.436685562,4387,6219,0.21816277503967285
60.00221252,42.54349899,5.435891151,8869,7928,0.22344565391540527
60.00164032,45.04855347,5.435915947,10738,10151,0.22102808952331543
60.0001564,47.55428696,5.436650276,10614,10149,0.2223663330078125
60.00244904,50.05557632,5.435533524,10490,10201,0.22298741340637207
59.99885178,52.55890274,5.435822487,10191,9941,0.226715087890625
59.99848938,55.06000519,5.436202526,10319,10063,0.22745895385742188
60.00076675,57.56517029,5.435736656,6171,8395,0.2268998622894287
60.00465393,60.06253052,5.437011242,3953,6018,0.22237777709960938
59.99787903,62.57110214,5.434751987,3890,5994,0.22399663925170898
59.99968338,65.07268524,5.434521675,3874,6011,0.22541213035583496
60.00259399,67.56748199,5.435422897,3794,6138,0.22409439086914062
60.00119019,70.06796265,5.435914993,6975,6723,0.22810149192810059
62.54182053,19.86091614,5.435390472,10658,10182,0.22948646545410156
62.50769806,22.49163055,5.435979843,10642,10249,0.22891998291015625
62.50391388,25.00154495,5.436330318,10413,10262,0.22640275955200195
62.50272751,27.50967026,5.436013699,4889,7437,0.2270803451538086
62.50467682,30.01696014,5.435008049,3771,6109,0.22824740409851074
62.49923325,32.52546692,5.436139107,3776,5864,0.23309636116027832
62.49983215,35.03001404,5.435949326,3761,6011,0.2299647331237793
62.50212479,37.53158188,5.435803413,4011,6024,0.23429489135742188
62.50346375,40.03520203,5.435993195,8435,6799,0.22466349601745605
62.4990654,42.54425049,5.434984684,11113,10102,0.22632169723510742
62.49947739,45.04745483,5.435956001,10643,10211,0.22534489631652832
62.5032692,47.55146408,5.435884476,10520,10128,0.22921514511108398
62.50211716,50.05311966,5.435845375,10488,10101,0.22839927673339844
62.50045395,52.5561676,5.435586929,10319,9955,0.21927976608276367
62.50022888,55.05976486,5.436612129,8788,8480,0.23453402519226074
62.50151062,57.5602417,5.436218739,3945,6249,0.23145031929016113
62.4998436,60.06459045,5.43546772,3726,5905,0.22407913208007812
62.49772263,62.56509018,5.436166763,3823,5956,0.2256467342376709
62.50049973,65.07488251,5.435525417,3858,5991,0.22253084182739258
62.50077438,67.57357025,5.436350822,4604,6106,0.22113370895385742
62.49961472,70.07086945,5.435592175,8904,8636,0.22949433326721191
65.04114532,19.86063004,5.435000896,10382,10188,0.22733712196350098
65.00920105,22.49271774,5.436005592,10464,9941,0.22846627235412598
65.00561523,25.00157547,5.436222076,8386,8718,0.23155546188354492
65.00421143,27.51254654,5.434987545,3871,6215,0.23215937614440918
65.00308228,30.01902008,5.435627937,3783,5981,0.22439050674438477
65.00190735,32.52297974,5.436296463,3855,6089,0.227125883102417
65.00268555,35.02880096,5.435540676,3901,5996,0.22811651229858398
65.00106812,37.53433609,5.436043739,4931,6361,0.2265937328338623
65.00321198,40.03888702,5.436174393,10412,9951,0.22536277770996094
65.00202179,42.54392242,5.435588837,10640,10398,0.2224440574645996
65.00100708,45.04898834,5.436020851,10615,10443,0.22842669486999512
65.00048828,47.55121994,5.43467617,10615,10246,0.22771048545837402
64.99954987,50.05380249,5.435943604,10507,10259,0.224503755569458
65.00045776,52.55908585,5.436964035,10431,10044,0.22912025451660156
65.00286865,55.05886078,5.436420441,4614,7106,0.2283477783203125
65.00127411,57.55755615,5.435927391,3830,6073,0.2255842685699463
65.00093079,60.06675339,5.435446739,3905,5989,0.22481322288513184
65.00022888,62.57177734,5.436323166,3958,6135,0.2240467071533203
65.00356293,65.06829071,5.436099052,4249,6365,0.2269449234008789
65.00193024,67.57035065,5.437020302,7752,7006,0.22308802604675293
64.99798584,70.07348633,5.437542915,10960,10068,0.22891616821289062
67.54122925,19.87451935,5.435631275,10567,10199,0.23079729080200195
67.51158142,22.48478317,5.43596077,10459,10326,0.2298276424407959
67.50715637,25.00242996,5.436083794,4239,6549,0.23545002937316895
67.50463867,27.510746,5.435698509,3938,6142,0.22966766357421875
67.50164032,30.01641464,5.434990883,3850,5965,0.2240762710571289
67.50074005,32.52552032,5.43591404,3919,6161,0.226226806640625
67.50399017,35.02922821,5.436118603,4061,6328,0.22464251518249512
67.50274658,37.53299713,5.436711311,8087,7109,0.22728323936462402
67.49920654,40.03424072,5.435570717,10966,10270,0.2214348316192627
67.5005188,42.54560089,5.435282707,10781,10485,0.21923542022705078
67.50189972,45.04965973,5.436186314,11033,10596,0.22203326225280762
67.50084686,47.55080414,5.43615675,10733,10519,0.22835755348205566
67.50027466,50.05392838,5.43693924,10561,10260,0.2283010482788086
67.50175476,52.55764008,5.436393738,7760,8865,0.2289431095123291
67.50157928,55.05278015,5.436107635,3922,6208,0.22817373275756836
67.50092316,57.56687927,5.436639309,3949,6341,0.2244570255279541
67.50448608,60.07125473,5.435417652,3908,6123,0.2250065803527832
67.50270081,62.57024002,5.435608864,4017,6285,0.22736239433288574
67.50069427,65.06768036,5.436520576,5494,6529,0.22048306465148926
67.49917603,67.57315063,5.43696785,9932,10074,0.22060823440551758
67.50206757,70.0712204,5.436561584,10605,10254,0.22752118110656738
70.04533386,19.86114883,5.435440063,5691,7120,0.229478120803833
70.00820923,22.49089432,5.436379433,5982,8779,0.22678065299987793
70.00574493,25.00192261,5.436165333,3841,6214,0.22806286811828613
70.00520325,27.5111351,5.436089516,3849,6312,0.22881531715393066
70.0043869,30.01478958,5.435317993,3836,6180,0.2242445945739746
70.00213623,32.5239563,5.435530663,4032,6280,0.22473359107971191
69.99993896,35.03110123,5.43596077,6080,6512,0.2277238368988037
70.00027466,37.53225327,5.435504436,10638,10298,0.23360657691955566
70.00198364,40.04006958,5.435928345,10986,10668,0.22362613677978516
70.00183868,42.54397202,5.43591404,10961,10687,0.21798348426818848
69.99983215,45.05117416,5.436041355,10781,10600,0.22608184814453125
70.0020752,47.55305099,5.435997963,10758,10349,0.2263646125793457
69.99684143,50.05479813,5.436187744,10285,9921,0.22930121421813965
69.99839783,52.55639648,5.43571949,4245,6728,0.22876715660095215
70.00048065,55.05399323,5.435422897,3898,6116,0.2317948341369629
70.00399017,57.56546783,5.43584156,3836,6132,0.23184418678283691
70.00278473,60.06478882,5.436002254,3945,6131,0.22054815292358398
70.00115967,62.57003021,5.436682701,4466,6243,0.23018622398376465
70.00212097,65.06462097,5.437311172,8976,7484,0.22741913795471191
70.00468445,67.56923676,5.43686676,10621,10291,0.2278294563293457
70.00035858,70.06652069,5.436223507,10962,10252,0.22779536247253418
72.54078674,19.87262344,5.4360466,3809,5972,0.2306685447692871
72.51065063,22.48722076,5.435199738,3806,6107,0.2288501262664795
72.50624847,25.00182724,5.434860229,3723,6114,0.22722816467285156
72.50312805,27.50990677,5.435409546,3714,6111,0.22723889350891113
72.50268555,30.01717758,5.435435295,3812,6152,0.22145366668701172
72.50540924,32.52212524,5.434638023,4326,6311,0.23528623580932617
72.50223541,35.02794647,5.435484886,9498,8085,0.23513555526733398
72.50424957,37.53244019,5.435515881,10747,10563,0.2221229076385498
72.50216675,40.03668594,5.435043335,10718,10368,0.22228741645812988
72.49879456,42.54380798,5.436120033,10860,10275,0.22358202934265137
72.50037384,45.04999542,5.436261654,10820,10247,0.2275540828704834
72.50208282,47.5531311,5.436082363,10634,10381,0.22520661354064941
72.50060272,50.05356598,5.435476303,5896,8223,0.2280116081237793
72.50011444,52.55498123,5.436420441,3784,6194,0.22782588005065918
72.50230408,55.05375671,5.435311317,3874,6065,0.23447585105895996
72.50134277,57.56199265,5.436284065,3813,6070,0.22513198852539062
72.49961853,60.067276,5.436127663,4117,6170,0.2277824878692627
72.49745178,62.5633316,5.436087608,7332,6617,0.2249150276184082
72.50273895,65.06964874,5.43545723,10888,9745,0.2274610996246338
72.50354004,67.56787109,5.43631506,10866,10401,0.22488641738891602
72.49886322,70.06945038,5.436312675,10849,10249,0.22743511199951172
75.04162598,19.86446381,5.436930656,3751,6000,0.2238292694091797
75.01115417,22.48715973,5.435970783,3594,6023,0.22212648391723633
75.00333405,25.0001297,5.436089039,3722,6123,0.22092127799987793
75.00222015,27.50885391,5.434391975,3736,5975,0.22591686248779297
75.00695801,30.01597977,5.435638428,3794,6116,0.2284536361694336
75.00359344,32.52262878,5.435894966,7441,6707,0.22481012344360352
75.00172424,35.02939606,5.436276436,11045,10080,0.2289578914642334
75.00080872,37.53468323,5.435652733,10854,10321,0.2279362678527832
75.00114441,40.03948975,5.435972691,10671,10413,0.22797179222106934
74.99971008,42.54148865,5.434989452,9800,10130,0.2282416820526123
74.99736023,45.04391098,5.436361313,10386,10395,0.2345881462097168
74.99884033,47.55051804,5.436904907,9454,8764,0.22039389610290527
75.00230408,50.05802917,5.436092377,3981,6419,0.21954727172851562
75.00125122,52.56147766,5.436378479,3844,6080,0.2288193702697754
75.0014801,55.05218506,5.435795307,3904,6086,0.23172402381896973
74.99965668,57.56049728,5.435630798,3943,6045,0.23412752151489258
75.0021286,60.06316376,5.435965538,4421,6397,0.22464489936828613
75.00492096,62.56827164,5.436686039,9677,8109,0.227400541305542
75.00048828,65.06738281,5.436229706,10465,10171,0.22931385040283203
74.9993515,67.56257629,5.435931206,10660,10446,0.2254774570465088
75.00402832,70.0681076,5.436083794,10831,10388,0.22145628929138184
