30.00207901,84.99757385,3.063239098,4261,8062,0.23111319541931152
29.9997406,85.24842834,3.062197685,4444,8070,0.22949934005737305
29.99431419,85.49893951,3.061549664,4387,8022,0.2236185073852539
30.00197601,85.7483902,3.06146574,4594,8080,0.22229933738708496
30.0003376,85.9995575,3.062530994,4577,8012,0.2288517951965332
29.99994659,86.24979401,3.061007023,4853,7988,0.22156167030334473
30.00076866,86.50038147,3.062189579,5151,8309,0.22876286506652832
30.00125122,86.74873352,3.062979698,5588,9099,0.22920775413513184
29.99906349,87.00006104,3.062839508,6340,9556,0.23061132431030273
29.99830818,87.24894714,3.060739994,7655,10079,0.2229773998260498
29.99833679,87.49915314,3.061413288,7867,10746,0.2254483699798584
30.00266647,87.75018311,3.06303215,8281,11496,0.2218472957611084
29.99913788,88.00074005,3.061189175,8266,12147,0.23049068450927734
29.99731255,88.25068665,3.062242031,9026,13381,0.22058916091918945
30.00024986,88.49967957,3.060707092,8989,13696,0.21976399421691895
29.99815559,88.7495575,3.061774731,9141,14238,0.22404861450195312
29.99632454,89.00424957,3.061439037,9272,14093,0.23213601112365723
29.997715,89.25482941,3.062723637,9018,13991,0.23743486404418945
29.99863434,89.50161743,3.062054634,8525,14052,0.22823190689086914
30.00106621,89.75048828,3.062415123,8863,14013,0.22728538513183594
29.99931145,90.00176239,3.063006401,8482,14104,0.22475767135620117
29.99926186,90.25299072,3.062106609,8254,14293,0.22675275802612305
30.00017357,90.5022049,3.061937809,7975,14201,0.23250365257263184
30.00141907,90.7516861,3.061826706,7991,13079,0.23277783393859863
29.99875832,91.00083923,3.06058073,7905,12838,0.22236180305480957
30.24940109,85.02197266,3.063290596,4686,9514,0.22840356826782227
30.25084305,85.24758911,3.062027931,4453,8656,0.2252025604248047
30.25041962,85.49863434,3.062684536,4433,8298,0.2315349578857422
30.25085449,85.74565125,3.060709,4336,8044,0.22135615348815918
30.24702072,86.00023651,3.062601566,4433,8123,0.22821640968322754
30.24910736,86.24871826,3.062176228,4526,7982,0.22463417053222656
30.24966621,86.49568939,3.061145306,4641,7945,0.23078441619873047
30.24911499,86.75151825,3.062393665,4794,8208,0.2276902198791504
30.24936104,87.00102997,3.061842918,5304,8656,0.22616982460021973
30.25021744,87.24925232,3.061716557,6368,9569,0.2247753143310547
30.25052452,87.5002594,3.062488556,7441,9684,0.2259974479675293
30.24695015,87.75010681,3.061078548,7690,9803,0.22870731353759766
30.25025177,88.00087738,3.061469078,7473,10726,0.22632360458374023
30.251194,88.25196838,3.062144756,8197,11941,0.22717833518981934
30.24718475,88.50151062,3.063138008,9004,12904,0.22249197959899902
30.25164795,88.75157166,3.061767578,8861,13434,0.22773480415344238
30.25197411,89.00003052,3.062250614,9062,13819,0.22494888305664062
30.25238037,89.25334167,3.0629282,8512,14151,0.22599101066589355
30.25099373,89.50210571,3.061520576,9257,14487,0.22380757331848145
30.24873352,89.75234222,3.061779022,9147,14210,0.224776029586792
30.25011444,90.00216675,3.061984539,8965,14201,0.22853994369506836
30.24707603,90.25020599,3.063132286,8690,14504,0.22817111015319824
30.24610138,90.50396729,3.060419083,8522,13997,0.22616052627563477
30.25290489,90.75121307,3.062290668,8295,14107,0.22376155853271484
30.25118828,91.00231171,3.06058073,8262,13878,0.22884321212768555
30.5003376,85.00959778,3.061746597,6191,13693,0.23183465003967285
30.49974442,85.24617004,3.061834812,5318,11286,0.22257137298583984
30.49994278,85.49740601,3.062358379,4796,9630,0.22630929946899414
30.50118065,85.74598694,3.061669827,4593,9041,0.22605490684509277
30.49574661,85.99664307,3.062253952,4386,8447,0.22022771835327148
30.50156784,86.2506485,3.062072277,4264,8109,0.22955989837646484
30.50008392,86.49749756,3.059937954,4467,8356,0.23010492324829102
30.5002327,86.74884033,3.061714649,4438,8122,0.23037385940551758
30.49981308,86.99812317,3.061451912,4557,8148,0.2230842113494873
30.50058174,87.24904633,3.062246323,4863,8397,0.2313835620880127
30.50168037,87.49927521,3.061995983,5708,8733,0.22621822357177734
30.49745178,87.75071716,3.062587738,6579,9479,0.22292876243591309
30.50138283,88.00039673,3.065301418,7273,10154,0.22444987297058105
30.50242996,88.25054932,3.060743332,7293,10331,0.22828292846679688
30.50172043,88.50099945,3.061747551,8170,11657,0.24303460121154785
30.50252151,88.75169373,3.061988354,8287,12120,0.22341609001159668
30.49725723,89.00242615,3.061936855,8999,13336,0.2343599796295166
30.5025444,89.25138855,3.06186533,8868,13967,0.22526335716247559
30.50197029,89.50091553,3.06302166,9591,15187,0.2212212085723877
30.50085831,89.75110626,3.061100483,9359,14892,0.22605466842651367
30.49916267,90.00146484,3.062157631,9031,14109,0.2262263298034668
30.50300026,90.25099182,3.062477589,8964,13790,0.2230970859527588
30.49814987,90.5030365,3.060937405,8537,13871,0.22709155082702637
30.49731255,90.75411987,3.062781811,8566,13954,0.22469115257263184
30.49963188,91.00256348,3.06229353,8400,14197,0.22569561004638672
30.7502861,85.0200119,3.063731194,7069,15025,0.22021770477294922
30.74933243,85.24629211,3.061330318,7021,15206,0.2269582748413086
30.74824905,85.49764252,3.062436104,5813,12950,0.22742009162902832
30.74919891,85.74790955,3.062130928,4979,10101,0.22336959838867188
30.74910927,85.99783325,3.061333179,4587,9069,0.2270951271057129
30.74969864,86.25166321,3.062124729,4271,8589,0.22345709800720215
30.75138283,86.50048065,3.062360287,4214,8083,0.22760653495788574
30.75128555,86.74842834,3.0621562,4199,8187,0.22756576538085938
30.7503624,86.99929047,3.061336994,4353,7936,0.22788095474243164
30.7503109,87.25169373,3.063296318,4602,7999,0.2322988510131836
30.75105095,87.50170898,3.06297493,4791,8038,0.22624921798706055
30.74676323,87.74838257,3.062219143,5040,8475,0.22341537475585938
30.75078964,87.99882507,3.061115265,5816,9223,0.22840476036071777
30.74879265,88.25219727,3.061844826,6788,9735,0.22826790809631348
30.75150681,88.50192261,3.062681675,7712,10749,0.23314523696899414
30.74838638,88.75059509,3.063420296,8201,11632,0.23040080070495605
30.74868965,89.00228119,3.062229156,9157,12527,0.23246502876281738
30.74888229,89.25134277,3.061393261,9012,15085,0.22405266761779785
30.75178909,89.50231171,3.061644554,10029,16889,0.22955656051635742
30.75157928,89.75315094,3.061431885,9468,14640,0.2295851707458496
30.75163078,90.00130463,3.061050892,9325,14922,0.22483444213867188
30.74710846,90.25282288,3.061920166,9063,13618,0.22362732887268066
30.75081253,90.50326538,3.06124258,9106,13886,0.22676897048950195
30.7479763,90.75222778,3.061070442,8871,13976,0.22811365127563477
30.74901581,91.0022583,3.061648369,8603,14117,0.2268047332763672
30.99813652,85.01919556,3.063529015,6762,11816,0.2242293357849121
30.9998455,85.2472229,3.062012672,7831,14314,0.22796416282653809
30.99961662,85.49743652,3.061184406,7858,15071,0.22651028633117676
31.0003891,85.74819946,3.062338352,6564,14133,0.22500085830688477
30.99628067,86.00084686,3.062420368,5530,11384,0.22645235061645508
31.00230789,86.2478714,3.061090946,4842,10122,0.22797441482543945
31.0003891,86.49697876,3.059974194,4675,8756,0.22898149490356445
31.00096512,86.74851227,3.061932087,4344,8355,0.22241878509521484
31.00137901,87.00004578,3.063007832,4286,8242,0.2248079776763916
31.00101852,87.24893188,3.061442375,4221,8098,0.22773289680480957
30.99877357,87.49939728,3.06150198,4321,8159,0.22832536697387695
31.0012207,87.74993896,3.062322617,4548,8206,0.2273850440979004
30.99901009,88.00048828,3.061903,4873,8029,0.23483800888061523
30.999403,88.25186157,3.062092304,5370,8997,0.2250809669494629
30.99928665,88.50031281,3.061331272,6617,12183,0.2250986099243164
31.00047493,88.75068665,3.061868668,7787,14302,0.23358416557312012
31.00182915,89.00067139,3.062219143,9146,14650,0.239976167678833
31.00006676,89.25286865,3.061746597,9994,16347,0.22430896759033203
31.00229454,89.50125885,3.061993122,9391,17415,0.22419214248657227
30.99928474,89.7526474,3.06258297,9180,14584,0.22153353691101074
31.00103378,90.00229645,3.062060356,9064,14929,0.23177552223205566
31.00096893,90.2532959,3.061947823,9020,13582,0.2286980152130127
31.00296402,90.50299835,3.061564445,9095,13815,0.2283000946044922
30.99754524,90.75102234,3.062359333,9039,13414,0.23596906661987305
30.99845886,91.0013504,3.061286449,8991,13585,0.2224595546722412
31.24999809,85.02684021,3.063277721,7587,12639,0.22364354133605957
31.25384521,85.24633789,3.062418461,7077,12375,0.22899699211120605
31.2508049,85.49967957,3.061587334,7175,12474,0.2329556941986084
31.24758911,85.74662018,3.062492847,7379,14800,0.22725486755371094
31.2505455,85.99887848,3.062906742,7150,14943,0.22766613960266113
31.25333405,86.24841309,3.061330795,6554,14651,0.22837519645690918
31.24680138,86.50024414,3.060658932,5505,11433,0.2200624942779541
31.25021172,86.74888611,3.061745167,4683,9631,0.22590947151184082
31.25065422,86.9992218,3.062194347,4443,8986,0.23171329498291016
31.25268173,87.25068665,3.061861992,4264,8522,0.22826457023620605
31.24867821,87.4985733,3.062665462,4336,8546,0.22695541381835938
31.24785614,87.74951172,3.061095715,4572,8460,0.22412371635437012
31.2500515,88.00233459,3.062227726,4524,8452,0.22423696517944336
31.24910736,88.24855804,3.061774731,4908,8957,0.22330117225646973
31.24889755,88.50128937,3.061366558,6113,11353,0.22745656967163086
31.25126648,88.74989319,3.062140942,9611,16431,0.22843623161315918
31.25142479,89.00399017,3.062701225,9938,18769,0.23020696640014648
31.25226402,89.25134277,3.062153339,10012,19044,0.22506976127624512
31.25051308,89.50193787,3.061545849,9398,14621,0.22285223007202148
31.25086021,89.75075531,3.06390667,9574,16216,0.22722434997558594
31.24883842,90.00146484,3.061764717,8511,13886,0.22194671630859375
31.25192451,90.25167847,3.062248707,9168,13712,0.22616934776306152
31.24602127,90.50517273,3.062311649,9430,14046,0.22609710693359375
31.251091,90.74980164,3.062466621,9157,14046,0.22224879264831543
31.2521534,91.00123596,3.062952995,9314,13994,0.22599363327026367
31.49972916,85.01822662,3.062665462,8344,12992,0.22680258750915527
31.50090218,85.24765778,3.061113834,7126,12370,0.28010988235473633
31.50120926,85.49565887,3.061384201,6965,13129,0.22263813018798828
31.49839211,85.74843597,3.061377048,6776,12034,0.23077988624572754
31.50063324,85.99873352,3.061477661,7259,13580,0.2250840663909912
31.50064278,86.24935913,3.061862946,8041,16648,0.2363748550415039
31.50112343,86.49916077,3.061935902,7268,16207,0.22892093658447266
31.50043488,86.75258636,3.061710358,6201,14073,0.23183870315551758
31.50049782,86.99874115,3.060501575,5084,10690,0.2211315631866455
31.50387383,87.24912262,3.062720299,4737,9461,0.22942519187927246
31.50172234,87.49954987,3.060999393,4586,9033,0.22495007514953613
31.49917221,87.75067139,3.060949326,4483,8827,0.22629308700561523
31.5014534,87.99861908,3.063189507,4484,8807,0.22870826721191406
31.50176811,88.25149536,3.06139946,4772,9002,0.22713851928710938
31.50064659,88.50256348,3.061080456,5346,10895,0.22562646865844727
31.50004196,88.74905396,3.061832905,7610,15666,0.22906780242919922
31.501091,89.00115967,3.062204838,8558,16679,0.22767996788024902
31.50438499,89.2514267,3.062907696,7478,15195,0.22792601585388184
31.49960709,89.50225067,3.061676025,7168,13094,0.22050213813781738
31.49866676,89.75257874,3.061313629,7796,12010,0.23134684562683105
31.49878311,90.00196838,3.061594963,7572,11580,0.23024821281433105
31.50300026,90.25014496,3.061539173,8466,12664,0.22555160522460938
31.50077057,90.50224304,3.061614037,9077,12804,0.23037052154541016
31.49922752,90.75224304,3.061674595,9300,13726,0.22890019416809082
31.49949646,91.00257111,3.062110424,9568,14043,0.22481036186218262
31.75231171,85.03516388,3.062855721,8226,13622,0.22034621238708496
31.74818611,85.246315,3.062204838,8207,13008,0.23093724250793457
31.74932861,85.49716949,3.061914444,7575,12413,0.22299718856811523
31.75232506,85.74771881,3.06099987,7137,12740,0.22615790367126465
31.74853134,85.99681091,3.06293726,7040,13012,0.22277069091796875
31.74858475,86.24905396,3.061047077,7452,12989,0.22630739212036133
31.75089836,86.49755859,3.061489105,8203,15720,0.22355341911315918
31.75128365,86.74969482,3.062585831,8673,16841,0.22892379760742188
31.74984169,86.99840546,3.060995579,7196,15072,0.22892355918884277
31.75032616,87.25253296,3.062465191,5985,12499,0.2251729965209961
31.7525177,87.49996948,3.062071323,5416,10879,0.22753143310546875
31.74788475,87.74885559,3.063285828,4914,9903,0.21887516975402832
31.74724388,88.00157166,3.063009739,4867,9273,0.2281193733215332
31.75000572,88.25108337,3.063021183,4751,9261,0.22636795043945312
31.75408554,88.50221252,3.062854767,4917,9577,0.23707008361816406
31.75185585,88.75209808,3.061778069,5335,10376,0.23060083389282227
31.74968719,89.0007782,3.061854839,5537,10222,0.2318401336669922
31.74902344,89.25083923,3.06151247,5480,9808,0.22331619262695312
31.75056648,89.50167847,3.061935902,5744,9881,0.22607827186584473
31.75273895,89.74989319,3.061302185,6364,10159,0.22441792488098145
31.74632835,90.00312042,3.062404633,7251,10660,0.23010778427124023
31.74973106,90.2525177,3.062609673,7605,10892,0.23139119148254395
31.75413895,90.5010376,3.062022209,8486,11578,0.2306077480316162
31.75206566,90.75057983,3.061763287,9047,12500,0.23102617263793945
31.75057793,91.00269318,3.061043262,9026,13024,0.2299494743347168
31.99873924,85.03977966,3.06277895,8370,13943,0.22173500061035156
32.00112152,85.2437439,3.061827183,7900,13143,0.22574758529663086
32.00314331,85.49717712,3.061852455,7882,12777,0.22638320922851562
31.99871063,85.74913788,3.063049793,8031,12496,0.22691583633422852
31.99430466,85.99809265,3.061458111,7839,13066,0.22218680381774902
32.00321579,86.24904633,3.062377453,7894,14237,0.22940587997436523
32.00008392,86.49845886,3.0627141,7806,13662,0.23189234733581543
31.99963379,86.75113678,3.061468124,7894,13726,0.23136615753173828
32.00025177,86.99899292,3.062601566,7890,15518,0.2254619598388672
31.99928093,87.25012207,3.061733246,7701,15347,0.22392940521240234
32.00273514,87.49936676,3.06127739,6480,14818,0.2339949607849121
32.0014801,87.75048065,3.06163168,5964,12092,0.2252497673034668
32.00016785,87.99863434,3.062212467,5284,10623,0.2250843048095703
32.0007782,88.24989319,3.06197691,4866,9888,0.2236347198486328
31.99909401,88.50111389,3.061704636,4770,9568,0.22704243659973145
31.99857903,88.7507019,3.061060905,4877,9463,0.22509288787841797
32.00012207,88.99957275,3.061306,4857,9202,0.22463083267211914
32.00208664,89.25055695,3.062927246,4863,9103,0.22408819198608398
32.00124359,89.50167847,3.061192036,4960,9077,0.22618865966796875
32.00278854,89.75042725,3.061988354,5415,9334,0.22643542289733887
32.00086975,90.00002289,3.061986923,5924,10002,0.22194719314575195
32.00065613,90.25009918,3.060899258,6822,10794,0.22542357444763184
32.00009155,90.50065613,3.062637329,8597,10846,0.2274332046508789
32.0008812,90.75126648,3.061398029,8280,11010,0.22598719596862793
32.00492096,91.00020599,3.061532497,8338,11921,0.21961617469787598
32.24772644,85.02883911,3.062749386,8384,13154,0.22694873809814453
32.2504425,85.24417877,3.062128067,8191,13107,0.22642207145690918
32.24990082,85.49723816,3.062346935,8329,13685,0.22934341430664062
32.25066376,85.7489624,3.062036037,8273,13610,0.22911381721496582
32.2477417,85.9977417,3.062256336,8571,13702,0.22374248504638672
32.25000763,86.24621582,3.061980247,8143,12988,0.22054576873779297
32.24963379,86.49900818,3.061985016,7205,12662,0.2268688678741455
32.24801254,86.7492218,3.060903072,7386,13426,0.22680258750915527
32.25117493,86.99841309,3.062681675,7427,13002,0.22670578956604004
32.25115204,87.24851227,3.062335014,7389,14420,0.22074508666992188
32.24832916,87.49999237,3.062349319,7948,17276,0.2268381118774414
32.251297,87.74954224,3.061711311,7806,16832,0.22515535354614258
32.25106812,88.00017548,3.061214447,7082,15190,0.23648285865783691
32.25216675,88.25184631,3.061943531,5720,12041,0.23096060752868652
32.24721146,88.50077057,3.061655521,5199,10673,0.23724913597106934
32.24941254,88.75248718,3.06273222,5050,9955,0.23875641822814941
32.25069046,89.00086975,3.061693668,4952,9659,0.22292757034301758
32.25128937,89.24966431,3.060947418,4953,9450,0.22524070739746094
32.24878693,89.5002594,3.062130928,4857,9416,0.22641348838806152
32.2479248,89.75283051,3.061580658,5068,8900,0.23458647727966309
32.24992752,90.00339508,3.060549259,4956,9021,0.23134183883666992
32.2506485,90.25327301,3.060680389,5548,9144,0.22590088844299316
32.25167847,90.50121307,3.06153965,6495,9677,0.2294614315032959
32.25173187,90.75241852,3.06170702,7390,9981,0.22931241989135742
32.24721146,91.00063324,3.062427044,7739,10408,0.22278594970703125
32.50207901,85.02567291,3.062001228,9014,12907,0.22700929641723633
32.50135803,85.2459259,3.061434746,8340,12960,0.22658300399780273
32.50208282,85.4977417,3.061894894,8575,13892,0.2207026481628418
32.49925232,85.74893188,3.062662125,9037,14045,0.22958111763000488
32.50101852,86.00027466,3.06240654,8666,14070,0.22133517265319824
32.50034332,86.24762726,3.061794281,8186,13469,0.2240447998046875
32.49899292,86.49873352,3.062491417,8078,12600,0.22621750831604004
32.49943542,86.75024414,3.062356472,7320,12003,0.22700214385986328
32.50163269,87.00191498,3.062082767,7014,12351,0.22295808792114258
32.49781799,87.24906921,3.062510967,7178,13249,0.22786235809326172
32.50178528,87.50067139,3.061823368,7658,13366,0.22341084480285645
32.50161743,87.75061035,3.062879086,8471,16406,0.22598028182983398
32.49551773,88.00049591,3.062479496,8845,18014,0.22972869873046875
32.50012207,88.25343323,3.062302113,7465,16649,0.22817730903625488
32.50208282,88.49925995,3.060780525,6505,13661,0.23079752922058105
32.50059509,88.74944305,3.062299252,5360,11796,0.22885465621948242
32.50093079,89.00093842,3.062031269,5152,10568,0.22168540954589844
32.49980927,89.25024414,3.061824799,4934,9732,0.22252821922302246
32.50284576,89.50250244,3.062076569,4747,9427,0.229841947555542
32.5034256,89.7517395,3.061833382,4793,9354,0.23130559921264648
32.49917603,90.00178528,3.062087536,4779,8986,0.22293376922607422
32.49913025,90.25291443,3.062499523,4827,8864,0.22548222541809082
32.50242615,90.50064087,3.061053753,5255,8654,0.22607946395874023
32.50209808,90.7505722,3.061649323,5600,9339,0.2252802848815918
32.49766541,91.00195313,3.060176373,6350,10144,0.2269763946533203
32.75241852,85.03379822,3.06274128,8777,12774,0.21982979774475098
32.75074387,85.24491119,3.061440468,8861,13239,0.2267618179321289
32.74834061,85.49684143,3.06189537,9268,14416,0.22669339179992676
32.74739075,85.74853516,3.061891079,9384,14801,0.2271254062652588
32.75159073,85.99830627,3.061117172,9088,14917,0.22159314155578613
32.75216675,86.24885559,3.061698437,9069,14755,0.2244558334350586
32.74884796,86.4982605,3.0622859,8431,13790,0.22511839866638184
32.74903107,86.74673462,3.062614918,7852,12724,0.22457194328308105
32.75035095,87.00010681,3.063626766,8137,12299,0.22565817832946777
32.74700165,87.24927521,3.06280899,7941,13003,0.22519898414611816
32.74965668,87.49912262,3.060899734,8059,14701,0.22621703147888184
32.75201416,87.75245667,3.062932014,8038,13962,0.22657513618469238
32.75146103,88.001297,3.062103271,8309,14804,0.23076462745666504
32.74789429,88.25162506,3.061116695,8312,16573,0.22506976127624512
32.75289536,88.50060272,3.061738491,8403,16631,0.22963380813598633
32.75307465,88.74868774,3.061247349,7102,15817,0.2271285057067871
32.7473526,88.99986267,3.062225342,6091,12730,0.2269423007965088
32.74805832,89.25134277,3.061326504,5248,10848,0.2269577980041504
32.74947739,89.50048828,3.061379433,4940,9739,0.23161745071411133
32.75139618,89.75098419,3.062144279,4742,9042,0.22467780113220215
32.7514534,90.00273132,3.061976433,4479,8750,0.22884416580200195
32.74785614,90.25180817,3.061540604,4618,8686,0.23191523551940918
32.75278473,90.50082397,3.061355114,4765,8548,0.23099327087402344
32.75141144,90.75121307,3.061047554,4789,8410,0.22532367706298828
32.75167084,91.00112915,3.062983036,5134,8570,0.22757863998413086
32.99660492,85.03794098,3.062214375,8537,12288,0.21890807151794434
33.00061035,85.24420166,3.061079502,8800,12968,0.22652935981750488
33.00500107,85.49476624,3.060762405,9389,13839,0.22452259063720703
33.00106812,85.74758148,3.061891079,9258,14096,0.23047304153442383
32.99856567,85.99717712,3.062248707,9135,14102,0.223358154296875
32.99851608,86.24790955,3.06269455,8732,14116,0.2267134189605713
33.00320816,86.50050354,3.061964512,8576,13361,0.23312115669250488
33.00227356,86.74911499,3.062194824,8013,13274,0.23096752166748047
32.99943924,86.99924469,3.061567307,7862,13111,0.22410035133361816
33.00022125,87.25015259,3.061932087,8250,13195,0.22393083572387695
33.00183868,87.49976349,3.061536312,8615,13007,0.22814011573791504
32.99721527,87.74730682,3.061149597,8418,13572,0.22528553009033203
32.99744415,87.99864197,3.061631203,7909,14441,0.2251441478729248
33.00216675,88.2507782,3.061862946,7594,13243,0.22576451301574707
32.99892426,88.50047302,3.062641144,7680,14157,0.22864270210266113
32.99524689,88.75386047,3.062380791,7834,16960,0.22584962844848633
33.00077057,88.99957275,3.061238289,8014,17115,0.22835016250610352
33.00232697,89.25070953,3.061436176,6677,15287,0.2237989902496338
33.00027466,89.50013733,3.061994076,5633,12009,0.22679471969604492
32.99858475,89.75016785,3.062293053,5187,10197,0.2286522388458252
33.00275421,90.00093842,3.062546253,4885,9500,0.22774910926818848
33.00278473,90.25125122,3.061635494,4656,8872,0.22915363311767578
32.99851227,90.50296021,3.062154293,4693,8711,0.22576594352722168
32.99664307,90.75363159,3.061152458,4812,8901,0.22670793533325195
33.00078583,91.00190735,3.061381817,4813,8452,0.22397780418395996
33.25274658,85.01708984,3.062656403,8157,11908,0.22646117210388184
33.25111771,85.24620056,3.062943935,8942,12779,0.22743630409240723
33.2486763,85.49549866,3.061994076,8943,13318,0.22818374633789062
33.24839783,85.74906158,3.062197208,9049,13609,0.2272932529449463
33.25270081,85.99769592,3.062029362,9000,13610,0.2276465892791748
33.25008011,86.24653625,3.062152863,9020,13959,0.2234632968902588
33.24940491,86.49720764,3.0612607,8564,13576,0.22556018829345703
33.25022507,86.74829865,3.062530518,7988,13317,0.2301192283630371
33.25121689,86.99729919,3.062148571,8125,13110,0.22651028633117676
33.24893951,87.24837494,3.061142445,8318,14169,0.22717499732971191
33.24978638,87.49784851,3.062078953,8439,13939,0.22943735122680664
33.25260162,87.75118256,3.062582016,8561,14189,0.22748017311096191
33.25346375,88.00038147,3.061633587,8552,13817,0.222975492477417
33.25057602,88.24884033,3.062630653,8050,13802,0.22575163841247559
33.25072098,88.49948883,3.061923027,7651,13924,0.22592949867248535
33.25114441,88.7516098,3.06315279,7393,12980,0.22667527198791504
33.25071335,88.99957275,3.061426163,7841,15136,0.2269437313079834
33.2496109,89.25195312,3.060675621,8659,17456,0.2324662208557129
33.25089264,89.49998474,3.061878204,7550,16863,0.23008394241333008
33.25074005,89.75011444,3.061489105,6408,13577,0.2347712516784668
33.2509613,90.00229645,3.06269598,5259,11082,0.22387266159057617
33.25399399,90.25001526,3.061863899,4902,9741,0.22383999824523926
33.2458725,90.50193787,3.062533855,4649,9245,0.2298285961151123
33.25081635,90.75186157,3.062602043,4617,8798,0.2309882640838623
33.24914551,91.00352478,3.061485291,4600,8705,0.2270653247833252
33.50092316,85.0322113,3.063275337,7706,10836,0.2226269245147705
33.49980164,85.2457962,3.061486244,7923,11641,0.22664976119995117
33.50034332,85.49861908,3.062339306,8220,12054,0.21967864036560059
33.5015831,85.74620819,3.062355042,8772,12761,0.2286689281463623
33.4983139,85.99922943,3.063079834,8608,12575,0.2250232696533203
33.4994545,86.2482605,3.063044548,8326,12397,0.22582054138183594
33.50052643,86.49826813,3.060094357,8410,12282,0.2319328784942627
33.49960327,86.74871063,3.061831951,8294,12752,0.22548770904541016
33.50085449,86.99874115,3.061406612,8214,13236,0.22679948806762695
33.49663162,87.24862671,3.062273502,8363,13735,0.22341513633728027
33.50138092,87.49968719,3.061649323,8454,13924,0.22641515731811523
33.50049591,87.74732971,3.061988354,8183,13953,0.22870159149169922
33.50084686,88.0005722,3.062026024,8456,13541,0.22842645645141602
33.50067139,88.25445557,3.063204288,8523,13383,0.22604131698608398
33.50101471,88.50167847,3.061796665,8149,12932,0.2219851016998291
33.50005341,88.74961853,3.061044693,7739,13389,0.22718405723571777
33.50089264,89.00106812,3.061548233,7365,13123,0.22281289100646973
33.49904633,89.25086975,3.061615944,7644,13129,0.22706198692321777
33.50304413,89.49912262,3.062150955,7871,15795,0.23039841651916504
33.50249481,89.75049591,3.06223011,8478,16718,0.2264087200164795
33.49909973,89.99821472,3.061332226,7012,14898,0.2256908416748047
33.50135803,90.25304413,3.062286854,5825,11978,0.2258298397064209
33.50203323,90.50068665,3.062073708,4830,10234,0.23688101768493652
33.5014267,90.75156403,3.062719345,4673,9384,0.2223365306854248
33.50205612,91.00405884,3.062027931,4460,8946,0.22209453582763672
33.75170517,85.04325104,3.064083576,7893,9872,0.22433757781982422
33.75197601,85.2441864,3.061199665,7440,10157,0.22827696800231934
33.74874115,85.49916077,3.06313467,7895,10927,0.2255103588104248
33.74790955,85.74826813,3.062384605,7960,11853,0.22683930397033691
33.75004578,85.99624634,3.063063145,7775,11741,0.22936606407165527
33.75028229,86.24765015,3.060931206,8270,12033,0.22683143615722656
33.75149536,86.49992371,3.062628269,7947,12247,0.22859907150268555
33.75040817,86.74789429,3.061218262,7876,12106,0.22693657875061035
33.75003052,86.99893951,3.062910557,8066,12793,0.23796939849853516
33.75256348,87.25276184,3.063682079,8449,13411,0.2302875518798828
33.75009918,87.49983978,3.061491013,8488,14030,0.2233428955078125
33.75005722,87.74894714,3.062522888,8433,14786,0.22514748573303223
33.74981689,87.9994812,3.061337471,8683,14560,0.22419095039367676
33.75074005,88.24954987,3.062878132,8511,14386,0.22854852676391602
33.75028229,88.50017548,3.062749863,8786,14475,0.22357702255249023
33.7484436,88.74895477,3.062706947,8943,13957,0.22361350059509277
33.75173187,89.00315857,3.062073708,7998,13436,0.22717833518981934
33.74919128,89.2507019,3.062147141,7696,14222,0.22924304008483887
33.74768066,89.50206757,3.06208849,7562,13311,0.22811436653137207
33.75016785,89.75138855,3.06182909,8062,14358,0.2272353172302246
33.75365829,89.99938965,3.061878681,7775,16286,0.22010016441345215
33.75041962,90.25023651,3.061486721,7600,16376,0.225846529006958
33.75014114,90.50485229,3.061549664,6308,14927,0.22662019729614258
33.7516861,90.75121307,3.062112808,5376,11786,0.22558808326721191
33.74930573,91.00005341,3.063238621,4857,10083,0.2318263053894043
34.00087738,85.01502991,3.06321764,6536,9634,0.22663235664367676
33.99913406,85.24420166,3.062991142,7277,9630,0.22357583045959473
34.00361633,85.49714661,3.062064171,7558,10031,0.22653675079345703
33.99665833,85.74718475,3.062431335,7252,10118,0.23274683952331543
33.99842453,85.99781036,3.062738895,7648,10996,0.226240873336792
33.99832535,86.24977875,3.062158585,7770,11817,0.22330760955810547
34.00188446,86.49732208,3.062498569,7980,11649,0.22746753692626953
34.00219727,86.74650574,3.061515808,7707,11656,0.22202086448669434
33.99752426,86.99729156,3.062269211,8167,12449,0.22446823120117188
33.99884033,87.25009918,3.061491013,8514,13118,0.2260453701019287
33.99946594,87.49954224,3.061338902,9112,13940,0.22761845588684082
34.00143051,87.74973297,3.061911583,9228,14491,0.22838616371154785
33.99881744,87.9994812,3.062290668,9033,15079,0.22759485244750977
34.00100327,88.24843597,3.062042713,8978,15100,0.22292494773864746
33.99910355,88.50195313,3.0627141,9000,15226,0.22713065147399902
33.99556351,88.75035858,3.063046455,8949,15226,0.22691702842712402
34.00115204,89.00032806,3.061148167,9207,14185,0.22997522354125977
34.00338745,89.25246429,3.063249588,8812,13632,0.22698450088500977
34.00124359,89.50119019,3.060357571,7996,13630,0.23577523231506348
33.9989624,89.75424194,3.06130743,7576,13716,0.22914457321166992
33.99633026,90.00273132,3.062258244,7389,12924,0.22756433486938477
34.00224304,90.24990845,3.061369419,7699,14536,0.22965216636657715
34.00125122,90.50332642,3.061169624,8433,16488,0.23299431800842285
33.99636078,90.75296783,3.063450813,7097,15410,0.2220783233642578
33.99798203,91.00086212,3.062072277,6208,13281,0.2287282943725586
34.24969101,85.01686096,3.062469482,5025,8542,0.22670960426330566
34.25402832,85.24489594,3.061995983,5725,8925,0.2264242172241211
34.24905396,85.49488831,3.062072277,6382,9398,0.2243974208831787
34.25026703,85.75131989,3.06183815,6852,9758,0.2323915958404541
34.2504425,85.99729919,3.061470509,7197,10122,0.22414898872375488
34.2518158,86.24858856,3.062801838,7481,10573,0.22666501998901367
34.24893188,86.49899292,3.061498642,7893,11047,0.2270207405090332
34.2477684,86.75050354,3.060959816,8097,11862,0.22179818153381348
34.25025558,86.99864197,3.061997414,8571,12843,0.2278592586517334
34.25203705,87.24711609,3.0623703,8817,13139,0.22244906425476074
34.25050354,87.49790955,3.061282158,9038,13741,0.2239677906036377
34.247612,87.7505188,3.061635017,9038,13705,0.2259054183959961
34.25164413,88.00045013,3.062115669,9106,14361,0.22550535202026367
34.24691772,88.25045013,3.062086105,8935,14777,0.22516298294067383
34.24784088,88.50075531,3.061231136,8885,14617,0.22881031036376953
34.24979019,88.75137329,3.061252117,9055,14778,0.23177790641784668
34.25326157,89.0018158,3.061574936,8566,14914,0.22360730171203613
34.24877548,89.25109863,3.061586857,8676,14030,0.22208857536315918
34.24877167,89.50053406,3.06158638,8489,13678,0.227614164352417
34.2526474,89.75050354,3.063344955,7722,12687,0.22649049758911133
34.24950409,89.99985504,3.061839104,7100,13294,0.22141242027282715
34.24939346,90.24905396,3.061688423,6971,13231,0.23371100425720215
34.25028229,90.50112915,3.061216831,6761,12680,0.23736286163330078
34.25045776,90.75108337,3.06319952,7250,14453,0.2295088768005371
34.25185394,91.00328064,3.06213665,7510,15526,0.23801255226135254
34.50571442,85.00993347,3.062539577,4626,8040,0.2282719612121582
34.4988327,85.24571991,3.062409878,4810,8031,0.22343945503234863
34.49925232,85.49894714,3.062171936,5019,8539,0.22710895538330078
34.50126648,85.74703979,3.061311722,5637,8937,0.22321748733520508
34.49952698,85.99704742,3.061542511,6618,9561,0.22690320014953613
34.49899292,86.24758148,3.06137991,7277,9830,0.22432804107666016
34.49848938,86.49871826,3.062203884,7035,9972,0.22591662406921387
34.50180817,86.74834442,3.061284542,7539,10819,0.2262578010559082
34.50210571,86.99826813,3.061411858,8157,11984,0.22025060653686523
34.49766541,87.24964905,3.060810089,8818,12973,0.23120951652526855
34.50143433,87.49963379,3.060582161,9030,13374,0.22113680839538574
34.50140381,87.75053406,3.06230545,9168,13747,0.22525334358215332
34.5001297,87.99868011,3.061460495,9177,13969,0.22646045684814453
34.49790955,88.25000763,3.061724663,9443,14713,0.22615575790405273
34.50011826,88.49979401,3.062595367,9460,14488,0.22348499298095703
34.50078201,88.74884033,3.061222076,9045,14772,0.2213287353515625
34.4980011,89.00283051,3.06195116,9160,15095,0.22882556915283203
34.50029373,89.2509613,3.061477184,8902,15115,0.2283179759979248
34.50231934,89.49971008,3.06196928,8721,14563,0.22589683532714844
34.49858093,89.75311279,3.06112957,8839,14122,0.2302236557006836
34.49839783,90.00261688,3.061132908,8707,13670,0.23743891716003418
34.4969101,90.25102997,3.062244415,7780,13004,0.22968816757202148
34.49949646,90.50190735,3.062860966,7142,13075,0.22544455528259277
34.50143051,90.75322723,3.061311245,6978,12270,0.2287120819091797
34.496521,91.00379944,3.061744213,7169,13277,0.2259540557861328
34.74831772,85.01420593,3.062964916,4551,8516,0.23962187767028809
34.74813843,85.2466507,3.063448906,4524,8293,0.2283763885498047
34.75398254,85.49620819,3.060529709,4826,8181,0.2270805835723877
34.7518692,85.74794006,3.06077528,4925,8206,0.23021340370178223
34.74887085,86.00013733,3.062934875,5473,8588,0.22761750221252441
34.74581146,86.25109863,3.063138962,5945,9332,0.2258765697479248
34.75272369,86.4983902,3.062067509,6400,9521,0.22142791748046875
34.75071335,86.74871063,3.062590122,7508,9718,0.2297370433807373
34.74848175,86.99838257,3.061140537,7645,11161,0.22301816940307617
34.74790955,87.24897766,3.06227541,8337,12021,0.22658824920654297
34.75086594,87.49720001,3.062758923,8614,12490,0.23095178604125977
34.75053024,87.75257874,3.063414097,9088,13151,0.22580885887145996
34.75056839,88.0022583,3.062399387,9173,13462,0.22473669052124023
34.75201416,88.24996948,3.062037945,9423,14182,0.22613739967346191
34.75084686,88.4996109,3.062739849,9655,14059,0.22324728965759277
34.75008774,88.74973297,3.060522556,9447,14422,0.22281479835510254
34.75116348,89.00075531,3.062064171,9437,14886,0.221710205078125
34.75083923,89.25018311,3.063305855,9283,15315,0.22855877876281738
34.7497139,89.50170135,3.062229156,9162,15005,0.2295682430267334
34.74906158,89.75004578,3.061566353,8924,15232,0.22395825386047363
34.75242996,90.00239563,3.06256628,8738,14559,0.22988414764404297
34.75245667,90.25102234,3.062311649,8645,14137,0.2301473617553711
34.74971771,90.49990845,3.061097145,8379,13477,0.24097275733947754
34.74816132,90.75019836,3.063376427,7468,12755,0.23158860206604004
34.74838257,91.00301361,3.062539577,7125,12624,0.22471857070922852
35.00290298,85.0205307,3.062086582,4678,8693,0.23314595222473145
35.00219345,85.24435425,3.062288761,4562,8552,0.2238774299621582
34.99705887,85.49730682,3.061819077,4468,8444,0.22838759422302246
34.99623871,85.74712372,3.061701775,4517,8252,0.22356343269348145
34.9990387,85.99752808,3.061492443,4768,8272,0.2278728485107422
35.00367355,86.24571991,3.062430382,4936,8438,0.23170971870422363
34.99950409,86.50048828,3.0624547,5710,8961,0.2213573455810547
34.99924469,86.74996185,3.062096119,6501,9523,0.22608184814453125
35.00250244,87.00055695,3.061867237,7861,9934,0.2236919403076172
35.00045013,87.24816895,3.062221527,7603,10464,0.22426223754882812
34.99821091,87.50145721,3.061512947,8181,11438,0.22905611991882324
34.9962883,87.75267792,3.061892033,8802,12427,0.2297987937927246
34.99865341,87.99919128,3.06225872,9136,13074,0.23030877113342285
34.99979401,88.24788666,3.062113285,9272,13667,0.23010015487670898
35.00092316,88.50045013,3.062422752,9471,13710,0.22469091415405273
35.00010681,88.75128174,3.061189175,9466,13812,0.22753477096557617
35.00241089,89.00054932,3.063053608,9387,14325,0.22418522834777832
35.00012207,89.24925232,3.061797142,9300,14576,0.22388267517089844
35.00037384,89.49769592,3.060337543,9198,14878,0.22194981575012207
35.00154114,89.75107574,3.063145638,9354,15092,0.22591471672058105
35.00162888,90.00205994,3.061373234,9123,15111,0.22734427452087402
34.99767685,90.25067902,3.063037395,8813,14969,0.22443580627441406
34.99925613,90.50240326,3.062232971,8775,14201,0.22603154182434082
35.00422668,90.75326538,3.06135273,8732,13932,0.22385144233703613
34.99822235,91.00240326,3.062680721,7862,12835,0.22498774528503418
