27.99939728,90.00006866,3.061762333,4264,7806,0.23035573959350586
27.99938965,90.20100403,3.061720848,3964,7467,0.22876954078674316
28.00064087,90.40052032,3.063145638,3975,7565,0.22980713844299316
28.00107193,90.59999084,3.062446594,3989,7308,0.22328901290893555
28.00114822,90.80052185,3.062529087,3828,7132,0.2295093536376953
27.99858475,90.99750519,3.061983585,3762,7154,0.23349499702453613
27.99811554,91.20092773,3.063165665,3828,6873,0.22789430618286133
27.99675369,91.40162659,3.06119585,3741,6731,0.23086929321289062
27.99888992,91.59638977,3.062265873,3774,6643,0.22822833061218262
28.00263596,91.80003357,3.062725544,3690,6549,0.22664499282836914
28.0044899,92.00125122,3.061395168,3602,6538,0.2299947738647461
28.00152588,92.2011261,3.06132555,3606,6409,0.23093795776367188
27.99801254,92.40229797,3.063001156,3521,6453,0.23109841346740723
27.9989624,92.60035706,3.061055183,3618,6395,0.22647786140441895
27.9980011,92.80263519,3.062578678,3604,6292,0.22930622100830078
28.00389481,93.00027466,3.062285423,3567,6281,0.22849202156066895
28.00291061,93.19898224,3.061440468,3548,6220,0.23102402687072754
27.99812698,93.40093994,3.061620712,3596,6254,0.2282721996307373
27.9982605,93.60250854,3.060804367,3564,6167,0.22966432571411133
28.00065613,93.79958344,3.062125206,3434,6159,0.2289571762084961
28.00032043,94.00193787,3.063195705,3460,6247,0.22686433792114258
27.99939728,94.20178223,3.060844421,3520,6218,0.23139524459838867
27.99949265,94.40066528,3.063204765,3525,6203,0.23581171035766602
27.99788284,94.59894562,3.062456608,3482,6237,0.23454499244689941
27.99903488,94.80288696,3.062659264,3532,6103,0.2274460792541504
28.00141525,95.00292969,3.061872005,3411,5921,0.22905468940734863
28.19967651,90.01766205,3.062501907,4523,8549,0.22980356216430664
28.20078278,90.19506836,3.061552048,4267,8043,0.22953343391418457
28.20284271,90.39971924,3.061805725,4115,7831,0.228682279586792
28.20320129,90.5974884,3.060666084,4017,7654,0.23144292831420898
28.20043945,90.79933167,3.063205242,3974,7378,0.2322225570678711
28.19521332,90.99744415,3.062126637,3866,7408,0.22897744178771973
28.19323349,91.19944,3.062488079,3891,7175,0.2307443618774414
28.19858932,91.39634705,3.06107235,3852,7108,0.23038959503173828
28.1998291,91.59880066,3.062642574,3842,6862,0.2310178279876709
28.20008087,91.7995224,3.06235981,3891,6802,0.2314453125
28.20249939,91.99887085,3.061408997,3807,6767,0.2248704433441162
28.19956589,92.20013428,3.062585354,3767,6694,0.2333357334136963
28.19965363,92.40100098,3.062448025,3698,6411,0.23317694664001465
28.20238113,92.60018921,3.06069088,3687,6469,0.22832679748535156
28.19847107,92.79888153,3.060702801,3700,6523,0.22799158096313477
28.19921875,92.99986267,3.061453342,3727,6427,0.22700881958007812
28.2004509,93.20040131,3.061782837,3622,6423,0.23366451263427734
28.19919968,93.40070343,3.06206131,3759,6171,0.2303001880645752
28.19881821,93.59964752,3.063201904,3729,6331,0.23074126243591309
28.19916916,93.80172729,3.061495781,3624,6345,0.2300553321838379
28.19871902,94.00189209,3.061198711,3498,6319,0.22765636444091797
28.20164108,94.20056915,3.062141418,3460,6397,0.22394680976867676
28.19932938,94.40265656,3.063268185,3603,6347,0.2339920997619629
28.19984818,94.60066223,3.062207222,3689,6201,0.23392009735107422
28.19974899,94.80227661,3.061828136,3529,6339,0.22831511497497559
28.20087814,95.00050354,3.062143803,3690,6285,0.2279658317565918
28.40195847,90.0181427,3.063004971,5638,10607,0.23067688941955566
28.4001503,90.19522858,3.061132908,4802,8980,0.2304396629333496
28.3993988,90.39839172,3.062834263,4664,8506,0.2276594638824463
28.4019928,90.59918213,3.061754704,4191,8140,0.2297966480255127
28.40082932,90.79893494,3.061326504,4139,7775,0.2285459041595459
28.39887238,90.99706268,3.062342167,4092,7782,0.22670984268188477
28.40093613,91.1968689,3.063385963,4129,7479,0.22932648658752441
28.4009819,91.39675903,3.061429501,3832,7418,0.22566437721252441
28.40206528,91.5983429,3.061394215,4021,7131,0.22755885124206543
28.39784241,91.79821777,3.062383652,3857,7179,0.22643685340881348
28.39877701,91.99920654,3.06062603,3820,7069,0.2300410270690918
28.39912415,92.20162201,3.061522484,3763,6970,0.22913217544555664
28.39824677,92.40014648,3.062214851,3873,6706,0.22932219505310059
28.40005493,92.59992218,3.062885761,3750,6660,0.23017072677612305
28.4013176,92.80008698,3.060789108,3709,6634,0.22873282432556152
28.3973999,93.00176239,3.061584949,3605,6717,0.23030948638916016
28.39964676,93.20264435,3.062600613,3749,6468,0.22885704040527344
28.39938354,93.40193176,3.062024117,3559,6382,0.22576355934143066
28.39947128,93.60037994,3.061803818,3766,6321,0.22816801071166992
28.40146255,93.7996521,3.062334538,3556,6277,0.2299365997314453
28.40242004,93.99967957,3.063005924,3631,6341,0.22787070274353027
28.40106964,94.2006073,3.060799122,3611,6265,0.22794032096862793
28.39888,94.40155029,3.062090874,3604,6304,0.23140192031860352
28.3995285,94.60089111,3.063260078,3621,6283,0.22710490226745605
28.4006958,94.8006134,3.061958313,3611,6444,0.2290208339691162
28.3970108,95.00109863,3.062419891,3525,6307,0.23216509819030762
28.59794235,90.02059937,3.062689304,7488,16316,0.22477364540100098
28.5994072,90.19425201,3.061956406,6420,11964,0.2263040542602539
28.60263062,90.39897156,3.062074661,5227,9855,0.23158884048461914
28.60480118,90.59741211,3.063182831,4707,8859,0.22894835472106934
28.60121918,90.79953766,3.0623703,4398,8273,0.23119401931762695
28.59987259,91.00048828,3.063051224,4336,8106,0.2313990592956543
28.60020828,91.1975708,3.060828209,4118,7985,0.22850632667541504
28.60089493,91.40068054,3.063220024,4128,7957,0.23294925689697266
28.60397339,91.60018158,3.060655594,4004,7690,0.2295975685119629
28.59973145,91.7973938,3.062686443,4002,7398,0.22815489768981934
28.60136032,91.99920654,3.060811996,3995,7236,0.23047995567321777
28.60150146,92.20017242,3.062281609,3909,7165,0.23065924644470215
28.60004807,92.40040588,3.063123226,3784,7101,0.2305467128753662
28.59762955,92.60113525,3.062205315,3803,6842,0.23371434211730957
28.59911728,92.80280304,3.06238842,3823,6748,0.2284071445465088
28.60121918,93.00028992,3.061325073,3704,6685,0.23549103736877441
28.60026169,93.20004272,3.062234402,3591,6548,0.22870302200317383
28.60019684,93.39961243,3.063501835,3728,6521,0.22925329208374023
28.60034561,93.59897614,3.060875893,3720,6331,0.22690153121948242
28.60022354,93.79999542,3.062457085,3731,6414,0.2274489402770996
28.60274124,94.00166321,3.061430454,3673,6299,0.23025035858154297
28.60017776,94.20192719,3.061731339,3669,6362,0.22895407676696777
28.60042572,94.40275574,3.062779427,3654,6251,0.23112964630126953
28.60057831,94.60176086,3.06262207,3639,6362,0.2298440933227539
28.60005188,94.80067444,3.061615944,3685,6297,0.22951316833496094
28.59917068,94.99926758,3.060525894,3670,6316,0.22626042366027832
28.80437469,90.02331543,3.062126637,13784,23595,0.2298121452331543
28.80118561,90.19458008,3.061456203,9473,19593,0.22912979125976562
28.79961395,90.39671326,3.062037945,6797,14081,0.2326815128326416
28.79598236,90.59902954,3.061976433,5544,11099,0.24156618118286133
28.79691696,90.79814911,3.061798573,5021,9512,0.22835826873779297
28.79947281,91.00158691,3.062526226,4598,8821,0.22955894470214844
28.80057526,91.19931793,3.061861038,4365,8497,0.22838091850280762
28.80060196,91.39851379,3.062266827,4272,8204,0.23491144180297852
28.80128479,91.59960175,3.062921047,4115,7885,0.2245490550994873
28.80236816,91.79827881,3.060225487,4140,7809,0.23284459114074707
28.80034256,91.9997406,3.062445164,4012,7517,0.23543119430541992
28.8019371,92.19866943,3.062007427,3943,7266,0.22766733169555664
28.7984581,92.40042877,3.062714577,3973,7058,0.2248973846435547
28.79562759,92.5998764,3.062379837,3812,7175,0.22905945777893066
28.80072021,92.79921722,3.062478065,3849,7036,0.2268075942993164
28.80128479,93.00004578,3.062468529,3754,6787,0.23386621475219727
28.8041687,93.20056152,3.061785698,3672,6629,0.2281198501586914
28.79734039,93.3997345,3.060540199,3657,6536,0.2280137538909912
28.79772186,93.59973145,3.060005665,3606,6434,0.22813153266906738
28.79964066,93.80128479,3.062404633,3559,6462,0.23126530647277832
28.80157471,94.00073242,3.061665058,3630,6283,0.23197197914123535
28.80208588,94.19877625,3.061976433,3602,6310,0.22704362869262695
28.7963028,94.39880371,3.062110901,3657,6273,0.23059630393981934
28.7987175,94.603302,3.062111378,3518,6249,0.22855687141418457
28.79757309,94.80203247,3.062876701,3590,6260,0.23454713821411133
28.80097198,94.99985504,3.06186533,3624,6394,0.22702717781066895
29.0002327,90.01828003,3.061428547,9814,16435,0.22945213317871094
29.00307083,90.19628143,3.061873913,11922,21141,0.22884178161621094
29.00125504,90.3979187,3.060783863,11141,21168,0.22983598709106445
28.99868011,90.59899902,3.063123226,7873,17735,0.23550820350646973
28.99866486,90.8012085,3.060731888,6732,13103,0.2259218692779541
29.00076294,90.99945068,3.062504292,5515,10314,0.22631430625915527
29.00265121,91.19586182,3.061205864,4852,9088,0.2364349365234375
29.00211716,91.39813995,3.062745094,4542,8508,0.2268514633178711
29.00224304,91.59754944,3.0612607,4335,8164,0.2245652675628662
28.99903107,91.79940796,3.06115818,4114,7938,0.22686123847961426
28.99979401,92.00045776,3.060538292,4175,7791,0.2380368709564209
28.99760056,92.2000351,3.061842918,4115,7610,0.23052740097045898
28.99940872,92.40048218,3.062164783,3883,7186,0.22912335395812988
28.99996567,92.59928894,3.061993122,3906,7203,0.2368171215057373
28.9997406,92.79991913,3.061293602,3955,6946,0.23223257064819336
29.00211716,92.99921417,3.06310606,3741,6962,0.22992396354675293
29.00100708,93.19911194,3.061919689,3771,6917,0.22725701332092285
28.99962234,93.4012146,3.062843323,3789,6861,0.22830438613891602
28.99813461,93.60069275,3.062616348,3771,6826,0.2301316261291504
29.00222778,93.79962921,3.062492847,3722,6655,0.237654447555542
29.00235367,93.99785614,3.060531616,3690,6477,0.23232102394104004
29.00231934,94.19860077,3.060842991,3800,6555,0.2275078296661377
29.0018425,94.39881897,3.062548637,3728,6476,0.2285614013671875
29.00548172,94.59994507,3.061553478,3677,6433,0.22931385040283203
29.00046921,94.79896545,3.061069965,3572,6497,0.2280590534210205
28.99749374,95.00098419,3.061517239,3741,6449,0.22908782958984375
29.20345306,90.02069092,3.061955452,9559,15351,0.22865796089172363
29.20041656,90.19807434,3.061452389,9817,16828,0.2310194969177246
29.19905853,90.39833069,3.061856747,9980,16727,0.2311112880706787
29.19794464,90.59869385,3.061470032,13491,22212,0.23187708854675293
29.19855881,90.79863739,3.061342716,10605,19613,0.22756195068359375
29.19630051,90.99887085,3.062612534,7414,15593,0.2314457893371582
29.19859695,91.20031738,3.062036514,6133,11840,0.2269763946533203
29.20417404,91.39865112,3.060896397,5196,10434,0.22469592094421387
29.20206833,91.59672546,3.061976433,4750,9221,0.22581982612609863
29.19970703,91.79811859,3.061495781,4461,8484,0.2236158847808838
29.19915771,91.99751282,3.060942173,4158,8121,0.22386693954467773
29.2000618,92.19834137,3.0606637,4178,7853,0.22554516792297363
29.20122528,92.40168762,3.06197691,4129,7547,0.22311902046203613
29.19739914,92.59973145,3.061933994,3940,7466,0.2272489070892334
29.20079041,92.79679108,3.061212063,3824,7399,0.22639036178588867
29.20234299,92.99756622,3.061701298,3836,7097,0.2326524257659912
29.20066833,93.19864655,3.061704159,3873,7101,0.22392702102661133
29.20023346,93.40016174,3.062080383,3864,6840,0.22839903831481934
29.19997787,93.59864807,3.061096191,3738,6884,0.228255033493042
29.19749069,93.80240631,3.062605381,3677,6769,0.22556257247924805
29.20034409,94.00339508,3.062376499,3735,6737,0.23798203468322754
29.19999313,94.20379639,3.062114239,3631,6657,0.23013520240783691
29.1995163,94.40106964,3.061318874,3607,6435,0.22779083251953125
29.20246506,94.60041809,3.062527657,3664,6415,0.2234032154083252
29.20214081,94.79920959,3.061916828,3667,6333,0.22708678245544434
29.19891357,95.00346375,3.061501503,3508,6277,0.22280406951904297
29.40029907,90.02809906,3.062793255,9559,15144,0.22677183151245117
29.40141296,90.19447327,3.060802937,9069,14160,0.21921038627624512
29.40058136,90.39644623,3.061487198,9557,16791,0.22717595100402832
29.39665222,90.6023407,3.061543465,8894,16037,0.22506952285766602
29.40107346,90.79676819,3.061791897,10148,17888,0.22441315650939941
29.39839935,90.9967041,3.062217712,12435,21887,0.22472739219665527
29.4005394,91.19948578,3.061306,9058,20770,0.22824668884277344
29.39933777,91.39980316,3.062618256,7423,15995,0.2295994758605957
29.39811325,91.59921265,3.061501503,6145,11737,0.22825884819030762
29.40116501,91.80140686,3.061681747,5003,9447,0.22760939598083496
29.40176392,91.9994812,3.061368942,4537,8556,0.22148442268371582
29.39757919,92.20010376,3.063436031,4264,8172,0.22942447662353516
29.4000473,92.39653778,3.059970379,4134,7760,0.2288520336151123
29.39992523,92.59964752,3.061495304,3984,7566,0.2236936092376709
29.39928818,92.79978943,3.062394619,3878,7575,0.22539973258972168
29.39955139,93.00268555,3.063012123,3839,7187,0.2277393341064453
29.40117645,93.20277405,3.062732697,3787,7179,0.22622275352478027
29.39980698,93.39682007,3.063434124,3795,6920,0.22054409980773926
29.39971542,93.60025024,3.061667442,3725,6852,0.22420001029968262
29.4003334,93.80368042,3.062541008,3773,6745,0.22788572311401367
29.3995018,94.00076294,3.061709404,3650,6775,0.22576141357421875
29.40014648,94.20087433,3.061304092,3745,6286,0.22223663330078125
29.400177,94.40076447,3.062872887,3633,6420,0.23168349266052246
29.40081406,94.59855652,3.061387062,3689,6410,0.22803688049316406
29.40205002,94.80033875,3.061721802,3614,6216,0.22566008567810059
29.39961624,95.00144958,3.061688423,3507,6246,0.23560047149658203
29.60139847,90.01211548,3.064447403,9300,14762,0.23972105979919434
29.60073853,90.19799805,3.061542988,9314,14245,0.22435879707336426
29.59555435,90.39746857,3.06108427,9299,14937,0.23314309120178223
29.59690857,90.59912872,3.063622475,9447,14647,0.2257392406463623
29.60034943,90.79951477,3.062139511,10055,16904,0.2268848419189453
29.59799576,90.99933624,3.063138485,10244,16045,0.22201919555664062
29.59698486,91.19815063,3.061524391,13420,22509,0.2258608341217041
29.60042191,91.39936829,3.061714172,14651,25721,0.22553205490112305
29.6000824,91.59902954,3.062777042,8969,20405,0.22238421440124512
29.59952164,91.79727173,3.062105656,6697,13941,0.22619915008544922
29.59868622,91.99984741,3.063125134,5392,10536,0.23009228706359863
29.60012054,92.19824219,3.063360691,4682,8958,0.23893094062805176
29.60200882,92.40022278,3.062944412,4438,8533,0.22455739974975586
29.60189438,92.59812164,3.061707497,4154,7972,0.2258894443511963
29.59994888,92.80023956,3.061973572,4124,7701,0.22177886962890625
29.59977722,93.00235748,3.061472416,4105,7425,0.23100900650024414
29.59809113,93.19984436,3.061015129,3889,7255,0.2288060188293457
29.60145187,93.39839172,3.061094284,3915,7278,0.22338128089904785
29.60176086,93.59996033,3.062121391,3804,6852,0.23743295669555664
29.60273743,93.8004303,3.062204361,3732,6872,0.2226848602294922
29.60146713,94.00160217,3.061886311,3802,6938,0.22384405136108398
29.59809494,94.20104218,3.062273502,3641,6759,0.23049211502075195
29.59799576,94.39914703,3.062903881,3691,6533,0.22759795188903809
29.60295486,94.60093689,3.062193871,3555,6388,0.23570036888122559
29.60264969,94.80096436,3.061458111,3515,6229,0.2217259407043457
29.60177231,95.00106812,3.062975883,3527,6141,0.2292041778564453
29.7991066,90.03476715,3.061551094,9150,14383,0.23211383819580078
29.79743767,90.19560242,3.062568665,9031,14438,0.2221977710723877
29.80080605,90.39717102,3.061750412,8947,14651,0.22697734832763672
29.79941368,90.59976196,3.063503265,9718,15063,0.2299647331237793
29.79999924,90.79882812,3.062185764,9508,14561,0.22633886337280273
29.79721642,90.99864197,3.061729908,9525,15801,0.22582721710205078
29.7992897,91.19644165,3.06147337,10256,18482,0.2247781753540039
29.80270004,91.39702606,3.061200619,10385,17027,0.22757434844970703
29.80160332,91.60021973,3.062859058,12805,22135,0.2297499179840088
29.80080223,91.79837036,3.061058044,12094,21309,0.22582030296325684
29.80030251,91.99790955,3.062564373,7187,16079,0.2228848934173584
29.80085564,92.19859314,3.06189537,6154,11889,0.22892522811889648
29.80223274,92.39953613,3.061635494,4854,9697,0.2262258529663086
29.80073929,92.60009766,3.06129837,4474,8468,0.22419357299804688
29.79972839,92.79745483,3.061650276,4332,8123,0.22182011604309082
29.79550171,92.99950409,3.0624547,4123,7770,0.22600722312927246
29.79912758,93.19642639,3.060716152,4169,7795,0.22474217414855957
29.80221367,93.39944458,3.061445713,3907,7285,0.22313404083251953
29.79796791,93.59892273,3.06133461,3853,7242,0.22972822189331055
29.80061722,93.79779053,3.062190533,3647,6944,0.22745227813720703
29.79821777,94.0001297,3.060920238,3674,6903,0.22857165336608887
29.799963,94.1993103,3.062263489,3720,6584,0.2254488468170166
29.80062294,94.39850616,3.061909676,3714,6580,0.2245652675628662
29.79761696,94.59835815,3.062191963,3448,6448,0.22252297401428223
29.79656029,94.8014679,3.061540604,3619,6440,0.2364959716796875
29.79442024,95.00083923,3.061983109,3480,6479,0.22539091110229492
30.002491,90.03114319,3.063705921,9063,14542,0.22668719291687012
29.99992752,90.19473267,3.063391685,9158,14373,0.22320938110351562
29.99996185,90.39660645,3.06111145,9074,13736,0.2255876064300537
30.00033951,90.59579468,3.062148094,8670,13572,0.22610163688659668
30.00076866,90.79657745,3.060975552,9437,14217,0.2309563159942627
30.00069809,90.99820709,3.06278944,9406,15456,0.2360830307006836
30.00049019,91.20024872,3.060498238,9610,14771,0.23023700714111328
30.00225258,91.39944458,3.061849594,9493,16622,0.22341394424438477
29.99777031,91.59931183,3.062550545,9738,16748,0.22614192962646484
29.99907494,91.79907227,3.061729908,11100,18579,0.2232060432434082
29.9991436,92.00012207,3.062242985,13180,23338,0.23134708404541016
30.00393867,92.19850159,3.06271553,9633,20161,0.22992944717407227
30.002491,92.39962006,3.06227684,7274,15509,0.23700428009033203
30.00103188,92.60005951,3.062055111,5630,11100,0.22811055183410645
29.99936485,92.79998016,3.061524868,4762,9460,0.23248767852783203
29.99910164,93.00127411,3.062018871,4503,8408,0.22508955001831055
29.99902153,93.20053101,3.062111855,4186,7914,0.2254505157470703
30.00146484,93.40155029,3.06255722,4056,7605,0.22715282440185547
30.00100136,93.59780121,3.061057568,4068,7445,0.22375273704528809
29.99873161,93.79977417,3.062300205,4041,7263,0.22364521026611328
29.99868393,94.00273132,3.062493324,3773,7100,0.22628211975097656
29.99853897,94.20107269,3.061944485,3788,7020,0.2273268699645996
29.99991989,94.40145111,3.06220293,3684,6892,0.22315430641174316
29.99980927,94.59934998,3.061026573,3704,6846,0.23657727241516113
29.99946976,94.80187225,3.061478615,3729,6720,0.22336506843566895
29.99902534,95.00018311,3.061809063,3540,6505,0.2232372760772705
30.19962311,90.02546692,3.064267635,8936,14268,0.23639321327209473
30.19915009,90.19662476,3.063484192,9046,14464,0.22989439964294434
30.20168686,90.3986969,3.061580658,8900,14099,0.22621679306030273
30.19822311,90.59793854,3.061549664,8936,14030,0.23175740242004395
30.19849396,90.7983017,3.062181473,8949,13734,0.2241990566253662
30.20242691,90.995224,3.063108921,9007,14749,0.2268214225769043
30.20344734,91.19878387,3.060158253,9499,14464,0.22442007064819336
30.19864655,91.39792633,3.062235832,9584,15191,0.22275424003601074
30.20075607,91.59937286,3.062200546,9388,14808,0.22716450691223145
30.19711304,91.80186462,3.063141823,10001,17650,0.22669267654418945
30.20095444,91.9991684,3.06165266,10035,16288,0.2300090789794922
30.20176506,92.19909668,3.062148094,12512,21455,0.22559666633605957
30.20013809,92.40088654,3.063132763,12847,22269,0.2241525650024414
30.19709396,92.60169983,3.062168598,8171,18408,0.2266991138458252
30.19571114,92.80293274,3.062822819,6446,13244,0.2272658348083496
30.20031738,92.99842834,3.061926842,5290,10458,0.22973942756652832
30.19978905,93.20246124,3.061611652,4656,8899,0.23966479301452637
30.19815636,93.40122986,3.060678482,4494,8314,0.23073816299438477
30.20215607,93.59928131,3.061274529,4270,7974,0.22133755683898926
30.20062447,93.80075073,3.062640667,4095,7590,0.2248384952545166
30.19761848,94.00064087,3.060403824,3995,7624,0.22618532180786133
30.20149231,94.19881439,3.061730862,3904,7370,0.22377896308898926
30.19849014,94.40187073,3.061147213,3848,6965,0.23622727394104004
30.19971657,94.60178375,3.063202858,3843,7042,0.2235279083251953
30.19825935,94.7973938,3.061981678,3638,6931,0.22309017181396484
30.2009697,94.99917603,3.061821938,3636,6785,0.22675657272338867
30.40177345,90.02246094,3.061954975,8849,13680,0.2273387908935547
30.40256882,90.19587708,3.061993122,9005,14070,0.21916985511779785
30.40022278,90.39707947,3.062106133,9073,14589,0.22700881958007812
30.39923096,90.59896851,3.061686993,9094,14537,0.22979211807250977
30.39954948,90.79807281,3.06230545,9159,14531,0.22716736793518066
30.40090561,90.99948883,3.062526703,8981,14422,0.23135828971862793
30.40163422,91.19882965,3.061533928,9233,14669,0.22240567207336426
30.39734077,91.39814758,3.061873436,9231,14947,0.2273104190826416
30.39864349,91.59759521,3.061923027,9344,14849,0.22387433052062988
30.40296364,91.7973938,3.061090469,9261,14867,0.22247552871704102
30.40360451,91.99658966,3.062032223,9670,15962,0.22193670272827148
30.39842987,92.19970703,3.062203884,9953,18123,0.22653651237487793
30.39946175,92.39996338,3.062633991,10446,16466,0.22768568992614746
30.39917564,92.59700775,3.061995029,11565,20754,0.2230684757232666
30.40410995,92.79803467,3.060813427,10021,19246,0.22645902633666992
30.40251541,92.99927521,3.060788631,7284,16691,0.2294754981994629
30.39832115,93.19708252,3.061395645,6170,11661,0.2272176742553711
30.40077782,93.40106201,3.063081264,4950,9473,0.22741222381591797
30.40198135,93.59892273,3.060935974,4628,8667,0.2235867977142334
30.40211487,93.80030823,3.063449383,4318,8021,0.22854256629943848
30.40258408,94.00027466,3.063365459,3975,7752,0.2233123779296875
30.39982414,94.19807434,3.06105423,3990,7540,0.22086524963378906
30.40120125,94.39914703,3.061901093,3852,7295,0.22554564476013184
30.40136909,94.60006714,3.062247276,3813,7254,0.22623848915100098
30.39963341,94.79937744,3.061433792,3765,7026,0.23429059982299805
30.3971653,95.00190735,3.061179161,3761,6849,0.22674560546875
30.59956169,90.03682709,3.063827515,8168,12567,0.23098349571228027
30.60190201,90.19618988,3.063752174,8362,12807,0.2261810302734375
30.60139656,90.40131378,3.061900139,8594,13349,0.23655009269714355
30.60104561,90.59980011,3.061752796,8768,13934,0.2303919792175293
30.59987068,90.79993439,3.061307907,8862,14596,0.22661805152893066
30.60014534,90.99787903,3.063076019,9238,14627,0.22986698150634766
30.60311127,91.19738007,3.062004566,9386,14412,0.2264871597290039
30.59887505,91.39826965,3.061828613,9146,14106,0.22746634483337402
30.59944344,91.59695435,3.061718941,8924,14467,0.22371339797973633
30.60235786,91.79777527,3.062539577,9105,14067,0.22645926475524902
30.60103989,91.99869537,3.061179161,9194,14924,0.22899341583251953
30.59947968,92.20133972,3.062739372,9080,14936,0.22895503044128418
30.60004425,92.40047455,3.062076092,9483,16241,0.2263658046722412
30.59857941,92.59854126,3.061003208,9522,16443,0.23218369483947754
30.6006031,92.79870605,3.062410355,10292,17338,0.2288656234741211
30.60184669,92.9992981,3.061558723,12703,21672,0.22734904289245605
30.59918785,93.19966888,3.061097622,9358,17855,0.22611594200134277
30.5999527,93.39933777,3.0619874,6590,13444,0.22060894966125488
30.59863472,93.59954071,3.061845779,5482,10660,0.22709083557128906
30.59904861,93.79925537,3.061459064,4735,8996,0.22599124908447266
30.60135078,94.00134277,3.060826778,4286,8431,0.23298025131225586
30.5999794,94.20079803,3.060792923,4098,7720,0.22356081008911133
30.60181808,94.40079498,3.062090397,3914,7572,0.22935056686401367
30.60165405,94.60256958,3.061870575,3787,7152,0.22072243690490723
30.60016251,94.80107117,3.063081741,3826,7082,0.22558832168579102
30.59996796,95.00093079,3.061733246,3654,6763,0.2266387939453125
30.79920197,90.03186798,3.062571049,7348,10475,0.22814059257507324
30.80056381,90.19556427,3.061751842,8039,11811,0.22462248802185059
30.80258751,90.39733887,3.06269598,8209,12421,0.23175430297851562
30.80156517,90.59853363,3.062459946,8269,12797,0.22992682456970215
30.80165482,90.79716492,3.06182766,8584,13953,0.2265172004699707
30.798769,90.99813843,3.06071043,8956,13943,0.2245023250579834
30.79904175,91.19618225,3.061914444,8768,14348,0.22553014755249023
30.79831123,91.3991394,3.061868668,9020,14365,0.23662543296813965
30.79925919,91.60258484,3.060925484,8891,14116,0.23075127601623535
30.80204201,91.8006897,3.0624547,9160,14163,0.22577118873596191
30.79862404,92.00008392,3.062024593,9103,14525,0.22046613693237305
30.80189133,92.19854736,3.06182909,9138,14200,0.2272648811340332
30.80263329,92.39927673,3.062175274,9264,14952,0.22589898109436035
30.80256653,92.59854889,3.061329842,9412,14482,0.22667503356933594
30.79839325,92.79936981,3.063663483,9184,16718,0.22114205360412598
30.80105209,93.00079346,3.059888363,9445,15223,0.2269730567932129
30.79875374,93.20145416,3.062378883,11161,18786,0.22551608085632324
30.80070877,93.39975739,3.0613451,10542,21202,0.23646211624145508
30.80167389,93.60009766,3.06223917,8326,16803,0.2216031551361084
30.80218124,93.80010986,3.062386036,6306,12851,0.23150134086608887
30.80135727,94.00053406,3.061955452,5104,10104,0.23719048500061035
30.8010807,94.2011795,3.061593533,4512,9045,0.22361278533935547
30.80143166,94.40079498,3.062725067,4341,8390,0.2260417938232422
30.80228424,94.59791565,3.060957432,3934,7637,0.22936153411865234
30.80065918,94.80070496,3.062342644,3859,7430,0.22582268714904785
30.80055046,95.00021362,3.061292648,3785,7348,0.239274263381958
31.00194359,90.01878357,3.062459469,7470,10433,0.22832107543945312
31.00176239,90.19648743,3.06157732,7486,10511,0.22677040100097656
30.99921608,90.39498901,3.061704159,7826,11229,0.2228565216064453
30.99980164,90.59684753,3.061633587,8158,12354,0.22739434242248535
31.00141144,90.8008728,3.062040329,8217,12757,0.22191405296325684
30.99849129,90.99835968,3.062330246,8477,13188,0.22411704063415527
31.00004959,91.19759369,3.061588764,8805,14315,0.22638463973999023
31.00140572,91.39850616,3.0616045,8855,14527,0.22857093811035156
31.00064659,91.60123444,3.062262058,8767,14275,0.23194670677185059
31.00008774,91.79625702,3.061485767,8863,13971,0.23278045654296875
31.00079155,91.99806976,3.063725471,9204,14311,0.22507667541503906
30.99951935,92.19831848,3.061132908,9197,14312,0.22449779510498047
30.99770927,92.40055084,3.063426971,9230,14742,0.2349381446838379
30.99895477,92.599823,3.061700821,9150,14737,0.22298312187194824
30.9985714,92.7988205,3.062284946,9184,15286,0.2371680736541748
31.00126076,93.00268555,3.06269455,9270,15358,0.2274637222290039
30.99928474,93.20269775,3.062335014,9649,17187,0.22866320610046387
31.00102425,93.39833069,3.062185287,10749,17342,0.2282850742340088
30.99905014,93.60043335,3.062448978,12987,23530,0.22922921180725098
31.00030136,93.79920959,3.061362743,11150,21403,0.2366960048675537
30.9984169,94.0026474,3.062792778,7442,17470,0.2287132740020752
30.99819374,94.19910431,3.061345577,6280,13106,0.22545266151428223
31.0001297,94.40127563,3.061428547,5059,10345,0.22424769401550293
31.00098228,94.59886169,3.062924385,4564,8782,0.2234053611755371
30.99954224,94.80148315,3.062675476,4202,8027,0.22666501998901367
30.99932098,95.00172424,3.061924934,4043,7645,0.22732138633728027
31.19921494,90.0302124,3.063346863,8181,10900,0.22321772575378418
31.19819832,90.19740295,3.062535763,7885,10180,0.22788667678833008
31.19964409,90.39938354,3.062255383,7654,10545,0.2246854305267334
31.20073318,90.59622955,3.062350273,7609,10708,0.22113394737243652
31.19854546,90.79724121,3.062593937,7992,11789,0.23569416999816895
31.19789696,90.99934387,3.062530518,8313,12780,0.22374439239501953
31.20241737,91.20009613,3.061133862,8387,12972,0.22493433952331543
31.20008278,91.39997101,3.06126833,8835,13642,0.23157024383544922
31.19801521,91.59872437,3.062353134,8869,14024,0.22660136222839355
31.19573402,91.8009491,3.063012123,8970,14087,0.2263658046722412
31.20031738,91.99862671,3.061060429,8965,14378,0.2267594337463379
31.20043564,92.20085907,3.0618577,9408,14895,0.22568941116333008
31.20064354,92.39984131,3.061307907,9082,14400,0.2268664836883545
31.1978035,92.59986115,3.06214571,9039,14480,0.23082804679870605
31.19957352,92.80111694,3.0624547,9143,14450,0.22505974769592285
31.20202255,92.99942017,3.062447071,9377,15010,0.22733521461486816
31.20038795,93.19958496,3.061234951,9274,14846,0.22941184043884277
31.19964027,93.40040588,3.060371399,9597,17417,0.23085975646972656
31.19819832,93.59880066,3.061720371,10037,16708,0.22954130172729492
31.20081139,93.80063629,3.063410282,10485,18245,0.22795677185058594
31.19920731,94.00016785,3.062360764,12858,26121,0.2226104736328125
31.20013428,94.20127869,3.061888218,10554,22645,0.22628188133239746
31.20051956,94.396492,3.061534882,7346,16558,0.2214217185974121
31.19838715,94.59944153,3.060406685,5660,11884,0.22632956504821777
31.19693375,94.79943848,3.062158585,4641,9465,0.22510075569152832
31.20119858,95.00076294,3.060963631,4367,8636,0.2245163917541504
31.40208244,90.03076172,3.061636448,5928,9068,0.22667264938354492
31.39863586,90.19767761,3.062685966,8251,10751,0.22154855728149414
31.40052414,90.39810944,3.061752319,8680,11056,0.2274169921875
31.4037056,90.59844971,3.062571526,8085,10770,0.23726797103881836
31.40100861,90.79993439,3.061310291,7723,10831,0.24116206169128418
31.4008255,90.9987793,3.061538696,7853,10878,0.23213863372802734
31.4005146,91.19902802,3.062833309,8058,12218,0.23361992835998535
31.39885902,91.40005493,3.062448978,8351,12819,0.2210712432861328
31.40171242,91.59635925,3.063672543,8634,13445,0.22402119636535645
31.40276909,91.79959869,3.062478542,8823,13892,0.2381753921508789
31.40197182,92.00108337,3.062413216,9441,14599,0.2326357364654541
31.40032387,92.19945526,3.061829567,9540,14737,0.23003435134887695
31.39779472,92.40063477,3.061993599,9405,14536,0.2321925163269043
31.39829826,92.6003418,3.061964035,9437,14715,0.2278118133544922
31.39945984,92.80163574,3.061932087,9299,14323,0.23610687255859375
31.40023232,92.99935913,3.060369968,9393,14978,0.22911739349365234
31.39970779,93.20142365,3.061986923,9448,14757,0.23315834999084473
31.40048027,93.40132904,3.062124252,9474,15606,0.22777128219604492
31.39888,93.60173035,3.06144619,9408,14920,0.23212599754333496
31.40127754,93.79977417,3.062507629,9391,17729,0.23019051551818848
31.40067291,94.00059509,3.061216354,9814,16224,0.23405241966247559
31.39925194,94.19959259,3.062791348,12512,20782,0.22560977935791016
31.40051842,94.40042114,3.060602188,13627,24915,0.22832250595092773
31.39744377,94.59997559,3.062281609,8522,22165,0.22575044631958008
31.40013123,94.79855347,3.061656952,6889,14079,0.23063325881958008
31.40069389,95.00008392,3.061154366,5091,10714,0.2311861515045166
31.59830666,90.02487183,3.064275265,5164,8335,0.22894525527954102
31.59851456,90.19933319,3.061638832,5780,8922,0.22977995872497559
31.59943962,90.39956665,3.061171532,7145,10444,0.22606754302978516
31.59980583,90.59766388,3.063183308,10496,11913,0.229201078414917
31.60133171,90.79821014,3.061408997,9364,10929,0.22889280319213867
31.60023308,91.00067902,3.061823845,7942,10836,0.22951245307922363
31.6010704,91.2006073,3.062088966,7646,10827,0.22688674926757812
31.59903145,91.4004364,3.061233044,8068,11647,0.23153924942016602
31.59904289,91.59855652,3.062529564,8443,12659,0.23157024383544922
31.59967422,91.79824829,3.061437607,8694,13195,0.22813701629638672
31.60166168,91.99919891,3.062795639,8796,13866,0.23001337051391602
31.60086441,92.19935608,3.061713219,9078,14377,0.22904396057128906
31.60155296,92.40016937,3.063020229,9262,14936,0.22842693328857422
31.6021595,92.60147095,3.061362267,9392,14873,0.2262706756591797
31.60129356,92.7999115,3.061049461,9615,15214,0.23741722106933594
31.60070229,92.998909,3.062414169,9658,15158,0.2304399013519287
31.60116005,93.20053101,3.06223011,9505,14779,0.22816252708435059
31.60310745,93.3972168,3.060254574,9438,14833,0.23187565803527832
31.60309792,93.60128021,3.061487675,9777,15020,0.22996115684509277
31.59962273,93.80049133,3.063144684,9212,15174,0.2307882308959961
31.59952354,94.00125885,3.061483383,9690,15942,0.23353314399719238
31.59863853,94.19835663,3.060999393,9965,18524,0.24817109107971191
31.59817696,94.40090942,3.061549187,9824,16959,0.23175048828125
31.59778976,94.59915924,3.062219143,14842,25369,0.23108601570129395
31.59934616,94.79875183,3.062122345,11457,21953,0.2325270175933838
31.6023674,95.00233459,3.061630726,7100,15451,0.23082232475280762
31.80108643,90.02822113,3.06265974,4725,7831,0.22759151458740234
31.80069923,90.19815063,3.06214571,5038,8125,0.2277510166168213
31.79911041,90.39830017,3.062977314,5577,8583,0.22791767120361328
31.80116081,90.59552002,3.061573505,6276,9268,0.22787928581237793
31.80178261,90.79698944,3.061706066,8185,10178,0.23047208786010742
31.80218697,90.99923706,3.061948299,9309,10952,0.23195958137512207
31.79876328,91.19879913,3.061839581,8081,10509,0.2310025691986084
31.79761314,91.39796448,3.061664581,7851,10935,0.23232674598693848
31.79699898,91.59997559,3.062883854,7655,11079,0.2279524803161621
31.80100632,91.79892731,3.061646461,8287,12241,0.2304394245147705
31.80174255,91.99868774,3.060843468,8716,12993,0.22851157188415527
31.80058861,92.19870758,3.062645435,8782,13526,0.22565722465515137
31.80183792,92.39705658,3.060633183,9165,14201,0.22793841361999512
31.79833221,92.59928894,3.061601162,9496,14636,0.22914624214172363
31.80066109,92.7999115,3.060905933,9472,14775,0.22819113731384277
31.80074692,92.998703,3.061786652,9312,14667,0.2276160717010498
31.8004818,93.20259857,3.062520981,9525,14816,0.2246406078338623
31.79782486,93.40065002,3.062579632,9487,14428,0.2297511100769043
31.80000305,93.60125732,3.062213421,9348,14459,0.23110675811767578
31.79924202,93.79850769,3.061516762,9085,14615,0.2281324863433838
31.79943466,94.00128174,3.063776493,9295,15110,0.22975444793701172
31.7995472,94.19987488,3.061995029,8855,14547,0.22396492958068848
31.80045128,94.40081787,3.062689304,9212,16242,0.2302412986755371
31.80067635,94.60054016,3.061502457,9495,15703,0.23364520072937012
31.8018074,94.80239868,3.062144756,12044,18225,0.22683191299438477
31.79951096,95.00058746,3.061944008,11342,18759,0.22840046882629395
32.00097656,90.02241516,3.0625844,4408,7527,0.22558903694152832
32.00139618,90.19488525,3.061434746,4533,7641,0.23055100440979004
32.00374603,90.39770508,3.062231541,4692,7942,0.23173928260803223
32.00131989,90.59939575,3.061889648,5191,8089,0.23284626007080078
31.99786949,90.79789734,3.061589718,5596,8760,0.23762822151184082
31.99756432,90.99810791,3.062928677,6520,9314,0.22908282279968262
32.00046539,91.20000458,3.061128616,8085,10593,0.2277355194091797
32.00128555,91.39859772,3.062129021,8867,10983,0.2293686866760254
32.00218201,91.59793854,3.062152386,7911,10697,0.22878694534301758
32.00141525,91.80076599,3.062119484,7568,10769,0.2295384407043457
32.00052643,91.9994278,3.062131405,7740,11018,0.23225975036621094
31.99975014,92.20021057,3.062076092,8086,12120,0.23494315147399902
32.00051117,92.40188599,3.0620327,8602,12892,0.2264571189880371
31.99825859,92.6005249,3.061295509,8858,13905,0.22644972801208496
31.99783325,92.7989502,3.061929226,9050,14066,0.22766923904418945
32.00077057,93.00026703,3.059972763,9298,14626,0.23008298873901367
32.00104141,93.2015152,3.061864376,9256,14592,0.23160505294799805
31.9984417,93.40104675,3.061312199,9216,14696,0.22736549377441406
31.99925995,93.60289001,3.062943459,9109,14378,0.23058128356933594
31.99720573,93.80078888,3.062729836,8977,14415,0.2315678596496582
31.99882507,93.9994812,3.060821056,8815,14468,0.2340705394744873
31.9981823,94.20063019,3.06283617,8907,14178,0.22980427742004395
32.00022888,94.40155792,3.062316418,8681,14151,0.22679805755615234
32.00166321,94.60263824,3.062021255,8476,13450,0.2335798740386963
31.99918365,94.80323792,3.062040329,8968,15798,0.22994446754455566
31.99672699,94.99964905,3.062777042,9160,14594,0.22849178314208984
32.20278549,90.01907349,3.061273575,4355,7532,0.23275375366210938
32.19972992,90.19395447,3.061933994,4419,7337,0.23061156272888184
32.2019577,90.39749146,3.062011719,4545,7564,0.2297050952911377
32.20253754,90.5983429,3.060687065,4766,7742,0.22949624061584473
32.19770813,90.80051422,3.062767029,5091,7998,0.23053312301635742
32.19630432,90.99897003,3.06225872,5172,8277,0.2320256233215332
32.20019531,91.19898987,3.062299728,5702,8788,0.23114371299743652
32.19900513,91.3992157,3.061157227,6690,9627,0.22981882095336914
32.19865417,91.59885406,3.061830044,8569,11049,0.2342982292175293
32.20072174,91.79829407,3.062229156,8465,10523,0.2296302318572998
32.20310974,91.99925232,3.061965466,7971,10515,0.23099970817565918
32.20205688,92.20116425,3.062086582,7490,10582,0.23221349716186523
32.19947433,92.4004364,3.061374187,8077,11555,0.2307732105255127
32.19846344,92.59945679,3.061390877,8810,12812,0.23015379905700684
32.19873047,92.80289459,3.062766075,8612,13219,0.23146390914916992
32.20114136,93.00197601,3.06264019,8943,13720,0.22820162773132324
32.20193863,93.20080566,3.061340809,8846,14289,0.22850251197814941
32.19889832,93.40013885,3.063698769,9028,14250,0.23106741905212402
32.20046997,93.59953308,3.061653614,8930,14221,0.22981977462768555
32.19755936,93.80331421,3.061284065,8907,14100,0.23070740699768066
32.19695282,94.00416565,3.062671661,8665,13876,0.2298591136932373
32.20278168,94.19763184,3.061001301,8394,13921,0.22909331321716309
32.2023735,94.39975739,3.061952114,8499,13684,0.22708559036254883
32.19876862,94.60003662,3.062141895,8972,13535,0.232346773147583
32.20044708,94.79966736,3.062042236,8884,13656,0.23141050338745117
32.2009201,95.0016098,3.061608791,8791,14147,0.22661566734313965
32.4021225,90.0271759,3.062285423,4244,7748,0.22806000709533691
32.39857483,90.193573,3.060743332,4255,7485,0.22856974601745605
32.39782333,90.39823914,3.063003063,4203,7647,0.22690105438232422
32.39905548,90.59779358,3.060624599,4510,7527,0.22776174545288086
32.39976501,90.7993927,3.062116146,4525,7672,0.2292027473449707
32.39790344,91.00090027,3.062384605,4722,7666,0.22565221786499023
32.3991394,91.19766998,3.061860085,4920,8022,0.22748851776123047
32.40184784,91.39946747,3.062572479,5306,8479,0.22994351387023926
32.40123749,91.6003418,3.062021732,5792,9005,0.22835659980773926
32.39820099,91.79964447,3.060723782,7530,10316,0.2300729751586914
32.3971405,92.00210571,3.063510895,9407,11221,0.22801733016967773
32.39927673,92.19815063,3.061761856,8098,10583,0.2276289463043213
32.39891815,92.39825439,3.063012123,7966,11044,0.22819852828979492
32.40198517,92.59937286,3.063332081,7804,10824,0.22495770454406738
32.40097046,92.79992676,3.061127663,8171,11862,0.2377169132232666
32.40037918,93.00053406,3.060464382,8196,12640,0.22638773918151855
32.40032959,93.20160675,3.062499523,8125,13065,0.2281496524810791
32.39977264,93.39987183,3.061444759,8616,13613,0.22441744804382324
32.3990097,93.60024261,3.06193161,8389,13587,0.22224116325378418
32.39958954,93.80021667,3.062981129,8440,13827,0.2262740135192871
32.40196228,93.99765778,3.062476158,8076,13632,0.22481274604797363
32.40145874,94.19926453,3.061543941,8313,13534,0.22787046432495117
32.39943695,94.4001236,3.063056469,8561,13398,0.2262859344482422
32.39949799,94.60057068,3.062716484,8513,13547,0.22183012962341309
32.40036774,94.80062103,3.062484741,8678,13663,0.22701692581176758
32.40036774,94.99826813,3.062674046,8683,13906,0.22579240798950195
32.60454941,90.02629089,3.063746452,4358,7695,0.22037792205810547
32.59915924,90.19482422,3.059752941,4175,7740,0.22565364837646484
32.59947968,90.39367676,3.06141901,4210,7665,0.22434568405151367
32.60350037,90.59729767,3.061920643,4393,7641,0.23048853874206543
32.60332108,90.79595947,3.061477184,4312,7436,0.2203054428100586
32.60052872,90.99693298,3.062351227,4435,7550,0.2221837043762207
32.59972,91.19775391,3.063325405,4610,7684,0.2273876667022705
32.60010147,91.39989471,3.062217236,4758,7820,0.23119711875915527
32.59695435,91.59972382,3.062809944,4974,8137,0.22077488899230957
32.60269928,91.79759979,3.061090469,5448,8556,0.2200467586517334
32.60147095,91.997612,3.062390327,6231,9424,0.22794222831726074
32.59963226,92.19853973,3.061850071,8334,11131,0.2324202060699463
32.60121155,92.40098572,3.0605793,9466,11282,0.2388148307800293
32.59837341,92.60125732,3.062363148,8281,10687,0.2224438190460205
32.60490417,92.79856873,3.062868118,7884,10738,0.22658252716064453
32.60087967,92.99758148,3.061432362,7702,11036,0.2307136058807373
32.60160828,93.19818115,3.061024189,8018,12114,0.22600722312927246
32.60151672,93.39867401,3.06242466,7909,12347,0.22835850715637207
32.60136414,93.59790802,3.06122303,8061,12681,0.22904729843139648
32.60155487,93.79925537,3.062083244,8263,13508,0.22648096084594727
32.59857941,93.99964905,3.062557697,8244,13786,0.22712135314941406
32.60214233,94.20070648,3.062459946,8439,13584,0.22790193557739258
32.60163879,94.40100098,3.061497211,8626,13446,0.22797083854675293
32.60105896,94.60115051,3.062966347,8612,13879,0.22803044319152832
32.6002655,94.80140686,3.062455654,8487,13763,0.22881317138671875
32.59946442,95.00171661,3.062711239,7749,13874,0.22662949562072754
32.80134583,90.02258301,3.061876774,4396,7932,0.23793864250183105
32.7970047,90.19747925,3.061426163,4436,7849,0.23147273063659668
32.79912186,90.39733124,3.061582565,4386,7944,0.23037099838256836
32.79546356,90.59880066,3.06255722,4330,7715,0.22753643989562988
32.80196381,90.79737854,3.061712742,4323,7466,0.22339320182800293
32.80239105,90.99703979,3.062215805,4310,7513,0.22225093841552734
32.79899597,91.20095825,3.062280178,4378,7414,0.22869658470153809
32.79866791,91.39711761,3.060927391,4624,7578,0.22513437271118164
32.80239105,91.59799194,3.062230587,4746,7499,0.22945284843444824
32.80324936,91.79897308,3.062173367,4922,7917,0.22621798515319824
32.79857254,91.99732971,3.062851906,5110,8194,0.22864866256713867
32.8007164,92.19940948,3.062294006,5583,8843,0.2230229377746582
32.80355072,92.39900208,3.061606884,7030,10492,0.22585058212280273
32.80066681,92.5998764,3.063080311,9792,11348,0.2233891487121582
32.79859924,92.79969025,3.062547207,9468,10961,0.2290055751800537
32.80246353,93.0005722,3.062306404,7885,10622,0.22656559944152832
32.80221558,93.20188141,3.061373711,7448,10585,0.22780919075012207
32.79984283,93.39962006,3.062350273,7416,10981,0.22589850425720215
32.79548645,93.6002655,3.063417435,7521,11769,0.22669124603271484
32.79786682,93.79999542,3.060738564,7710,12217,0.2308974266052246
32.79971695,94.0002594,3.060620308,7792,12937,0.22571396827697754
32.80030441,94.19940186,3.06226778,8337,13467,0.22332143783569336
32.79811096,94.39993286,3.062523842,8837,13570,0.22432470321655273
32.79905319,94.59900665,3.061421871,8169,13409,0.22665882110595703
32.79729462,94.80049896,3.062530994,7656,13599,0.22545742988586426
32.79816818,95.0004425,3.062665939,6657,13500,0.22940373420715332
32.9990387,90.01531982,3.062413692,4520,8096,0.2269594669342041
33.00076294,90.19869995,3.062342644,4399,7971,0.22727179527282715
32.99914932,90.3991394,3.062258244,4319,7796,0.22880220413208008
32.99948883,90.6005249,3.063126564,4243,7753,0.23022031784057617
32.99930573,90.80169678,3.06251955,4223,7408,0.22035932540893555
33.00130463,90.9980011,3.061525822,4116,7670,0.2268519401550293
33.00116348,91.19750214,3.062090397,4212,7514,0.22240662574768066
33.00119019,91.40084076,3.062287331,4338,7454,0.23135995864868164
33.00008011,91.59781647,3.062833309,4314,7343,0.2195415496826172
33.00094223,91.80038452,3.061844826,4360,7479,0.2267446517944336
32.99901581,91.99978638,3.063299656,4549,7503,0.2267909049987793
32.99868011,92.19898224,3.06255579,4956,7886,0.2274930477142334
33.00185013,92.40058899,3.062160015,5159,8378,0.22332525253295898
33.00028229,92.6014328,3.062641621,6094,9257,0.22403621673583984
33.00066376,92.79801941,3.061903477,8061,10456,0.2254960536956787
33.00094986,92.99772644,3.06115675,9216,10921,0.22831273078918457
32.99950409,93.19944763,3.062895298,8325,10545,0.22071361541748047
33.00221252,93.39866638,3.060450077,7609,10383,0.2337205410003662
33.00260544,93.60134888,3.061450481,7053,10041,0.2248680591583252
32.99991608,93.80093384,3.060844898,7385,10867,0.22226262092590332
32.99744797,94.00291443,3.062797546,7845,11767,0.2267932891845703
32.99882507,94.20204926,3.061178207,7988,11975,0.22621536254882812
33.0008316,94.40058136,3.062110424,7980,12322,0.2207043170928955
33.00298309,94.6005249,3.062112808,7601,12347,0.22655677795410156
33.00069809,94.7996521,3.061722279,6519,11852,0.22516369819641113
32.99806595,94.9997406,3.061995506,5993,12207,0.22718477249145508
