27.00130463,82.99991608,4.187132359,3662,5675,0.22980165481567383
26.99909973,83.64445496,4.187294006,3852,5763,0.23025107383728027
26.99975204,84.29728699,4.187602043,4074,5733,0.22922825813293457
27.00025558,84.94577789,4.186923981,4657,5934,0.22863459587097168
26.99893188,85.60076141,4.188285828,6943,6219,0.2274630069732666
26.99960327,86.25042725,4.187830925,6919,6344,0.22981858253479004
26.99979019,86.90116119,4.187880516,6370,6714,0.22882461547851562
27.00040054,87.55393982,4.189370155,6165,7547,0.2294330596923828
27.000103,88.20278931,4.187780857,5918,8118,0.2293839454650879
27.00079727,88.85394287,4.187521935,5889,9452,0.2280426025390625
26.9995079,89.50575256,4.186469555,4915,8097,0.2293701171875
26.99931717,90.15615845,4.187045574,4223,6892,0.22812485694885254
26.99660873,90.80801392,4.187705517,3938,6191,0.22960281372070312
26.9983902,91.45861053,4.187177658,3904,6174,0.22822904586791992
26.99821091,92.1075592,4.187777042,3778,5798,0.22922444343566895
27.00174713,92.75881195,4.185901165,3728,5848,0.22921299934387207
26.99887085,93.41171265,4.18716383,3681,5826,0.22798490524291992
26.99987411,94.05886841,4.186523914,3617,5777,0.22775912284851074
26.99942398,94.71238708,4.187975883,3695,5840,0.22907185554504395
27.00009155,95.36016846,4.187750816,3647,5642,0.22989249229431152
26.99892807,96.01005554,4.187026024,3660,5685,0.22803759574890137
27.64816284,83.01158905,4.18722868,3679,5721,0.2274622917175293
27.65192032,83.64131927,4.18783474,3943,5717,0.2290949821472168
27.65114212,84.29398346,4.187496662,4066,5713,0.22876930236816406
27.6541748,84.94486237,4.187720299,5122,5926,0.22832441329956055
27.65169907,85.59732819,4.188504696,6476,6149,0.22826862335205078
27.65024567,86.25060272,4.186833382,7678,6722,0.2278904914855957
27.64881897,86.89836121,4.188263416,7646,7843,0.22907376289367676
27.64834213,87.552948,4.187184811,6611,7798,0.22815918922424316
27.64860535,88.20288849,4.186772823,6033,7207,0.2295372486114502
27.64873886,88.85610199,4.188353539,5866,7555,0.2281332015991211
27.65196228,89.50643921,4.187594414,6387,8997,0.23004412651062012
27.65367508,90.15531158,4.187877655,5357,9212,0.22902464866638184
27.65421677,90.80661774,4.186815739,4568,7664,0.22974157333374023
27.65199661,91.45661163,4.186742306,4076,6678,0.22850441932678223
27.64981842,92.10879517,4.187042236,3808,6030,0.22853517532348633
27.64746475,92.76004791,4.187316895,3803,5919,0.2272505760192871
27.64757538,93.40853882,4.188368797,3664,5955,0.2296919822692871
27.64997482,94.05937195,4.187429428,3623,5842,0.22873806953430176
27.64992142,94.71244812,4.187170029,3632,5762,0.2285599708557129
27.65090179,95.35914612,4.188531876,3533,5675,0.22821402549743652
27.64909363,96.01148224,4.187487125,3692,5636,0.22824692726135254
28.29829407,83.0088501,4.18885994,3791,5692,0.22889304161071777
28.30093765,83.64376068,4.187326431,3835,5707,0.22887921333312988
28.2966423,84.29483032,4.186628819,4138,5785,0.22756743431091309
28.30107498,84.94610596,4.187084198,5161,6227,0.22960233688354492
28.30001831,85.5986557,4.187626839,6465,6417,0.229323148727417
28.30244064,86.24976349,4.186519623,7619,8285,0.22998356819152832
28.29917908,86.90066528,4.187170982,8678,8682,0.22912120819091797
28.30119324,87.55291748,4.188711166,8368,7964,0.22968602180480957
28.3007431,88.20288086,4.187786579,7273,7950,0.22763323783874512
28.29981232,88.85398865,4.187708855,6546,7566,0.22815752029418945
28.29864502,89.50726318,4.18730402,6199,7644,0.2282118797302246
28.29906464,90.15855408,4.186959267,5850,7615,0.23055815696716309
28.30060196,90.80636597,4.187941551,6048,9427,0.22767853736877441
28.30169678,91.45709991,4.187116146,5153,9005,0.22844767570495605
28.30006409,92.10757446,4.187162876,4342,7252,0.23194241523742676
28.29997253,92.75984192,4.187684536,4060,6446,0.228057861328125
28.29708862,93.41043091,4.188925266,3854,6176,0.22913527488708496
28.29779434,94.05838776,4.18807745,3801,5928,0.22769999504089355
28.29822159,94.71008301,4.18789959,3679,5874,0.2286665439605713
28.30033493,95.35798645,4.186909199,3668,5823,0.2283003330230713
28.3007431,96.008255,4.187777042,3668,5663,0.23010849952697754
28.95350647,83.01255035,4.189074516,3848,5591,0.2292492389678955
28.95253754,83.64176178,4.188156128,4028,5713,0.22912335395812988
28.9529953,84.29748535,4.188500881,4472,5938,0.22837591171264648
28.95131683,84.94841003,4.188580036,5062,6278,0.2299787998199463
28.95101929,85.59823608,4.18721056,6799,7025,0.2282419204711914
28.94709396,86.25092316,4.188704967,8793,8168,0.2275376319885254
28.94985962,86.90019226,4.186994076,9717,8038,0.22900652885437012
28.94828415,87.55142212,4.187709808,9214,8361,0.2285480499267578
28.95051575,88.20051575,4.187630653,8723,8359,0.2279033660888672
28.9526825,88.84972382,4.187101841,7988,7988,0.22800374031066895
28.95059204,89.50421906,4.186394691,7106,8015,0.2278120517730713
28.95053482,90.1559906,4.187692165,6307,7524,0.2303297519683838
28.94857025,90.8068161,4.187689781,5950,7588,0.22768092155456543
28.9478569,91.45717621,4.187262058,5808,7972,0.22804927825927734
28.9491539,92.10766602,4.186807156,5998,9708,0.22954797744750977
28.95106125,92.75986481,4.186802864,4817,8308,0.22812175750732422
28.95102692,93.40788269,4.18607378,4317,6816,0.22904038429260254
28.95277786,94.056633,4.188281059,3843,6362,0.2298886775970459
28.95283508,94.7091217,4.18812561,3817,6099,0.22909975051879883
28.95190048,95.35871124,4.187755585,3682,5892,0.22894835472106934
28.94842911,96.01177979,4.186398983,3723,5619,0.2299189567565918
29.59863281,83.00852966,4.188170433,4113,5815,0.22969508171081543
29.59878159,83.64194489,4.187308311,4577,5775,0.22940611839294434
29.59792709,84.29920959,4.187522411,5413,6366,0.2291278839111328
29.59748459,84.9480896,4.186955452,5369,7361,0.22919821739196777
29.60036469,85.59944916,4.186954975,6219,7945,0.22769832611083984
29.60134506,86.25245667,4.187378407,7405,8035,0.22846555709838867
29.6020813,86.90130615,4.1878438,8465,8280,0.22888612747192383
29.60277939,87.55338287,4.187283993,8992,7910,0.22722125053405762
29.60055542,88.20384979,4.187510967,8725,8242,0.22890663146972656
29.60048676,88.85237122,4.187397003,8960,8659,0.22850775718688965
29.59630203,89.50492096,4.188492298,8558,8109,0.22952651977539062
29.59852219,90.15481567,4.187083244,7398,7721,0.22883987426757812
29.59969711,90.80646515,4.187124729,6595,7660,0.229020357131958
29.60266876,91.45690918,4.189269066,6110,7330,0.2296309471130371
29.60516357,92.10778046,4.187809467,5998,7884,0.2276136875152588
29.5994873,92.75814819,4.187093735,6144,8563,0.2301335334777832
29.59981918,93.40936279,4.187826157,5466,9194,0.22777128219604492
29.59482956,94.057724,4.187101841,4561,7614,0.22958827018737793
29.6001358,94.71044922,4.186938286,4146,6890,0.22973155975341797
29.60049057,95.35845947,4.18692255,3912,6081,0.2288837432861328
29.60118866,96.00945282,4.187635422,3712,5767,0.22776341438293457
30.25379181,83.00952148,4.187688828,4866,5853,0.22894072532653809
30.25193214,83.64450073,4.187876701,6573,6215,0.22865962982177734
30.25183487,84.29493713,4.187627316,5990,6448,0.2291271686553955
30.24965668,84.94649506,4.187579155,5672,7170,0.2280893325805664
30.24916267,85.59858704,4.187072754,6519,9916,0.22752666473388672
30.24787712,86.25128174,4.187811852,6338,9006,0.22970342636108398
30.2493763,86.90019989,4.187140465,6450,8019,0.22800350189208984
30.25056458,87.55332947,4.186892033,7597,8041,0.22867035865783691
30.25227165,88.20295715,4.187982082,8626,8426,0.22794580459594727
30.25213051,88.85261536,4.18659544,8802,7937,0.22906184196472168
30.24975586,89.50437927,4.186335087,8540,8080,0.22786331176757812
30.24896049,90.15359497,4.187254429,8609,8481,0.2284560203552246
30.24797821,90.80723572,4.187788963,7925,8103,0.22976016998291016
30.24913216,91.45747375,4.188117504,7389,7928,0.2290201187133789
30.25097275,92.10649109,4.187380314,6812,7670,0.2288968563079834
30.25115967,92.75550842,4.187773705,5937,7392,0.2276768684387207
30.25053024,93.40769196,4.187672615,5800,7670,0.2309398651123047
30.24936295,94.06243896,4.187155247,6058,9812,0.22757959365844727
30.24983406,94.71130371,4.187688351,5227,9375,0.23012638092041016
30.24906349,95.35753632,4.186968327,4291,7082,0.22881817817687988
30.24690056,96.00952148,4.18756485,3893,6057,0.22873687744140625
30.9009304,83.01112366,4.187718868,5513,5882,0.22948503494262695
30.89995575,83.6418457,4.187425613,6528,6263,0.22813105583190918
30.90159988,84.29593658,4.186159134,7017,6752,0.22901463508605957
30.9034481,84.94519043,4.188671589,6937,7362,0.22866415977478027
30.90129471,85.59739685,4.187688351,6450,8140,0.228804349899292
30.90115738,86.25098419,4.187443733,6642,8825,0.2293720245361328
30.8988266,86.90151215,4.188414097,7162,10502,0.22861623764038086
30.89927864,87.5530014,4.18695116,6230,8698,0.22812366485595703
30.89863396,88.2052536,4.187517643,6625,8027,0.2284245491027832
30.90075493,88.85443115,4.187316418,7707,8131,0.22783422470092773
30.89986038,89.50650787,4.187417984,8660,8268,0.2288212776184082
30.90271187,90.15548706,4.186388969,8529,8118,0.22800278663635254
30.89919281,90.80602264,4.186897278,8709,8484,0.22878050804138184
30.90050697,91.45779419,4.187881947,8537,8370,0.22869086265563965
30.8986702,92.11084747,4.187417984,7894,8093,0.22786283493041992
30.89817047,92.75915527,4.188776493,7091,7915,0.22779321670532227
30.90003777,93.409935,4.186388969,6274,7396,0.23189496994018555
30.90018463,94.05773926,4.187298298,6436,7927,0.2295997142791748
30.90293312,94.70989227,4.187182426,6030,8415,0.22807765007019043
30.90403175,95.35851288,4.18853569,5720,8927,0.22901511192321777
30.90139961,96.01049805,4.187539101,4472,6956,0.22783398628234863
31.55011177,83.01072693,4.187784672,5507,6093,0.22786879539489746
31.54966736,83.64389801,4.187055111,6889,6419,0.22780489921569824
31.54852867,84.29451752,4.187382221,8129,7743,0.22812628746032715
31.54950905,84.94789124,4.187669754,7332,7621,0.2286384105682373
31.55172539,85.59880066,4.186373711,7065,7907,0.22722482681274414
31.55382729,86.24713898,4.186378002,6536,7776,0.22966408729553223
31.55417061,86.9026947,4.187346935,6613,8131,0.2298717498779297
31.55369949,87.55259705,4.18693161,7092,9893,0.23038744926452637
31.55025482,88.20306396,4.187711239,6562,10560,0.22798943519592285
31.54847527,88.85134888,4.188340664,6276,8787,0.23096227645874023
31.54922104,89.50520325,4.187728405,7118,8227,0.22928929328918457
31.55114746,90.15518951,4.186627865,8087,8389,0.22971796989440918
31.55110359,90.8074646,4.187812805,8768,7935,0.22838926315307617
31.55026817,91.45655823,4.186452389,8745,8181,0.22818970680236816
31.55047607,92.10871124,4.187797546,8812,8723,0.2308657169342041
31.54942703,92.75865173,4.187905788,8655,8362,0.22984719276428223
31.54979897,93.40992737,4.188210011,7554,8001,0.22835969924926758
31.54882622,94.05884552,4.186406136,6917,8214,0.22877836227416992
31.54716873,94.70909882,4.187364578,6214,7552,0.2289295196533203
31.55008125,95.35977173,4.186613083,5824,7357,0.22876429557800293
31.55228043,96.01057434,4.188756466,5033,6658,0.2293250560760498
32.20707703,83.00959015,4.188527584,5375,6042,0.22844719886779785
32.20213318,83.64296722,4.187356472,6370,6726,0.22818803787231445
32.20046616,84.29579926,4.188652039,8101,7518,0.22855091094970703
32.19599915,84.94874573,4.187213898,8532,8112,0.22917699813842773
32.19624329,85.60116577,4.18764782,7695,7781,0.22793173789978027
32.19783783,86.24981689,4.187229156,7394,8246,0.2278439998626709
32.19817734,86.9013443,4.188206673,6802,7911,0.22871899604797363
32.20223236,87.55225372,4.187782764,6261,8095,0.22832560539245605
32.19955444,88.20423889,4.188423634,6286,8504,0.22817587852478027
32.20449066,88.85412598,4.188154221,6910,10563,0.22706961631774902
32.20006943,89.50424194,4.187426567,6501,9958,0.22924447059631348
32.19963837,90.15341187,4.186286449,6438,8364,0.22989892959594727
32.19720459,90.80734253,4.186011791,7780,7925,0.22968149185180664
32.19784927,91.45965576,4.186509609,8542,8466,0.22908592224121094
32.20150757,92.10954285,4.187190056,8685,7802,0.2300560474395752
32.19926071,92.76022339,4.188069344,8767,8435,0.22848844528198242
32.20301056,93.40830994,4.188129425,8858,8493,0.228776216506958
32.20178223,94.05723572,4.187334061,7959,7993,0.2286849021911621
32.20064163,94.70919037,4.187579155,6696,7847,0.22797632217407227
32.1992569,95.35847473,4.187838078,5780,7388,0.22871661186218262
32.19924164,96.00852203,4.188135147,5049,7012,0.22846388816833496
32.85359573,83.00868225,4.187175751,5276,6509,0.22700810432434082
32.85153198,83.64265442,4.186677933,6836,7078,0.22943830490112305
32.85285187,84.29471588,4.187562466,8264,7630,0.2283484935760498
32.8504715,84.94655609,4.187510014,8016,7640,0.22870278358459473
32.850914,85.59791565,4.187669754,7972,8403,0.22863507270812988
32.84914398,86.25107574,4.18657732,8529,8345,0.22755932807922363
32.84919739,86.90028381,4.187594414,7562,7924,0.2283010482788086
32.84819794,87.5519104,4.187378883,7210,8510,0.22767066955566406
32.85270691,88.2022171,4.186143875,7299,8084,0.22771120071411133
32.85177994,88.85469818,4.186468124,6920,8380,0.22855877876281738
32.85166168,89.50361633,4.186358929,6716,9362,0.228010892868042
32.85438538,90.15755463,4.187704086,7115,10467,0.2285594940185547
32.85135651,90.80619812,4.186957359,6491,9364,0.22763442993164062
32.85178757,91.45713043,4.187423229,6748,8211,0.228057861328125
32.85001755,92.10910034,4.187998772,7915,8214,0.22917747497558594
32.84822845,92.75860596,4.186634064,8936,8287,0.22858738899230957
32.84825516,93.41026306,4.187150478,8416,7754,0.23020100593566895
32.84954071,94.06150818,4.188716412,8559,7953,0.22920560836791992
32.85057449,94.70857239,4.18716526,8059,7464,0.22810029983520508
32.85189056,95.36099243,4.187791824,6769,6823,0.22869634628295898
32.85218048,96.00950623,4.18740654,5496,7270,0.22916483879089355
33.50501251,83.00894165,4.187265873,5064,7211,0.22960805892944336
33.5,83.64273071,4.188364983,5601,7251,0.22801995277404785
33.49901581,84.29589081,4.18657589,6655,7537,0.22858262062072754
33.49794388,84.94647217,4.188317776,7379,7998,0.22806286811828613
33.5036087,85.59862518,4.187935829,8223,7492,0.22867679595947266
33.50238037,86.25154877,4.186509132,8353,7476,0.22807025909423828
33.5019455,86.9034729,4.187137604,7824,8267,0.22920441627502441
33.50024414,87.55319977,4.188452721,7772,8007,0.22896075248718262
33.50060272,88.20153809,4.188334465,7606,8106,0.2284228801727295
33.49863434,88.85209656,4.187162876,7319,8200,0.23021197319030762
33.49919128,89.50558472,4.186977863,6626,7971,0.22991609573364258
33.49697876,90.15444946,4.186242104,6290,8269,0.2290964126586914
33.49713516,90.80911255,4.187508583,6680,9291,0.22919511795043945
33.49988556,91.45774841,4.187078953,6337,10078,0.22766637802124023
33.50032806,92.10993195,4.187212944,6298,8986,0.2281029224395752
33.5022583,92.758255,4.188004971,7296,8217,0.2292935848236084
33.5008049,93.40829468,4.186452866,7889,8028,0.2290639877319336
33.49991608,94.06088257,4.188128948,8163,7323,0.22907805442810059
33.49744415,94.71211243,4.187610626,7689,6842,0.2292780876159668
33.49481201,95.35993958,4.18787384,6418,6931,0.22818779945373535
33.49889374,96.01085663,4.188144207,4815,6864,0.22806525230407715
34.1540451,83.01045227,4.188408852,5074,6938,0.2302265167236328
34.15206146,83.6439743,4.188346863,5658,8658,0.22877883911132812
34.15320969,84.29650879,4.186283588,5946,8624,0.23001980781555176
34.15162659,84.94972992,4.188088417,6255,8160,0.2283458709716797
34.15112305,85.59793854,4.187786579,7271,7598,0.22933220863342285
34.14868927,86.25146484,4.187100887,7492,7658,0.22924447059631348
34.14746857,86.90103149,4.186938763,7487,7238,0.22871065139770508
34.1492157,87.55210876,4.18603611,7908,7966,0.2279496192932129
34.1493988,88.20277405,4.187546253,8562,8628,0.22921109199523926
34.1515007,88.85626221,4.186851978,8240,8354,0.23006844520568848
34.14822388,89.50567627,4.187478542,7767,8425,0.22897601127624512
34.14936066,90.15829468,4.187048435,7236,8129,0.22938871383666992
34.1516037,90.80710602,4.186755657,6886,7849,0.22880339622497559
34.15382385,91.45849609,4.187964916,6293,8356,0.22780656814575195
34.15087891,92.10753632,4.187489986,7014,10756,0.22901225090026855
34.14925385,92.7582016,4.188295364,6545,9649,0.22905397415161133
34.14924622,93.40645599,4.187549591,6279,7946,0.22880935668945312
34.15249634,94.0581131,4.186728477,7082,7215,0.22968530654907227
34.15142822,94.70829773,4.187757015,7025,6978,0.22720026969909668
34.15340424,95.35742188,4.187260628,5171,7126,0.22865700721740723
34.15045929,96.01104736,4.188236237,4371,6388,0.22872400283813477
34.80428696,83.01452637,4.187366009,5858,6913,0.22908592224121094
34.79812622,83.64535522,4.187355995,5665,7435,0.22847914695739746
34.79672241,84.29870605,4.188044071,6350,8905,0.22784137725830078
34.79816818,84.94745636,4.187180519,6561,10240,0.22851276397705078
34.80016327,85.599617,4.186532497,6031,8413,0.22888398170471191
34.79972458,86.25037384,4.186988354,6438,7553,0.22838377952575684
34.80189896,86.90026855,4.188357353,7335,7845,0.22847962379455566
34.79933929,87.55358887,4.187924385,8189,8129,0.22818279266357422
34.79898071,88.20426941,4.186895847,8472,8054,0.22855782508850098
34.79836273,88.85380554,4.186613083,9094,8717,0.2288675308227539
34.79871368,89.50648499,4.187571049,8529,8660,0.2298128604888916
34.79811478,90.15682983,4.187935352,8320,8298,0.22759604454040527
34.79943848,90.80691528,4.187005997,7379,8329,0.2288811206817627
34.79956818,91.45944977,4.187231541,6807,7732,0.22915935516357422
34.80361938,92.10733795,4.188248634,6652,8412,0.22781610488891602
34.80172348,92.75749207,4.187682629,6431,8398,0.22925066947937012
34.80065536,93.40925598,4.186731339,6089,8324,0.22858214378356934
34.79761505,94.05927277,4.187714577,5470,6920,0.22922778129577637
34.79967499,94.70733643,4.188319206,4817,6376,0.22997140884399414
34.80207825,95.35839844,4.188641071,4374,6430,0.22918105125427246
34.80160522,96.01019287,4.186952591,3823,5922,0.22865796089172363
35.45355225,83.0120697,4.187659264,5880,7150,0.22763347625732422
35.45310211,83.64297485,4.186575413,6268,7121,0.2311248779296875
35.45327377,84.29715729,4.188097954,6077,7433,0.22860169410705566
35.45218658,84.94810486,4.187463284,6065,7840,0.22809529304504395
35.4492569,85.59959412,4.187666893,6763,9439,0.2290353775024414
35.44738007,86.24948883,4.187105179,6035,9038,0.22885346412658691
35.44786453,86.89902496,4.187565804,6218,8196,0.22940802574157715
35.4488678,87.55151367,4.187226772,7203,7958,0.2290034294128418
35.44876862,88.20178986,4.187083244,8480,8436,0.22852349281311035
35.44959259,88.85193634,4.188220978,8664,8126,0.22851204872131348
35.45194244,89.50564575,4.188048363,8652,8375,0.22765302658081055
35.45226669,90.15281677,4.187661171,9091,8755,0.22932744026184082
35.45235825,90.80605316,4.186911106,8626,8614,0.2331373691558838
35.45097351,91.45905304,4.186850548,7932,8384,0.22878479957580566
35.4485321,92.10727692,4.188262463,7316,8464,0.2258296012878418
35.44803238,92.75776672,4.187591076,6539,7958,0.22721385955810547
35.45084,93.40918732,4.187193394,5743,7395,0.2267308235168457
35.45091248,94.05930328,4.188417435,5191,6859,0.2281327247619629
35.45032501,94.7099762,4.187297821,4227,6343,0.2285146713256836
35.45084763,95.36053467,4.187211037,3973,6071,0.22649478912353516
35.44947052,96.0105896,4.187389374,3804,5903,0.22716999053955078
36.10334396,83.00886536,4.188514709,7122,7457,0.2285175323486328
36.10280609,83.64299011,4.18826437,7150,7659,0.22713017463684082
36.10066223,84.2964325,4.187532425,6917,8119,0.22649025917053223
36.10173035,84.94790649,4.187502384,6807,7464,0.22825360298156738
36.10084152,85.59861755,4.186371326,6364,7834,0.2273259162902832
36.10066223,86.25099945,4.187293053,6294,8137,0.22868108749389648
36.09764862,86.90168762,4.187448025,6720,10333,0.22892165184020996
36.09464264,87.55162811,4.1875,6401,9422,0.2291889190673828
36.09840393,88.2024231,4.187042236,6719,8396,0.2283916473388672
36.09947968,88.85480499,4.186938763,7422,8083,0.22771167755126953
36.10248566,89.50406647,4.188092709,8987,8564,0.22948265075683594
36.10020447,90.15536499,4.18715477,9076,8297,0.2312147617340088
36.10327911,90.80744171,4.188182354,8824,8341,0.22823119163513184
36.10131073,91.45733643,4.187295437,9053,8694,0.2296905517578125
36.09866333,92.1079483,4.187944412,8515,8329,0.22887158393859863
36.09851837,92.75942993,4.188080311,7334,8364,0.23227477073669434
36.09967041,93.40733337,4.187233448,5906,7391,0.2286536693572998
36.09810638,94.0604248,4.18781662,5144,6894,0.2292013168334961
36.09876251,94.70901489,4.187563896,4341,6645,0.2281627655029297
36.09799957,95.35842896,4.187769413,3985,5752,0.22801876068115234
36.10059357,96.00951385,4.186830997,3646,5813,0.22702789306640625
36.75643539,83.00888824,4.18806982,6723,7037,0.2295222282409668
36.75498199,83.64202881,4.186253071,7517,7947,0.2275254726409912
36.75194168,84.29405212,4.187450886,8373,8313,0.22765421867370605
36.75112915,84.94477844,4.186296463,7741,8405,0.2279214859008789
36.7504425,85.60128784,4.186915398,7205,8108,0.22993755340576172
36.75019073,86.25098419,4.186364174,6484,7874,0.2294759750366211
36.75357819,86.90055847,4.187054634,6592,8442,0.22794842720031738
36.75032425,87.55220032,4.187750816,6929,8881,0.22818779945373535
36.75097656,88.20315552,4.187314987,6599,10217,0.23048162460327148
36.75060272,88.85667419,4.186281681,6659,9237,0.22905349731445312
36.74915695,89.50682831,4.188175201,7107,8372,0.23018813133239746
36.74998856,90.15630341,4.187766075,8279,8521,0.22761750221252441
36.74463272,90.80654907,4.187167645,9011,8477,0.22893977165222168
36.74761963,91.45542145,4.187291145,8875,8346,0.2280111312866211
36.75080109,92.1055603,4.187656879,8952,8635,0.22777199745178223
36.75185394,92.7580719,4.187214375,8326,8222,0.22945189476013184
36.75136566,93.41043091,4.18700552,6823,7197,0.22853755950927734
36.74981689,94.06092834,4.188077927,5201,7815,0.22920441627502441
36.75148392,94.70857239,4.186517715,4292,6117,0.23075604438781738
36.74752808,95.36001587,4.186160564,3770,5907,0.22819089889526367
36.74746323,96.01121521,4.188132763,3667,5957,0.22890615463256836
37.40343475,83.01022339,4.188076496,7172,7148,0.23088693618774414
37.39883423,83.64231873,4.187413216,7876,7797,0.22801685333251953
37.40303421,84.29523468,4.186371326,8676,8388,0.2291121482849121
37.40446854,84.94734955,4.186972618,9157,8863,0.22816944122314453
37.40644073,85.59747314,4.187108994,8670,8353,0.22816753387451172
37.40151978,86.24949646,4.187835693,7771,8157,0.22854924201965332
37.39905167,86.90261078,4.188209534,7109,8094,0.22849416732788086
37.39976501,87.55259705,4.1870718,6601,8001,0.22795319557189941
37.39916992,88.20397949,4.188147068,6505,8136,0.2294168472290039
37.40132141,88.85592651,4.187283516,6902,9934,0.22899389266967773
37.40016937,89.50437927,4.187487602,6593,10014,0.2283315658569336
37.40274429,90.15763092,4.187218189,6888,8974,0.2294762134552002
37.39823151,90.80883789,4.187459469,7451,8461,0.22910284996032715
37.39862061,91.45901489,4.187280655,8388,8665,0.22737717628479004
37.40008545,92.10830688,4.187765598,8891,7953,0.2293393611907959
37.39973831,92.76037598,4.188459873,8343,7576,0.2274787425994873
37.39873505,93.40665436,4.186517239,6523,8168,0.22890257835388184
37.39684296,94.06033325,4.187735558,4991,7560,0.2279353141784668
37.40098572,94.70852661,4.188263416,3934,6131,0.22787809371948242
37.40447998,95.3615799,4.188328266,3827,5887,0.22766351699829102
37.40002441,96.00924683,4.187900543,3642,5935,0.22886967658996582
38.05340195,83.01222229,4.18810463,5952,6814,0.22766542434692383
38.0508194,83.64365387,4.187193871,7487,7421,0.22849154472351074
38.05132294,84.29599762,4.18726635,8695,8184,0.22868824005126953
38.04782104,84.94796753,4.18741703,8936,7916,0.2280285358428955
38.04698181,85.60151672,4.1883955,9374,8585,0.22811436653137207
38.05284119,86.25160217,4.187749386,8924,8670,0.22841191291809082
38.05463409,86.9006424,4.186216354,8267,8468,0.2278590202331543
38.05217743,87.54901123,4.187327862,7511,8309,0.2288532257080078
38.04977417,88.20401764,4.187436104,7014,7967,0.2297346591949463
38.04779816,88.85466766,4.18742466,6457,7927,0.22842907905578613
38.05132294,89.50624847,4.186979771,6446,8551,0.22764372825622559
38.05215454,90.15904999,4.187983036,7201,10946,0.22805404663085938
38.05024338,90.80625916,4.187915325,6332,9482,0.22933173179626465
38.04985809,91.45574951,4.187899113,6384,8135,0.23108911514282227
38.04936218,92.10631561,4.187381268,7613,7295,0.22882819175720215
38.04886627,92.75704956,4.188287258,7016,7765,0.2309408187866211
38.04982758,93.40953064,4.186519146,4838,7521,0.22891497611999512
38.04843903,94.06135559,4.187860012,4148,6299,0.22876858711242676
38.05075836,94.70951843,4.187345982,3802,5918,0.22825384140014648
38.04875946,95.36087036,4.187579632,3680,5707,0.22905778884887695
38.05265045,96.01125336,4.187786102,3575,5602,0.22927355766296387
38.70829773,83.0083313,4.189196587,4497,6135,0.22884345054626465
38.70365906,83.64405823,4.187767029,5228,6633,0.22970271110534668
38.70168304,84.29382324,4.18706274,6711,7030,0.22788572311401367
38.69994354,84.94495392,4.187763691,8077,7882,0.22757434844970703
38.69968414,85.59996033,4.185554981,8785,7859,0.2276754379272461
38.70046616,86.25045776,4.187975407,8635,7906,0.229339599609375
38.70254135,86.90196991,4.188283443,9032,8533,0.22779417037963867
38.70280457,87.55077362,4.187479019,8824,8459,0.22924065589904785
38.70153809,88.20252991,4.186908722,7964,8315,0.22870349884033203
38.70222855,88.85494232,4.18610239,7140,8180,0.22759127616882324
38.69974518,89.50527954,4.188493252,6447,7785,0.22888469696044922
38.69893646,90.15681458,4.187583447,6504,8262,0.22868990898132324
38.69522476,90.80852509,4.187491417,6730,8898,0.2292184829711914
38.70057297,91.45869446,4.187695503,5866,9137,0.22747588157653809
38.70301819,92.10902405,4.187232971,5470,6842,0.22823476791381836
38.70347214,92.75645447,4.18824482,4587,6382,0.22921037673950195
38.7007103,93.40753174,4.188345432,4028,6341,0.2283627986907959
38.69881439,94.05808258,4.187238693,3714,5962,0.2311873435974121
38.69855499,94.70938873,4.187152386,3718,5812,0.22912311553955078
38.6982193,95.36144257,4.186273098,3566,5720,0.22789430618286133
38.70056534,96.00981903,4.188526154,3685,5706,0.2287306785583496
39.3559227,83.00845337,4.188660622,4190,5821,0.2275850772857666
39.35365295,83.64526367,4.186021805,4387,5900,0.2279658317565918
39.35068512,84.29564667,4.187315941,4872,6256,0.22831320762634277
39.34828186,84.94871521,4.188037395,5802,6587,0.22980713844299316
39.34841156,85.59954071,4.187645912,7557,7299,0.2283639907836914
39.34770966,86.24984741,4.187478065,8490,8311,0.22989845275878906
39.35029602,86.90286255,4.187182903,9244,7806,0.22855806350708008
39.35414124,87.55030823,4.187800407,8621,8059,0.22818517684936523
39.3514328,88.20419312,4.187892437,8749,8599,0.2280731201171875
39.35255432,88.8549881,4.186770439,8405,8262,0.22926115989685059
39.34847641,89.50547791,4.187541485,7682,8280,0.2285017967224121
39.35112762,90.15788269,4.1873312,6933,8130,0.22881865501403809
39.35002136,90.80726624,4.187123299,6326,7741,0.2295384407043457
39.34935379,91.45718384,4.187114239,5819,7622,0.22848773002624512
39.35293961,92.1098175,4.187649727,4986,7047,0.2279207706451416
39.35190582,92.75593567,4.187800407,4121,5926,0.22825193405151367
39.35274506,93.40745544,4.187587261,3755,5933,0.22810792922973633
39.34630585,94.06082153,4.188284397,3670,5732,0.22909092903137207
39.34719086,94.70961761,4.186885357,3652,5746,0.22911906242370605
39.34637451,95.36099243,4.186446667,3658,5676,0.22934961318969727
39.34977722,96.00952911,4.187803745,3506,5769,0.2289276123046875
40.00593948,83.00844574,4.188033581,4021,5867,0.22913265228271484
40.00321198,83.64358521,4.18701601,3992,6057,0.22682762145996094
40.0022316,84.29393005,4.187137127,4157,5913,0.22771239280700684
39.99875259,84.94745636,4.188321114,4445,6225,0.22909212112426758
40.00087738,85.5958786,4.187984467,5214,6463,0.22865056991577148
40.00017548,86.2485199,4.187819481,6376,6889,0.22724056243896484
40.00088882,86.90117645,4.187859058,7678,7496,0.2289409637451172
40.00157928,87.55258179,4.188492298,8758,8148,0.22807836532592773
40.00037766,88.20281219,4.186706543,8684,8170,0.22772526741027832
40.00255585,88.8538208,4.186543941,8913,8586,0.2283341884613037
40.00068283,89.50775146,4.188132286,8667,8584,0.227006196975708
39.99808502,90.15746307,4.187076569,8166,8430,0.22846055030822754
39.99742889,90.80693054,4.187847614,6868,8285,0.22707080841064453
40.00188446,91.45640564,4.186822414,5668,7115,0.229079008102417
40.00136185,92.10927582,4.188232422,4650,7217,0.2304842472076416
40.00033569,92.75914764,4.187469006,3754,6028,0.2294445037841797
39.99944305,93.40769958,4.186602592,3713,5730,0.22907614707946777
39.9976387,94.06054687,4.187712669,3782,5673,0.2285163402557373
39.99969101,94.71133423,4.187299728,3640,5679,0.22926998138427734
39.997715,95.36138916,4.187228203,3583,5583,0.229597806930542
40.00177765,96.00904846,4.188446522,3701,5547,0.22841215133666992
