29.99917221,83.99961853,3.060368538,4391,7444,0.23002934455871582
30.00007057,84.19995117,3.061806679,4685,7470,0.2286052703857422
29.99893951,84.39819336,3.063062668,4623,7713,0.23158884048461914
29.99933624,84.59881592,3.06220293,4502,7870,0.23157310485839844
30.00109863,84.79957581,3.063697815,4454,7682,0.23035192489624023
29.99802971,85.00140381,3.062311649,4310,7864,0.22229433059692383
30.0014019,85.19937134,3.061761379,4405,7870,0.2255234718322754
29.99941254,85.40098572,3.063718319,4537,7865,0.2265324592590332
29.99994469,85.59970856,3.0622859,4484,7881,0.22561097145080566
29.99687576,85.79911041,3.062252998,4619,7622,0.2299182415008545
29.99769974,85.99993896,3.061815262,4588,7920,0.22751092910766602
29.99960899,86.20084381,3.062653065,4510,7809,0.22623705863952637
30.0039978,86.40133667,3.062420845,4584,7778,0.2307605743408203
30.00321388,86.59922028,3.062209129,4621,7863,0.22861838340759277
30.00020027,86.80218506,3.061889648,4684,7748,0.22501206398010254
29.9988842,86.99835968,3.061943054,4862,7989,0.22826695442199707
29.99901772,87.19985962,3.061639786,4985,8052,0.2268517017364502
29.99879265,87.40021515,3.061204433,5194,8256,0.22466397285461426
29.99678612,87.60294342,3.063833714,5766,8525,0.2267756462097168
30.00035858,87.80168915,3.061438084,6870,9071,0.22687959671020508
29.99964333,88.00023651,3.06176281,8663,9501,0.227386474609375
29.99814796,88.20197296,3.061116695,8820,9635,0.22922635078430176
29.99840546,88.40265656,3.062860966,8002,9827,0.22497177124023438
29.99689674,88.6018219,3.063074112,7776,10301,0.22069215774536133
30.00029373,88.80088806,3.062391758,7750,10759,0.22674918174743652
30.0012989,89.00344849,3.062799931,8364,11856,0.22430849075317383
30.20248985,84.02617645,3.061780453,4815,7431,0.22766971588134766
30.19980621,84.19631958,3.062317848,5137,7931,0.22514629364013672
30.20042038,84.39555359,3.062150955,5189,8073,0.22190046310424805
30.20053291,84.59729004,3.061345577,5112,8319,0.2369844913482666
30.20043564,84.79747009,3.061356544,5005,8339,0.22311139106750488
30.19849968,84.99903107,3.060927868,4754,8189,0.22942852973937988
30.20129967,85.19812012,3.061463833,4693,8117,0.23068618774414062
30.20308113,85.39579773,3.061929703,4620,8123,0.21959352493286133
30.19897652,85.59954071,3.062289238,4532,8129,0.22639060020446777
30.19908142,85.79884338,3.062592506,4648,8119,0.2274937629699707
30.20114136,86.00118256,3.061236858,4521,8183,0.22310996055603027
30.20120811,86.19881439,3.062474251,4412,7899,0.23601841926574707
30.20067215,86.39939117,3.062772751,4510,8022,0.22364163398742676
30.19800949,86.5987854,3.062486649,4504,7833,0.22334051132202148
30.20163918,86.80059052,3.061979294,4540,7852,0.23705267906188965
30.20022774,87.00045013,3.061310768,4376,7738,0.22310686111450195
30.20045662,87.19704437,3.062648296,4600,7933,0.23179864883422852
30.19984818,87.39967346,3.062189579,4911,8113,0.2275996208190918
30.19738007,87.60287476,3.061738014,5057,8357,0.22339892387390137
30.20318604,87.79826355,3.060281754,5449,8432,0.22714710235595703
30.19991302,87.99931335,3.061711788,5994,8831,0.22762179374694824
30.20082855,88.20170593,3.060743332,7420,9866,0.22930645942687988
30.19691467,88.40225983,3.060991287,9524,10430,0.22700238227844238
30.19823837,88.6002121,3.060883522,8766,9934,0.22027897834777832
30.20125389,88.80027771,3.062239647,7855,10424,0.225724458694458
30.19874573,89.00229645,3.062147141,8041,10490,0.2293109893798828
30.39909935,84.02246094,3.063343048,5627,8042,0.22575664520263672
30.40138245,84.19529724,3.060883045,6371,8932,0.22115254402160645
30.40077972,84.39609528,3.061872005,6599,9471,0.22522640228271484
30.39977837,84.59736633,3.062775135,6771,10563,0.22559499740600586
30.3969574,84.79719543,3.061963081,6454,10315,0.2234935760498047
30.40073395,84.99765015,3.06085062,5704,9586,0.22635149955749512
30.40193939,85.19953156,3.061820507,4986,9100,0.2281339168548584
30.39989662,85.39820099,3.061659336,5084,8795,0.22195935249328613
30.40023613,85.59909821,3.062081814,4767,8671,0.2275397777557373
30.40221214,85.79806519,3.061355591,4666,8565,0.22926568984985352
30.3993969,85.99842834,3.061718941,4502,8440,0.22745656967163086
30.39756203,86.19911194,3.059895515,4641,8284,0.2227334976196289
30.39694023,86.40075684,3.062660217,4558,7902,0.22582697868347168
30.40228462,86.59842682,3.061505795,4624,8131,0.23622441291809082
30.40085602,86.79782867,3.062244892,4511,8208,0.2230362892150879
30.4009819,87.00061798,3.061391354,4569,8015,0.22249412536621094
30.39707756,87.20332336,3.063057899,4565,7905,0.22822904586791992
30.39978981,87.40034485,3.061865807,4658,7961,0.23001575469970703
30.40107727,87.60012054,3.062477112,4818,7979,0.22002100944519043
30.39847755,87.79876709,3.062007904,5042,8094,0.23018455505371094
30.39899635,87.99881744,3.062097073,5299,8453,0.22589421272277832
30.40110397,88.20085907,3.061921597,5640,8942,0.22710871696472168
30.39863968,88.40019989,3.062616825,6418,9248,0.22081375122070312
30.40068245,88.59793854,3.061687946,8360,9970,0.22676634788513184
30.4009304,88.80210876,3.061750889,9342,10216,0.22586655616760254
30.40055847,89.00039673,3.062057495,8409,10343,0.22507643699645996
30.60046577,84.04454041,3.062445641,7251,9014,0.2215878963470459
30.59906769,84.19758606,3.063464165,10602,12663,0.22943878173828125
30.60046959,84.39633942,3.062641621,12119,13615,0.2230088710784912
30.60235596,84.59580231,3.06182909,11329,15431,0.2266373634338379
30.60071945,84.79854584,3.063048363,9627,16723,0.22427153587341309
30.59936714,84.99707031,3.061497211,8452,14784,0.2249755859375
30.59621811,85.19857788,3.063054562,6604,11703,0.2252330780029297
30.5997963,85.39781952,3.061814308,5601,10307,0.2264845371246338
30.6016674,85.59968567,3.06137085,5239,9350,0.22286748886108398
30.59603691,85.79956818,3.061678886,4716,8837,0.2247023582458496
30.60009003,85.99917603,3.061606407,4588,8706,0.22678875923156738
30.60135651,86.19888306,3.063038826,4538,8553,0.22846388816833496
30.59861946,86.39906311,3.060151577,4681,8421,0.22657084465026855
30.59683228,86.59980774,3.062378407,4498,8244,0.22908496856689453
30.59859848,86.80043793,3.062250137,4576,8340,0.2250368595123291
30.59934044,87.00099182,3.063306808,4576,8185,0.22372007369995117
30.60114288,87.20196533,3.062286854,4632,8083,0.2252051830291748
30.60058403,87.39942169,3.062103271,4530,7939,0.22434186935424805
30.59966278,87.60122681,3.063416481,4735,7950,0.226609468460083
30.59965515,87.80004883,3.06196928,4752,8060,0.2291426658630371
30.60014153,88.00133514,3.062945366,4808,8205,0.22854232788085938
30.60046577,88.20114136,3.061701775,5034,8381,0.2309708595275879
30.59733391,88.39942169,3.0624156,5422,8539,0.2309870719909668
30.59853554,88.59924316,3.062068939,5753,8998,0.2265176773071289
30.59936142,88.80292511,3.062341213,6682,9692,0.2375621795654297
30.60058975,88.99994659,3.062565804,8721,10436,0.23342180252075195
30.8007412,84.01948547,3.062721729,10726,10203,0.22795867919921875
30.80277252,84.19692993,3.061668873,14940,13776,0.22823286056518555
30.79786301,84.39565277,3.062182426,19700,19961,0.23392128944396973
30.79798126,84.59675598,3.062716484,15676,18100,0.22260832786560059
30.80093384,84.79669189,3.061315536,15769,21484,0.22995281219482422
30.80253792,84.99686432,3.062717915,13621,21166,0.22287845611572266
30.79719734,85.19801331,3.062793255,10017,21331,0.21997809410095215
30.79792023,85.39849091,3.063930035,8355,15938,0.22860050201416016
30.79847145,85.59844971,3.062037945,6420,11699,0.2272024154663086
30.80193138,85.79884338,3.061644077,5421,9833,0.22217369079589844
30.79868698,86.00077057,3.061728954,5095,9341,0.22665190696716309
30.79767036,86.1985321,3.062313557,4856,8932,0.2323153018951416
30.80064774,86.399086,3.062029839,4714,8509,0.22744250297546387
30.79978752,86.59820557,3.062182903,4514,8550,0.23064899444580078
30.79923248,86.79916382,3.061556816,4598,8156,0.2267143726348877
30.80021667,86.99874115,3.061493874,4373,8228,0.2271130084991455
30.80296707,87.1991272,3.062938213,4522,8009,0.22873902320861816
30.80213165,87.40098572,3.061657429,4350,7914,0.22908377647399902
30.80349922,87.59983826,3.061677933,4351,7891,0.22499513626098633
30.79810905,87.80049896,3.062036514,4438,7988,0.22411298751831055
30.80146027,87.99995422,3.06134367,4609,7813,0.2290503978729248
30.79849625,88.20056152,3.062507629,4637,7864,0.22886133193969727
30.79996681,88.39881897,3.061370373,4742,8016,0.22857427597045898
30.80141449,88.59992981,3.062249184,5181,8240,0.2292017936706543
30.8015213,88.79667664,3.062021732,5329,8459,0.22612452507019043
30.80078316,89.00019073,3.062690735,5815,8901,0.22542953491210938
30.9995842,84.01357269,3.06231451,13872,10915,0.24072790145874023
30.99904823,84.19708252,3.062197208,18808,16054,0.22285890579223633
30.99681854,84.39611053,3.062405109,15622,17569,0.22437524795532227
31.0003624,84.59819031,3.061590195,13574,17365,0.22591209411621094
31.00145912,84.79930115,3.06210947,11838,18469,0.22768473625183105
30.99951172,84.99887085,3.061820507,11622,15966,0.23384714126586914
30.99959755,85.19911194,3.062210083,13344,20910,0.2255702018737793
31.00141716,85.39770508,3.061515331,13777,22623,0.222883939743042
31.00187492,85.59947205,3.062158585,9224,18431,0.22381138801574707
30.99858856,85.79853058,3.061992168,7162,13043,0.225325345993042
30.99496078,86.00177765,3.062173367,5674,10516,0.23241949081420898
30.99610901,86.20010376,3.061972618,5132,9519,0.23117804527282715
30.99941063,86.40008545,3.062398434,4903,9119,0.22882986068725586
31.00066566,86.59983826,3.062243938,4763,8732,0.2259349822998047
30.99986649,86.79801941,3.060329914,4628,8323,0.2305467128753662
30.99847031,87.00000763,3.062209129,4526,8498,0.22711944580078125
30.99987221,87.2000885,3.063928127,4633,8092,0.22466135025024414
31.00036049,87.39870453,3.062057495,4309,8172,0.23019051551818848
30.99761963,87.60107422,3.06301403,4265,7976,0.22726964950561523
30.9982338,87.79875946,3.062077522,4391,7780,0.22661995887756348
30.99835968,88.00040436,3.062263012,4461,7813,0.22348952293395996
31.00015068,88.199646,3.061697483,4505,7858,0.2247457504272461
31.00136566,88.4006958,3.061493397,4499,7768,0.22656774520874023
30.99889946,88.60180664,3.062180042,4661,7915,0.2278130054473877
30.99601936,88.80239105,3.062545776,4936,8126,0.23089051246643066
31.00295448,89.00049591,3.0610466,5212,8447,0.22398996353149414
31.20129395,84.02496338,3.06351757,16790,13150,0.2257828712463379
31.19732094,84.19618988,3.062721729,15611,15115,0.23027515411376953
31.19645119,84.39775085,3.063227654,12646,14690,0.22687077522277832
31.20146561,84.59590912,3.061770916,10483,15557,0.22325897216796875
31.20219612,84.79730988,3.062752247,9653,14519,0.22639751434326172
31.19983482,84.99688721,3.06219244,9983,15940,0.22362327575683594
31.19945145,85.1971283,3.061587334,11208,17094,0.22167277336120605
31.20323944,85.39840698,3.062011242,11458,16050,0.23122286796569824
31.20264053,85.59728241,3.060631275,13219,21042,0.22311115264892578
31.20098686,85.79982758,3.061761856,10249,18814,0.22225379943847656
31.19862556,85.99938965,3.06129694,7815,15591,0.22750616073608398
31.20139122,86.19966888,3.062232018,6567,11833,0.22655415534973145
31.20001411,86.39776611,3.062421799,5517,10209,0.22004079818725586
31.20005798,86.59923553,3.062021732,5307,9409,0.22695279121398926
31.20173454,86.79740906,3.061470032,4686,8632,0.22742199897766113
31.20101738,86.99985504,3.061652184,4572,8380,0.22750234603881836
31.20129776,87.19956207,3.06139183,4512,8266,0.22880029678344727
31.19858742,87.39994049,3.061427116,4468,8214,0.22747111320495605
31.19984436,87.59945679,3.062011242,4335,8088,0.2294633388519287
31.20115662,87.80140686,3.061843395,4396,8069,0.23041915893554688
31.1997757,88.00089264,3.061182499,4457,7967,0.22220396995544434
31.19672775,88.20062256,3.061944008,4357,7808,0.22841191291809082
31.20167732,88.40072632,3.061212063,4391,7766,0.22089338302612305
31.20371819,88.59899139,3.061586857,4521,7701,0.2277078628540039
31.19838333,88.80244446,3.063030243,4503,7748,0.2230534553527832
31.19683266,89.00210571,3.060809612,4672,7904,0.22815489768981934
31.39832687,84.03534698,3.061038017,17276,16343,0.22211074829101562
31.40189743,84.19421387,3.062625885,14053,14814,0.22623395919799805
31.40001106,84.39982605,3.06085968,10786,14087,0.2252519130706787
31.39661026,84.599617,3.062356949,10011,14242,0.22551512718200684
31.39822578,84.79915619,3.062017918,10165,13764,0.22359895706176758
31.40020561,84.9989624,3.061816216,9719,14120,0.22636747360229492
31.39721107,85.19929504,3.06229496,9387,13611,0.22592425346374512
31.40231323,85.3970871,3.062558174,9629,15597,0.22373437881469727
31.40345955,85.59926605,3.061560154,10222,14935,0.2237863540649414
31.39801407,85.79884338,3.061777115,11702,16592,0.2240757942199707
31.40039063,85.99832153,3.062110424,11494,19700,0.2288215160369873
31.3993721,86.19829559,3.062568665,9267,18532,0.22975993156433105
31.40116692,86.40161896,3.062626362,8175,14560,0.22942090034484863
31.400877,86.6036377,3.06194067,6203,11841,0.2342517375946045
31.3987751,86.8038559,3.062469006,5139,9814,0.2333974838256836
31.39707947,87.00169373,3.06221199,4932,9151,0.22813653945922852
31.40003777,87.20108032,3.062271595,4570,8578,0.22377777099609375
31.40225601,87.40018463,3.062988758,4562,8429,0.22792267799377441
31.40066719,87.60203552,3.062347412,4528,8402,0.2240450382232666
31.3972435,87.79969788,3.062042713,4456,8087,0.22375845909118652
31.40181923,88.00146484,3.061549664,4494,8059,0.22450542449951172
31.40179825,88.1995163,3.06249094,4442,7960,0.22723984718322754
31.39915657,88.40174103,3.062088966,4336,7845,0.22388744354248047
31.39941788,88.60055542,3.061637402,4478,7925,0.22450637817382812
31.39742088,88.80343628,3.062665462,4440,7837,0.2246227264404297
31.40102196,88.99990845,3.061917305,4563,8092,0.22319793701171875
31.60403824,84.02593994,3.061410904,13783,15696,0.22713041305541992
31.59915543,84.19573975,3.06224823,12119,14765,0.22684717178344727
31.60110283,84.396698,3.060297489,10637,14288,0.22333645820617676
31.59836197,84.59905243,3.060834885,9843,13886,0.22683382034301758
31.60154152,84.79675293,3.062099934,9422,13527,0.21986770629882812
31.60176849,84.9995575,3.062336922,9251,13520,0.22681307792663574
31.6014576,85.19929504,3.061954021,9753,13318,0.22625184059143066
31.60099411,85.39929962,3.062185764,9429,13822,0.22880125045776367
31.59917068,85.59832001,3.062277317,9174,13880,0.2268078327178955
31.59897995,85.79989624,3.061668396,9790,16213,0.22754549980163574
31.60007095,85.99909973,3.061130047,10575,14998,0.2246096134185791
31.59958839,86.20040131,3.062078476,14494,21779,0.22642970085144043
31.5993576,86.40122986,3.0622859,12019,22778,0.22637939453125
31.60202408,86.59899139,3.060781002,10702,21659,0.2234022617340088
31.60250854,86.79832458,3.060917377,7855,14104,0.22366714477539062
31.60048294,86.99895477,3.061966419,5733,11046,0.22562527656555176
31.59733582,87.19944763,3.061426163,5198,9379,0.22472357749938965
31.59720993,87.40177917,3.060966969,4821,8957,0.22818708419799805
31.60063744,87.59928131,3.061802864,4458,8505,0.2250230312347412
31.60155296,87.79992676,3.062077522,4497,8314,0.22278141975402832
31.59685326,88.00388336,3.062288761,4572,8214,0.22612953186035156
31.6008625,88.19932556,3.061139584,4399,7993,0.22484874725341797
31.59895134,88.40127563,3.06286335,4342,7989,0.22514653205871582
31.60162163,88.6000824,3.062404156,4386,7805,0.233109712600708
31.60059547,88.79959106,3.062967777,4262,7916,0.22314858436584473
31.60184479,89.00113678,3.061154842,4323,7843,0.22752976417541504
31.80083656,84.03916931,3.062719822,12224,13498,0.22933244705200195
31.80183029,84.19894409,3.061588764,9846,13581,0.22693896293640137
31.80113411,84.39830017,3.061939716,9605,13759,0.22925877571105957
31.8013382,84.59825134,3.06204319,9662,13492,0.22723174095153809
31.79895782,84.79718781,3.061404705,9190,13135,0.22749781608581543
31.79926109,84.99612427,3.062351704,8989,13090,0.22620177268981934
31.80029869,85.19922638,3.062914371,9092,13144,0.22955942153930664
31.79901886,85.39683533,3.063101292,9210,13310,0.2257404327392578
31.79970551,85.59862518,3.061665058,9305,13586,0.22529816627502441
31.80105019,85.79893494,3.061372757,9528,13892,0.22494196891784668
31.79860115,86.00035095,3.062123299,9368,15103,0.22533345222473145
31.8004837,86.19802094,3.062167168,10601,16943,0.23669004440307617
31.8018856,86.39848328,3.061767578,11846,17252,0.2226555347442627
31.80104446,86.59864044,3.061369419,14183,21817,0.23151564598083496
31.8020668,86.80103302,3.061666965,10313,21173,0.22912931442260742
31.79881477,87.00028992,3.062961102,8411,16517,0.22237801551818848
31.79928398,87.19818115,3.061430931,6747,12252,0.22333621978759766
31.80195236,87.40094757,3.062071323,5472,10326,0.22823047637939453
31.80002403,87.59882355,3.062165737,5017,9239,0.22589588165283203
31.79854584,87.80011749,3.062232971,4847,8778,0.22280645370483398
31.79639244,88.00246429,3.062169075,4661,8578,0.23244071006774902
31.80009079,88.20130157,3.061910629,4547,8355,0.22457361221313477
31.80026245,88.40033722,3.062525272,4498,8515,0.23702239990234375
31.80050278,88.60194397,3.061507702,4458,8327,0.22264790534973145
31.79911804,88.80197144,3.062392712,4464,8197,0.23811602592468262
31.79738426,89.00272369,3.061816216,4434,7866,0.22922611236572266
32.00072479,84.02503967,3.062161922,9785,12125,0.22623777389526367
32.00150299,84.19536591,3.062186241,9550,12732,0.22874784469604492
32.00025177,84.39896393,3.062467098,9699,13336,0.22972941398620605
32.00099945,84.59637451,3.061711788,9542,13788,0.22457265853881836
31.99753761,84.79650879,3.062338829,9461,13517,0.2292957305908203
32.00186157,84.99854279,3.061043262,9212,13142,0.23095035552978516
32.00133514,85.19837952,3.062292099,9262,13410,0.22390460968017578
31.99845886,85.39883423,3.062473297,9277,13343,0.23035025596618652
31.99657631,85.59907532,3.062125683,9006,13382,0.2346031665802002
31.99561691,85.79940796,3.063158035,9347,13679,0.22352170944213867
32.00102234,85.99886322,3.061973572,9961,14478,0.22342538833618164
32.00059128,86.19974518,3.062177658,10176,14452,0.2272653579711914
31.99835587,86.40059662,3.062042713,10486,17584,0.22734594345092773
32.00282288,86.59953308,3.061511517,11491,16731,0.2248826026916504
32.00188446,86.79962158,3.061604977,13054,18921,0.23124289512634277
32.00173187,87.00056458,3.061897755,13996,22204,0.22669577598571777
31.99567032,87.20016479,3.060997009,9128,18478,0.22953510284423828
31.99792099,87.3999176,3.06195116,7241,13861,0.22201061248779297
32.00234604,87.6003952,3.061881065,5729,11123,0.21930813789367676
32.00067902,87.79901123,3.062099457,5144,9596,0.22569775581359863
31.9973011,88.00187683,3.062639713,4849,9080,0.22877264022827148
31.99824142,88.19962311,3.062504292,4633,8567,0.236222505569458
31.99968147,88.39813232,3.061897755,4414,8244,0.23075294494628906
31.99872398,88.60211182,3.061909199,4516,8287,0.22173643112182617
31.99865913,88.80015564,3.061916828,4391,8025,0.23203420639038086
31.99891853,89.00258636,3.063013077,4376,7957,0.22579550743103027
32.19623566,84.04507446,3.061675072,8548,10655,0.22539973258972168
32.19800949,84.19626617,3.0623312,8620,10969,0.2348008155822754
32.20028305,84.39762115,3.061934471,8889,11889,0.22345638275146484
32.20105362,84.59944916,3.061706066,9238,12911,0.23802876472473145
32.20011139,84.80014038,3.061868668,9168,13164,0.22904205322265625
32.19712448,85.00006866,3.063862324,8889,12820,0.22922968864440918
32.1988678,85.19944,3.062784195,9008,13001,0.2309873104095459
32.20120239,85.39836884,3.062494278,9004,13101,0.22472929954528809
32.20038223,85.60025024,3.061969757,8913,13005,0.22623252868652344
32.20057297,85.79865265,3.061206341,9373,13384,0.22167253494262695
32.20320129,85.99714661,3.061282158,9372,14304,0.22420883178710938
32.20074844,86.19821167,3.062889099,9953,14330,0.22585654258728027
32.19980621,86.39983368,3.062710762,9991,14930,0.22336745262145996
32.20026398,86.59832764,3.062065125,9722,14243,0.2390611171722412
32.20147324,86.79956818,3.060987473,9887,15785,0.22188568115234375
32.20095825,86.99903107,3.062213898,9915,14011,0.22256016731262207
32.19997406,87.19942474,3.06170702,12267,18435,0.22841668128967285
32.19705582,87.39922333,3.062745094,10492,18875,0.22640395164489746
32.19898987,87.60150146,3.061787128,7918,16567,0.2219858169555664
32.20365906,87.7980957,3.06174469,7084,13334,0.22703933715820312
32.2013855,87.99957275,3.06264925,5672,10743,0.22025465965270996
32.1950264,88.19979095,3.062959671,5071,9492,0.22655320167541504
32.19856262,88.40115356,3.06208086,4756,8870,0.22715091705322266
32.19934845,88.59887695,3.062363625,4517,8496,0.23624420166015625
32.20076752,88.80097198,3.061245918,4370,8268,0.2387394905090332
32.20183182,89.00115204,3.062392235,4360,7984,0.2243516445159912
32.40181732,84.04338074,3.062662601,7937,9299,0.22508907318115234
32.40109253,84.1943512,3.062593937,7728,9584,0.22528433799743652
32.40019989,84.39692688,3.061980247,8206,10791,0.22592949867248535
32.40027618,84.594841,3.061243534,8546,11569,0.22134613990783691
32.39902496,84.79682922,3.062335014,8622,12042,0.2259387969970703
32.39970016,84.99803925,3.061795235,8319,12373,0.22637510299682617
32.40026093,85.19994354,3.061573029,8669,12724,0.22739100456237793
32.39935303,85.39898682,3.062240601,8367,12358,0.22344517707824707
32.40206528,85.59877014,3.063506126,8824,13064,0.23141169548034668
32.40212631,85.79878998,3.062357426,9507,13526,0.22359585762023926
32.39903259,85.99938202,3.062139034,9808,13965,0.2368776798248291
32.39818573,86.20225525,3.063446045,9607,14232,0.22493886947631836
32.40063477,86.3972168,3.061620235,10142,14326,0.23551607131958008
32.40090942,86.59936523,3.061986923,9726,14019,0.24905824661254883
32.39659119,86.79859161,3.061759949,8986,13005,0.22387385368347168
32.40114975,86.99889374,3.061403751,8811,13707,0.22601056098937988
32.4006958,87.19973755,3.062593937,9454,15067,0.22437739372253418
32.39861298,87.40003204,3.061938763,11475,16858,0.22363948822021484
32.40181732,87.5998764,3.061971664,14523,23647,0.2230062484741211
32.39727783,87.80093384,3.062427998,10778,21505,0.23007965087890625
32.40116119,87.99860382,3.061335564,8736,17602,0.22261786460876465
32.40000153,88.20010376,3.062676907,6332,12517,0.2241840362548828
32.39792633,88.40050507,3.062293053,5249,10182,0.23103690147399902
32.39831543,88.60034943,3.061494827,4996,9230,0.22443819046020508
32.39949036,88.80054474,3.061859608,4694,8837,0.2381730079650879
32.40105438,89.00053406,3.061700344,4312,8359,0.2320880889892578
32.60172272,84.02038574,3.062330723,8188,9231,0.22979974746704102
32.59823608,84.19688416,3.062193871,7807,9163,0.22841811180114746
32.59991455,84.39809418,3.061655521,7880,9808,0.22740912437438965
32.60047913,84.59738922,3.061564445,8041,10503,0.22204899787902832
32.60109711,84.7986908,3.061635017,8220,11322,0.233107328414917
32.60070801,84.99960327,3.061283112,8502,11799,0.22589445114135742
32.60335541,85.19646454,3.061548233,8800,12237,0.2208421230316162
32.59999084,85.39822388,3.06068182,9011,13207,0.22759795188903809
32.59744263,85.59947205,3.061385632,8993,13433,0.22609210014343262
32.59654999,85.80075073,3.062541485,10411,14203,0.22766613960266113
32.59934235,85.99699402,3.061690807,9616,13833,0.21858978271484375
32.60148621,86.20041656,3.061630726,9765,14059,0.22643089294433594
32.59671021,86.40023804,3.061925888,9607,13437,0.22671771049499512
32.6002121,86.60157776,3.060554981,9215,13415,0.22752118110656738
32.5988884,86.79780579,3.061315536,9046,12820,0.2288832664489746
32.60104752,87.00028992,3.062243462,8634,13095,0.2356874942779541
32.60141754,87.19892883,3.061807156,8531,12822,0.22411179542541504
32.60080338,87.39966583,3.062262058,9262,15463,0.231292724609375
32.6003952,87.60083008,3.061752796,10251,15212,0.2273552417755127
32.59945679,87.80271912,3.062478542,14554,21383,0.22616100311279297
32.6003418,88.00105286,3.062980652,14812,25633,0.22572636604309082
32.60213852,88.20072174,3.060913086,10290,22184,0.22475600242614746
32.59979248,88.40024567,3.061052799,8193,16179,0.22202754020690918
32.59680939,88.60242462,3.060684681,6144,11498,0.22636914253234863
32.60102081,88.80007172,3.061462879,5171,9743,0.22417545318603516
32.6020813,89.00144958,3.061454773,4731,9174,0.22590160369873047
32.79899597,84.02680969,3.063058376,6947,8676,0.23796916007995605
32.80028534,84.19506073,3.062102318,8601,9396,0.21845293045043945
32.80019379,84.39543915,3.060417652,8223,9478,0.22832226753234863
32.80039978,84.59883118,3.062471867,8093,9892,0.2257552146911621
32.79596329,84.79715729,3.061871052,7861,9846,0.22047710418701172
32.80008698,84.99807739,3.062588215,7722,10559,0.22545266151428223
32.80168152,85.19734955,3.061060429,8539,11604,0.22720050811767578
32.7950592,85.39832306,3.062772274,8847,12692,0.2231302261352539
32.79779053,85.5983429,3.062249184,8972,13082,0.22933745384216309
32.80207062,85.79883575,3.061877251,9455,13884,0.2243485450744629
32.80295563,85.99978638,3.061625957,9461,14063,0.22365999221801758
32.79957581,86.19870758,3.061740875,9126,13453,0.22539758682250977
32.79471588,86.39858246,3.063316345,9252,13621,0.22900652885437012
32.7975769,86.60139465,3.061718941,9147,13576,0.2293691635131836
32.80136871,86.80008698,3.062255383,8940,13203,0.22206830978393555
32.80243683,86.99868774,3.061973572,8752,13368,0.22810006141662598
32.80158234,87.20121765,3.061927319,8775,13233,0.2300424575805664
32.79888153,87.39994812,3.062919617,9443,13787,0.22445940971374512
32.79958344,87.60093689,3.062489986,9531,14504,0.229111909866333
32.80113983,87.79865265,3.062623978,10855,18279,0.22604870796203613
32.80055618,87.99905396,3.060900211,11853,17047,0.2216193675994873
32.8002243,88.20108032,3.061805248,15836,23480,0.22603321075439453
32.79844666,88.40037537,3.062112808,14543,23833,0.2251441478729248
32.80035782,88.59747314,3.06144762,9221,19205,0.2250685691833496
32.80104828,88.80101013,3.063231468,7324,14346,0.2254471778869629
32.79821014,89.00114441,3.061171055,5718,11411,0.22657251358032227
33.0006752,84.04544067,3.062644958,5812,8095,0.22844552993774414
32.99996567,84.19768524,3.061505318,6324,8715,0.22877192497253418
32.99954987,84.39472961,3.063277721,8326,9591,0.22539186477661133
33.00023651,84.59806824,3.061976433,9418,10023,0.21951913833618164
32.99806595,84.79742432,3.062847137,8085,9602,0.2291698455810547
32.99588776,84.99988556,3.062608719,7554,9770,0.22629785537719727
32.99905396,85.19998932,3.062224865,7506,9881,0.22521591186523438
33.00280762,85.39715576,3.061869144,8096,10904,0.220475435256958
33.00273132,85.59632111,3.061618805,7899,11652,0.22725486755371094
33.00184631,85.79973602,3.062051296,8209,11955,0.2264704704284668
33.00229645,85.99880981,3.061748505,8513,13110,0.22692060470581055
32.99910736,86.20054626,3.061273098,8847,13096,0.22890853881835938
32.9974823,86.3999939,3.061809063,8445,12918,0.22594618797302246
33.00064087,86.59931183,3.062168121,8689,13162,0.2280886173248291
33.00199509,86.79936218,3.063075066,8613,13060,0.2292330265045166
32.99940109,86.99953461,3.061591625,8465,12785,0.22712182998657227
32.99626923,87.20048523,3.062551022,8490,12843,0.22212672233581543
33.00182343,87.40089417,3.061774731,8946,12693,0.22778725624084473
32.99967957,87.60079956,3.062056065,9415,13305,0.228318452835083
32.99858856,87.79932404,3.061333179,9392,13900,0.2273855209350586
32.99929428,87.99949646,3.061472416,9757,15457,0.22861814498901367
32.99901581,88.20210266,3.062505722,10874,17481,0.23698043823242188
32.99781799,88.40367889,3.06238842,11405,15828,0.22627496719360352
32.99933624,88.60115051,3.061753273,14035,21974,0.23099327087402344
33.00050354,88.79982758,3.061076641,10401,21132,0.2304854393005371
33.00028992,88.99821472,3.061787605,8314,17590,0.22971820831298828
33.20075989,84.02211761,3.062121868,5022,7600,0.22748064994812012
33.20139313,84.19654846,3.060890198,5372,7791,0.2223985195159912
33.19726563,84.39672852,3.062178135,5835,8296,0.22763967514038086
33.19622803,84.59742737,3.061671257,6971,8865,0.225449800491333
33.19926834,84.79838562,3.061411381,8306,9795,0.22380542755126953
33.20323944,84.99555969,3.062633991,8961,9507,0.22343158721923828
33.200737,85.1992569,3.062199593,7678,9255,0.2273693084716797
33.19789124,85.39762115,3.062030792,7372,9549,0.22207069396972656
33.19680023,85.59799194,3.06302166,7167,9765,0.226959228515625
33.20098114,85.79698181,3.06232357,7700,10761,0.22447419166564941
33.20201874,85.99905396,3.061441422,7905,11427,0.22556090354919434
33.19809723,86.19670105,3.062597752,8148,11713,0.22337079048156738
33.20026398,86.40097046,3.061844349,7923,12096,0.23767805099487305
33.19955063,86.60128784,3.063477516,7775,12164,0.22450685501098633
33.20091248,86.79733276,3.061986923,7794,11989,0.22577834129333496
33.19638824,87.0022049,3.062436581,8208,12105,0.22312283515930176
33.19923782,87.19892883,3.062336445,8147,12220,0.22778797149658203
33.20139694,87.40032196,3.062397003,8643,12369,0.22774815559387207
33.19997787,87.59912109,3.060913086,8780,13053,0.22702980041503906
33.19992447,87.80301666,3.061506748,9275,13072,0.22865581512451172
33.19927216,88.00494385,3.062804699,9179,13677,0.24100852012634277
33.19891739,88.20431519,3.061514854,9359,13454,0.23030591011047363
33.19980621,88.39739227,3.062429428,9544,15131,0.22324562072753906
33.20037079,88.59999847,3.063148499,10327,15878,0.22688865661621094
33.20053101,88.79892731,3.062356472,12255,18246,0.222975492477417
33.19856262,89.00041199,3.062089443,15276,23738,0.2268505096435547
33.40152359,84.04351044,3.062264919,4456,7128,0.22257041931152344
33.40276337,84.19767761,3.06200695,4619,7314,0.22854351997375488
33.40283203,84.39798737,3.060727119,4903,7499,0.23196983337402344
33.39896393,84.59577179,3.062004089,5296,7708,0.22480344772338867
33.40207672,84.7956543,3.060789585,5601,8133,0.22550678253173828
33.40223694,84.99726105,3.062642097,6605,9081,0.22276592254638672
33.39749908,85.19897461,3.060246468,9154,9488,0.22618365287780762
33.39894867,85.39723969,3.061998367,8339,8936,0.22512054443359375
33.39865875,85.60015869,3.0622015,7080,9395,0.22795391082763672
33.40153503,85.79702759,3.061423302,7290,9572,0.2254176139831543
33.39812469,85.99809265,3.062177658,7403,10359,0.22607111930847168
33.39737701,86.19972229,3.061979771,7679,10969,0.22925567626953125
33.39835358,86.40071106,3.062859535,7696,11368,0.22777676582336426
33.40248108,86.59790039,3.061885834,7808,11699,0.22243046760559082
33.40041733,86.80001831,3.061398506,7491,11513,0.22283935546875
33.39794159,86.99934387,3.062033176,7481,11534,0.22777867317199707
33.40174103,87.20161438,3.060827255,8169,11973,0.2259535789489746
33.40167999,87.39814758,3.062662601,8445,12375,0.220001220703125
33.39897919,87.59976959,3.062713146,9000,12881,0.22931456565856934
33.39842987,87.80027771,3.061783314,9170,13240,0.22290968894958496
33.40228271,88.00163269,3.0628829,9654,14702,0.2256615161895752
33.40236664,88.19940186,3.062960625,9970,13836,0.2254955768585205
33.39942932,88.39729309,3.062404156,9713,14396,0.2280282974243164
33.39874649,88.60203552,3.062485695,9695,13938,0.22853589057922363
33.39859009,88.8024826,3.062594414,10411,16988,0.2266855239868164
33.39807129,89.00047302,3.062267303,11416,16195,0.2381579875946045
33.59833527,84.01383209,3.061965466,4609,7562,0.2289409637451172
33.60299301,84.19645691,3.062846661,4596,7516,0.22394871711730957
33.60046387,84.39932251,3.062573433,4720,7553,0.22637367248535156
33.59576797,84.59912109,3.061747074,4770,7556,0.2263202667236328
33.60249329,84.79831696,3.061826229,4781,7824,0.22349905967712402
33.60044861,84.99920654,3.062530041,5400,8286,0.22647690773010254
33.59509277,85.19748688,3.0626688,6555,9370,0.22081971168518066
33.60169983,85.39628601,3.061476231,8255,9761,0.22593045234680176
33.60450745,85.59907532,3.062523365,8966,10019,0.22736096382141113
33.60108948,85.79998779,3.063034058,8187,9638,0.22772550582885742
33.5917511,85.99991608,3.061645985,7502,10082,0.22842121124267578
33.59800339,86.20062256,3.062124252,7348,10192,0.22665786743164062
33.6019249,86.39823151,3.06249094,7854,10968,0.23244810104370117
33.60263824,86.60198212,3.062212467,7776,11649,0.2282555103302002
33.60049438,86.79934692,3.06177187,7576,11763,0.22835540771484375
33.59951019,87.00164032,3.061421394,7440,11619,0.22787809371948242
33.60325241,87.1986084,3.062961578,8248,12272,0.22372961044311523
33.59989166,87.400177,3.062059402,8925,13137,0.22603893280029297
33.59876251,87.59793091,3.061953545,9443,13528,0.22664904594421387
33.59786987,87.80226135,3.062268257,9781,14202,0.22372889518737793
33.59953308,88.00203705,3.06189394,9669,14362,0.22678375244140625
33.59960937,88.2019043,3.062613487,9677,14214,0.22939634323120117
33.60131454,88.40270996,3.062007904,10155,14605,0.2294173240661621
33.5989151,88.60098267,3.062770844,10094,14606,0.2233874797821045
33.60136032,88.79768372,3.061569691,10267,15411,0.22562789916992188
33.6002121,89.00000763,3.062243938,10554,16221,0.22429227828979492
33.7974968,84.04142761,3.063374043,4480,7836,0.22114109992980957
33.79846954,84.19689941,3.063358784,4501,7825,0.22524642944335938
33.79914856,84.39648438,3.063068867,4741,7829,0.2365703582763672
33.80285645,84.59745026,3.062113285,4806,7781,0.22394442558288574
33.8010025,84.79792786,3.062609196,4779,7960,0.22347593307495117
33.79912567,84.9978714,3.062140465,5056,8061,0.22714996337890625
33.79836655,85.1973114,3.061803341,5575,8407,0.22268342971801758
33.79979706,85.39611816,3.061244965,5796,8812,0.22621822357177734
33.79951477,85.59873199,3.061206818,6361,9077,0.23380351066589355
33.80077362,85.80098724,3.062684536,8039,9411,0.2385873794555664
33.80031586,86.00071716,3.062011242,7861,9645,0.2286362648010254
33.79866791,86.19855499,3.060332775,7743,9703,0.2222766876220703
33.80026245,86.39941406,3.06179142,7527,10021,0.22778725624084473
33.80123901,86.59779358,3.061625004,7374,10365,0.2226240634918213
33.79984283,86.80181122,3.061540604,7792,11507,0.22811198234558105
33.79892349,86.99951172,3.061560154,8014,11794,0.22612428665161133
33.80211639,87.19961548,3.061990261,8654,12559,0.22419404983520508
33.79940796,87.39910889,3.063097954,9134,13275,0.23224639892578125
33.80105591,87.60135651,3.061617851,9263,13804,0.2281970977783203
33.79901505,87.80049133,3.062684059,9724,14553,0.2305614948272705
33.79711151,87.99862671,3.062763691,9616,13911,0.22482728958129883
33.80168152,88.20063782,3.061262608,9585,13921,0.22732186317443848
33.80192566,88.39943695,3.063206673,9842,14182,0.22601771354675293
33.80400848,88.60190582,3.060993671,9816,14331,0.23475980758666992
33.80596542,88.80238342,3.061461449,10180,14204,0.22856616973876953
33.80003357,89.0016098,3.063158512,10352,15018,0.2302083969116211
33.99781036,84.03398132,3.063951969,4451,7712,0.22042393684387207
33.99997711,84.19396973,3.060967445,4399,7840,0.222334623336792
34.00109863,84.39731598,3.061289787,4483,7673,0.23714733123779297
34.00053406,84.59718323,3.063519001,4466,7774,0.2239851951599121
33.99987793,84.79853058,3.061072826,4492,7761,0.2225179672241211
33.99982452,84.99961853,3.062036037,4653,7862,0.22575879096984863
34.00032806,85.19659424,3.061331749,4857,8109,0.22678184509277344
33.99935913,85.39923859,3.062046051,4893,8157,0.22404766082763672
33.99682617,85.60161591,3.061512947,5235,8212,0.224273681640625
34.00258255,85.79711914,3.061658382,5674,8526,0.22568821907043457
34.00361633,85.99855042,3.062424183,6563,9176,0.2272191047668457
33.99694061,86.20016479,3.062204361,8243,9280,0.22891759872436523
33.9936142,86.40245819,3.062942982,8016,9418,0.22792267799377441
33.99847031,86.60083008,3.0619874,7475,9620,0.22555947303771973
34.00163651,86.79931641,3.06276226,7433,10239,0.2230830192565918
34.00403595,87.00004578,3.062806129,8051,10983,0.23128175735473633
33.99845505,87.19844055,3.061355591,8682,12047,0.22911787033081055
34.00016022,87.402565,3.060743809,8969,12824,0.22076678276062012
34.00401306,87.59926605,3.061416626,9189,13397,0.22458934783935547
34.00074005,87.80001068,3.062553883,9386,14098,0.22809219360351562
34.00203705,88.00006104,3.061806679,9495,14259,0.22569561004638672
33.99816895,88.20027161,3.062553406,9161,14220,0.22066974639892578
34.0016098,88.39758301,3.062735081,9936,14229,0.22717809677124023
34.00119019,88.60224152,3.061202526,9940,14329,0.22676801681518555
34.00156021,88.80014038,3.062883377,9589,14036,0.22762179374694824
33.99806213,89.00327301,3.06166172,9972,14372,0.22737741470336914
34.1990509,84.0239563,3.061736584,4341,7839,0.23051977157592773
34.19936371,84.19699097,3.061962128,4407,7861,0.22583532333374023
34.20487213,84.39401245,3.063179016,4384,7839,0.21848249435424805
34.1993866,84.59820557,3.062315464,4430,7918,0.2289273738861084
34.19717407,84.79966736,3.061846256,4510,7879,0.23467659950256348
34.1946106,84.99977875,3.061507702,4433,7804,0.2222127914428711
34.20126724,85.19647217,3.060709953,4493,7737,0.22768831253051758
34.20581055,85.40126801,3.061604977,4536,7942,0.22210431098937988
34.19554138,85.59818268,3.061836243,4874,7975,0.22234535217285156
34.19888306,85.7976532,3.062681198,5110,7994,0.21781086921691895
34.2020874,86.00010681,3.061133862,5315,8436,0.22742342948913574
34.19796753,86.20077515,3.062195301,6017,8856,0.22283124923706055
34.19762421,86.40215302,3.062328339,7506,9508,0.22680187225341797
34.20248413,86.59815216,3.062195778,8524,9617,0.22632098197937012
34.19927979,86.79885864,3.062023163,7821,9774,0.2237236499786377
34.20085144,86.99876404,3.062518597,7640,10019,0.2373208999633789
34.20141983,87.20101929,3.061721325,8027,10556,0.22843050956726074
34.1991272,87.39814758,3.061989307,8548,11933,0.22516369819641113
34.20040512,87.60003662,3.061716557,8749,12651,0.22503662109375
34.19950867,87.80198669,3.061504364,9081,13025,0.24177098274230957
34.20111465,88.00054169,3.062090874,9433,14016,0.22491049766540527
34.20066833,88.20001984,3.062736988,8992,13385,0.22626519203186035
34.19916534,88.39854431,3.061854839,9662,14314,0.2200634479522705
34.19986725,88.60109711,3.061271667,9713,14466,0.22705841064453125
34.2010994,88.8012085,3.061488152,9767,14158,0.22652053833007812
34.20062256,88.99964142,3.062520504,9894,14401,0.22708463668823242
34.4001236,84.01034546,3.062877655,4338,7971,0.2312161922454834
34.39904022,84.19621277,3.061434269,4569,7808,0.22678327560424805
34.40332031,84.39731598,3.062465668,4434,7927,0.22205138206481934
34.39897156,84.59818268,3.06222105,4386,7792,0.22585415840148926
34.39855957,84.79768372,3.060736179,4355,7949,0.2247786521911621
34.3972702,85.00020599,3.063582897,4391,7780,0.22885847091674805
34.39963531,85.19921875,3.062342167,4447,7876,0.23003888130187988
34.40222168,85.39859772,3.061759949,4445,7747,0.22287321090698242
34.40151978,85.59957886,3.061636925,4530,7670,0.22365236282348633
34.39884186,85.80101013,3.062554836,4613,7751,0.22773528099060059
34.401474,85.99601746,3.061518192,4757,7930,0.2223982810974121
34.402771,86.19766235,3.060946941,5311,8309,0.22821831703186035
34.39896011,86.3989563,3.062204361,5433,8210,0.23577618598937988
34.39795685,86.60044861,3.061542511,5940,8493,0.23015332221984863
34.39768982,86.79974365,3.062756538,6858,9263,0.2258920669555664
34.39897919,86.99959564,3.062060356,8549,9567,0.22418665885925293
34.40465546,87.20170593,3.062251091,8295,9786,0.224104642868042
34.40132904,87.40026093,3.06208849,7853,10206,0.22732090950012207
34.3978653,87.60028839,3.061545372,8282,11083,0.22520852088928223
34.3995285,87.79814148,3.06216383,8899,12149,0.22964835166931152
34.40026093,88.00198364,3.062428474,8786,12736,0.2281200885772705
34.40062714,88.20072174,3.061565876,9227,13710,0.22562098503112793
34.39886475,88.39779663,3.062026978,9569,13935,0.22032928466796875
34.40160751,88.60011292,3.062009335,9410,14140,0.22753143310546875
34.4005661,88.80034637,3.062342644,9662,14188,0.22769641876220703
34.40120697,89.00093079,3.063566685,9656,14128,0.23198699951171875
34.60334778,84.02853394,3.062416553,4512,8204,0.2268819808959961
34.59806442,84.19604492,3.063263416,4430,7987,0.22269821166992188
34.6014328,84.39612579,3.060178757,4363,7839,0.2257404327392578
34.60186005,84.59599304,3.061333656,4401,7904,0.22130441665649414
34.59887695,84.79563904,3.062346935,4256,7596,0.22514772415161133
34.59538269,84.99888611,3.062024117,4484,7797,0.22838139533996582
34.60029221,85.1989212,3.061695099,4272,7874,0.22575831413269043
34.60012436,85.39597321,3.062029362,4325,7672,0.22343182563781738
34.602211,85.60001373,3.06121254,4372,7563,0.22226333618164062
34.59678268,85.80130768,3.061547279,4344,7439,0.22947263717651367
34.59989929,85.99850464,3.06281805,4407,7709,0.22455358505249023
34.60087585,86.19587708,3.062666416,4598,7779,0.21903681755065918
34.59977722,86.39793396,3.061600685,4835,7771,0.22711539268493652
34.59568787,86.6018219,3.063000679,5175,7961,0.23033642768859863
34.59703445,86.79888916,3.063251495,5529,8384,0.22421789169311523
34.60498428,87.00003052,3.061285019,7037,9268,0.2225334644317627
34.59846497,87.20038605,3.062963009,9592,9898,0.22786879539489746
34.59640884,87.40077972,3.062743664,8698,9674,0.22664403915405273
34.60263062,87.59994507,3.061402321,7869,10098,0.2284533977508545
34.60257339,87.80110168,3.061778069,8092,10405,0.22648191452026367
34.59720993,87.99929047,3.062200069,8432,11646,0.23073172569274902
34.59733963,88.19937134,3.063197136,8740,12753,0.22487759590148926
34.59856415,88.40116119,3.062047005,9014,13008,0.22529125213623047
34.6027298,88.59951782,3.06112957,9356,13577,0.2219071388244629
34.59874725,88.80226898,3.06144619,9734,14091,0.22792744636535645
34.59879303,89.00257111,3.061814308,9916,14693,0.22535204887390137
34.80319977,84.0450592,3.062935829,4976,8930,0.22403597831726074
34.80183411,84.19720459,3.061892033,4742,8466,0.22698712348937988
34.79819489,84.40026855,3.061963081,4726,8498,0.22456765174865723
34.79683304,84.59841919,3.06145525,4571,8224,0.22513127326965332
34.80102539,84.79676056,3.061989307,4452,8100,0.22421622276306152
34.80069733,84.99687195,3.062190056,4528,7950,0.2256181240081787
34.80002594,85.2004776,3.063038826,4471,7935,0.22407817840576172
34.79915619,85.39863586,3.062449932,4507,7713,0.22649025917053223
34.79831314,85.59944153,3.061958313,4330,7708,0.22786903381347656
34.80058289,85.7986908,3.062334538,4309,7847,0.23160886764526367
34.80069733,85.99886322,3.061113834,4444,7590,0.23375892639160156
34.79954529,86.19893646,3.061162949,4508,7676,0.22325634956359863
34.79869843,86.39851379,3.061550617,4440,7693,0.22714829444885254
34.7999115,86.60054016,3.062823296,4719,7741,0.21941757202148438
34.80096436,86.79914856,3.062606335,4910,8135,0.22980022430419922
34.7991333,86.99876404,3.061290264,5470,8400,0.22478175163269043
34.79684448,87.20119476,3.062164783,6189,8724,0.2269306182861328
34.80392456,87.40026855,3.061511517,7502,9361,0.2290949821472168
34.80273056,87.60206604,3.061963558,9043,10058,0.22670984268188477
34.79860687,87.80001068,3.063169003,8547,10051,0.22370362281799316
34.79735565,88.00059509,3.062087059,8170,10331,0.2281179428100586
34.80317688,88.20018768,3.061800957,7974,10709,0.22689056396484375
34.80356979,88.40077209,3.060688019,8532,11845,0.23218846321105957
34.79834747,88.59901428,3.061278343,8783,12611,0.22869133949279785
34.79859161,88.80004883,3.062369823,9242,13330,0.2290041446685791
34.80056763,89.00102234,3.06191206,9795,14078,0.22577285766601562
35.00279236,84.04016113,3.063222408,6029,10958,0.21922087669372559
34.99853516,84.19459534,3.061704159,5185,9795,0.22692632675170898
34.99921417,84.39836121,3.061365604,4920,9006,0.2264389991760254
35.00106812,84.59726715,3.061472416,4631,8641,0.22864222526550293
35.00124359,84.7980423,3.061750412,4563,8323,0.22153353691101074
35.00357056,84.99584198,3.061061859,4454,8284,0.22472763061523438
35.00036621,85.19678497,3.062580585,4425,8209,0.22414541244506836
35.00043488,85.39865112,3.060461521,4319,7835,0.2308180332183838
34.99898529,85.59742737,3.062386513,4399,8021,0.21966767311096191
34.99913025,85.79909515,3.062440872,4300,7788,0.22295284271240234
35.00119781,85.99949646,3.060383797,4340,7625,0.2269124984741211
34.99956894,86.20020294,3.062389851,4350,7572,0.23184800148010254
35.00174713,86.39990234,3.060296535,4409,7500,0.22475385665893555
34.99914551,86.60171509,3.062980652,4347,7547,0.22804784774780273
34.99790573,86.79923248,3.061664104,4627,7738,0.22601032257080078
34.99981689,86.9985199,3.061465263,4690,7805,0.22368454933166504
35.00312805,87.20053101,3.062255859,5086,8014,0.2255878448486328
34.99858856,87.4019165,3.061790943,5563,8499,0.21982693672180176
34.99900818,87.59815979,3.062513828,6232,8826,0.2270035743713379
35.00220871,87.80039978,3.062004566,8297,9390,0.2275838851928711
35.00433731,88.00247955,3.061644554,8777,10103,0.23656392097473145
35.00312042,88.20337677,3.06201601,7725,9960,0.2287297248840332
35.00075531,88.40034485,3.062711239,7622,10452,0.23325777053833008
34.99753571,88.5998764,3.061484337,8136,10668,0.22558069229125977
34.99862289,88.80181885,3.062150955,8667,11943,0.22564482688903809
35.00309753,88.99956512,3.061389923,9068,12739,0.2267594337463379
