29.99532318,83.9992981,3.062407017,4935,7350,0.2273869514465332
30.00028419,84.19656372,3.060698986,5168,7809,0.22818875312805176
29.99886703,84.39700317,3.062330246,5133,8328,0.2268378734588623
29.99953842,84.59828186,3.061373711,5050,8536,0.22757530212402344
30.00014877,84.79912567,3.061586857,4928,8349,0.22972965240478516
29.99849319,84.99768829,3.06192112,4736,8217,0.22848057746887207
30.00165939,85.19813538,3.061970711,4661,7938,0.22877168655395508
29.99805832,85.39613342,3.063393116,4491,7832,0.22264814376831055
29.99860001,85.59671783,3.061011314,5447,8963,0.226165771484375
29.99952316,85.79810333,3.061973095,4699,7831,0.22437572479248047
30.00078964,86.00284576,3.06264925,4661,7571,0.22765517234802246
29.99836159,86.19898224,3.061783314,4578,7713,0.22269678115844727
29.9961853,86.40200043,3.063335419,4694,7644,0.23697304725646973
29.99871635,86.60027313,3.060895443,4852,7816,0.22286772727966309
29.99962997,86.79945374,3.062214375,4905,7901,0.22697067260742188
29.99992752,87.00053406,3.06184721,5122,7838,0.22960257530212402
29.99754143,87.20248413,3.062359333,5584,8348,0.23500561714172363
29.99740982,87.40318298,3.062002659,6498,8919,0.22675752639770508
29.99562836,87.60424805,3.061751366,7951,9487,0.23328351974487305
29.99851608,87.80169678,3.062735558,8190,9261,0.24255776405334473
29.99785995,88.00198364,3.061728954,8219,9621,0.23158478736877441
29.99869347,88.20049286,3.062028408,8369,10296,0.22288155555725098
30.00245476,88.39949799,3.061049938,8745,11203,0.22104144096374512
30.00052643,88.59957886,3.062990665,8811,11742,0.2301161289215088
29.99865341,88.80152893,3.061851501,8975,12461,0.23148584365844727
29.99462509,89.00331879,3.06174469,9075,12783,0.2270498275756836
30.20033264,84.03125,3.061765194,5723,7992,0.22457146644592285
30.20124054,84.19562531,3.061523438,6527,8991,0.22104382514953613
30.19985008,84.39984131,3.062536716,6366,9512,0.2274470329284668
30.20031357,84.59823608,3.060366631,6122,9742,0.22870230674743652
30.19629288,84.79808044,3.0629673,5776,9792,0.22190642356872559
30.20201111,84.99681091,3.061506748,5183,9266,0.2286372184753418
30.20180511,85.19741821,3.061499119,4818,8599,0.23185253143310547
30.20162582,85.39779663,3.061677933,4670,8300,0.22258496284484863
30.20060349,85.60172272,3.062246799,4729,8235,0.23122406005859375
30.20097733,85.79912567,3.060484409,4581,7973,0.22689509391784668
30.19779778,85.99954224,3.063303471,4603,7882,0.22902560234069824
30.198452,86.19804382,3.062549591,4480,7754,0.23043584823608398
30.20015335,86.3980484,3.061029911,4492,7854,0.23174691200256348
30.19924736,86.59772491,3.062393665,4614,7628,0.22783350944519043
30.20713806,86.80448151,3.062954903,4644,7876,0.2292490005493164
30.20190239,86.99682617,3.060541153,4773,7719,0.22714471817016602
30.20038605,87.19935608,3.062185764,5051,7860,0.22675156593322754
30.19880486,87.40118408,3.061687946,5345,8027,0.22771763801574707
30.20009041,87.60002136,3.062435627,5607,8391,0.22948598861694336
30.19874191,87.8028183,3.062324047,6698,8816,0.22541284561157227
30.20107079,87.99607849,3.060248375,7569,9141,0.2209484577178955
30.20302582,88.20317841,3.061192989,7552,9433,0.2271280288696289
30.20049858,88.4022522,3.06263876,8306,9724,0.2255406379699707
30.20014763,88.60037231,3.061480999,8516,10596,0.2222120761871338
30.20108032,88.79928589,3.061429977,8513,11101,0.22110557556152344
30.19832039,88.99980164,3.061429977,8706,11751,0.2209460735321045
30.39792633,84.04358673,3.06261158,7258,8839,0.22561097145080566
30.39912224,84.19625854,3.061348438,8603,9918,0.23051071166992188
30.39804649,84.39881134,3.062779903,8903,11124,0.22673821449279785
30.3997345,84.59876251,3.061365128,8137,11783,0.22672605514526367
30.39660263,84.79862976,3.062360287,7347,12148,0.22657179832458496
30.40312386,84.99742126,3.060173988,6496,11796,0.2355024814605713
30.40305901,85.20074463,3.061664104,5549,10631,0.22482061386108398
30.4016037,85.39750671,3.061990738,5121,9301,0.22866249084472656
30.40185738,85.59742737,3.06120491,4683,8747,0.23222827911376953
30.39871597,85.79727936,3.062696934,4691,8316,0.23142790794372559
30.39913559,85.99919128,3.06217289,4594,8156,0.23420023918151855
30.39718246,86.20092773,3.062492847,4429,7800,0.22778058052062988
30.39957619,86.39938354,3.0623312,4521,7969,0.2243638038635254
30.40116882,86.60028839,3.062296391,4403,7642,0.23057341575622559
30.39963913,86.80033112,3.061995029,4606,7729,0.22212839126586914
30.39674759,87.00030518,3.06242466,4481,7560,0.22170448303222656
30.40049744,87.19564056,3.061718941,4673,7790,0.22627949714660645
30.40095711,87.40331268,3.062699795,4703,7922,0.23679375648498535
30.4000473,87.60077667,3.061729908,5212,8037,0.22458362579345703
30.39853477,87.80037689,3.06319046,5506,8283,0.22904753684997559
30.39818382,88.0025177,3.0631423,5899,8864,0.23072338104248047
30.40034294,88.20029449,3.060108185,6885,9580,0.22157573699951172
30.40180397,88.40000916,3.06105423,7832,9523,0.22378897666931152
30.39469528,88.60160828,3.063102722,8284,9793,0.22618722915649414
30.3960247,88.79948425,3.061518669,8441,10237,0.22449231147766113
30.4002533,89.00110626,3.062777042,8635,10961,0.22657084465026855
30.6012516,84.03191376,3.062460423,9664,10042,0.22614717483520508
30.60097122,84.19853973,3.061355114,9459,9990,0.22372913360595703
30.5980072,84.39796448,3.061914921,8782,9591,0.2428586483001709
30.60112381,84.59792328,3.061545372,8242,10318,0.2251129150390625
30.60002327,84.79923248,3.061514378,8175,11759,0.22613310813903809
30.59988976,84.99990082,3.061571598,8260,13164,0.23189353942871094
30.60051155,85.20034027,3.062336922,7571,15114,0.22389769554138184
30.60035706,85.3972702,3.061440468,6756,13168,0.23461079597473145
30.59947586,85.59711456,3.063030243,5807,11027,0.22685933113098145
30.59841919,85.80130768,3.061757565,5244,9529,0.23015594482421875
30.59955978,86.00143433,3.06151247,4680,8782,0.2253119945526123
30.60002518,86.1995697,3.062702179,4674,8311,0.22575879096984863
30.6016674,86.39791107,3.062577248,4653,7943,0.23001527786254883
30.60018158,86.59809113,3.062344551,4592,7967,0.2294301986694336
30.5982914,86.79973602,3.06247139,4465,7873,0.23170042037963867
30.59918594,86.99935913,3.061492443,4505,7865,0.22421717643737793
30.59785843,87.19818878,3.061398029,4430,7575,0.2284390926361084
30.60146713,87.39952087,3.061965466,4510,7565,0.22561120986938477
30.59664536,87.60243988,3.064015865,4693,7687,0.22879314422607422
30.59725952,87.80384827,3.061892033,4862,7894,0.2269275188446045
30.59726524,88.00091553,3.061206818,4976,8109,0.22633886337280273
30.60315704,88.19921875,3.061420918,5377,8400,0.22291994094848633
30.60198593,88.39984894,3.06167984,6136,8798,0.2222461700439453
30.59996605,88.60248566,3.061331749,7393,9143,0.22965717315673828
30.60371208,88.79895782,3.061866283,7557,9316,0.22489452362060547
30.60004234,89.00175476,3.063709259,8085,9631,0.22408819198608398
30.79740906,84.02899933,3.062020779,10361,9521,0.22856688499450684
30.79908371,84.19767761,3.062492847,8740,9480,0.2274034023284912
30.80064392,84.39746857,3.061986923,8845,10500,0.2200634479522705
30.80338287,84.59522247,3.062094212,8659,11288,0.22976946830749512
30.80244446,84.79779053,3.061424732,7826,11834,0.23543548583984375
30.80041313,84.9972229,3.062364578,7725,12152,0.2249455451965332
30.79965019,85.19825745,3.061289787,8712,14910,0.2242276668548584
30.80316734,85.39859772,3.062282562,9034,16092,0.2254009246826172
30.80358887,85.6007843,3.062494755,8123,14782,0.22865629196166992
30.79857635,85.79891205,3.06308651,6411,11839,0.22098612785339355
30.79618263,85.99826813,3.061352253,5360,10157,0.22855305671691895
30.8004055,86.19895935,3.062889099,5016,9326,0.22066378593444824
30.7998867,86.40142822,3.061316013,4881,8869,0.2274646759033203
30.80217361,86.59936523,3.061226845,4920,8528,0.22312068939208984
30.79727554,86.79934692,3.062935829,4633,8134,0.22819161415100098
30.80244064,86.9977951,3.061581135,4643,8039,0.21988320350646973
30.80235291,87.19889832,3.060286999,4545,7807,0.22880291938781738
30.7976284,87.40310669,3.061574459,4377,7878,0.22446274757385254
30.79893112,87.59947205,3.061279774,4647,7618,0.22771215438842773
30.80088615,87.7984314,3.061844826,4775,7706,0.22376132011413574
30.7999115,88.00056458,3.061600685,4743,7903,0.22243714332580566
30.79379463,88.19735718,3.062456608,5029,7938,0.22482967376708984
30.80059242,88.39916229,3.062308311,5162,8135,0.22395730018615723
30.80221367,88.59874725,3.061306477,5611,8704,0.22597479820251465
30.80184746,88.80116272,3.063225746,6449,9407,0.22711563110351562
30.79778099,89.00152588,3.061673164,7547,9335,0.22576355934143066
31.00092316,84.01734924,3.062034607,9734,9751,0.2308804988861084
30.99836159,84.19871521,3.062869072,11025,11660,0.22690963745117188
31.00000381,84.39752197,3.063206673,11481,13468,0.22249913215637207
31.00069427,84.59879303,3.062775612,10050,12899,0.22855830192565918
30.99980927,84.79656982,3.061816216,9770,12937,0.2281339168548584
31.0004673,84.99953461,3.061934948,8773,12547,0.22974324226379395
31.00003624,85.19812012,3.063575745,7764,12435,0.23514056205749512
31.0034008,85.39915466,3.061703682,8868,13924,0.22977900505065918
31.00049973,85.59880066,3.063364983,9069,15095,0.22615623474121094
30.998312,85.7975769,3.06176281,8024,15199,0.21907424926757812
31.00012779,85.9984436,3.061579704,7077,13492,0.22760772705078125
31.00003052,86.20038605,3.062410355,5923,11188,0.22606325149536133
31.00096321,86.39974976,3.061230659,5411,10042,0.22759628295898438
30.99976158,86.59892273,3.061178207,4856,9288,0.2243635654449463
30.99840164,86.79812622,3.062930107,4766,8609,0.22999095916748047
30.99797058,86.99948883,3.062842369,4595,8206,0.22771501541137695
30.9996109,87.20030975,3.062223434,4518,8012,0.23348760604858398
31.00145149,87.40225983,3.061505318,4400,8003,0.2230665683746338
30.99788284,87.59979248,3.061713696,4452,7926,0.22259163856506348
31.00003052,87.80084229,3.062766552,4587,7978,0.22702813148498535
31.00393105,87.99908447,3.060838699,4662,7780,0.22981786727905273
31.00387192,88.20181274,3.061434269,4716,7835,0.22318005561828613
30.9963913,88.39945984,3.06246233,4855,8016,0.23883605003356934
30.99972534,88.59973145,3.063144207,5086,8320,0.2354891300201416
30.99526596,88.80319214,3.061852932,5192,8288,0.22304916381835938
31.0005703,88.99991608,3.062289715,5926,8645,0.22669458389282227
31.20297241,84.0240097,3.061982632,9816,10204,0.2245340347290039
31.20141792,84.19631958,3.061956882,11623,12729,0.2251262664794922
31.19868279,84.39889526,3.06156683,10332,13580,0.22252106666564941
31.19977379,84.59831238,3.063576221,10218,13534,0.22846674919128418
31.19831085,84.79776001,3.062240124,9683,13417,0.23061442375183105
31.19838524,84.99843597,3.062932968,9471,12742,0.22625279426574707
31.19530678,85.19642639,3.061436176,9402,13216,0.22660613059997559
31.20048714,85.39849854,3.061496735,8464,12993,0.2225966453552246
31.19764519,85.60089111,3.062643051,7619,12434,0.22903084754943848
31.20025253,85.79785919,3.060613155,8596,14198,0.22824954986572266
31.19844818,86.00009155,3.06184721,8164,14096,0.24607229232788086
31.19951248,86.19884491,3.061804295,7677,15028,0.2307436466217041
31.20139885,86.39980316,3.061281681,7062,13302,0.22696208953857422
31.19886971,86.59992218,3.062659264,5775,11504,0.22461462020874023
31.19924736,86.79666138,3.062161922,5148,9622,0.22447800636291504
31.1970787,87.0007019,3.060444832,4854,8920,0.22237229347229004
31.19872284,87.19921875,3.06267786,4826,8416,0.22402739524841309
31.20080948,87.4030838,3.062401295,4564,8319,0.22664427757263184
31.20363235,87.60215759,3.062625408,4594,7984,0.22729897499084473
31.20034599,87.80142975,3.061125755,4542,7890,0.2230696678161621
31.19868469,87.99980164,3.061429977,4574,7925,0.22622060775756836
31.20100975,88.2020874,3.062003613,4690,7998,0.22379112243652344
31.20197105,88.39716339,3.060927391,4665,7814,0.22817564010620117
31.20022202,88.6000824,3.061182022,4682,7849,0.22176098823547363
31.19695854,88.80206299,3.062092781,4979,7909,0.23803138732910156
31.19889641,89.00021362,3.061714172,5010,8090,0.2275102138519287
31.39909554,84.04166412,3.064064503,10559,11667,0.22469377517700195
31.40277481,84.19654846,3.061758041,10483,12892,0.22604632377624512
31.3985424,84.40011597,3.062091827,9805,12762,0.22741246223449707
31.3970623,84.59722137,3.063089371,8838,12569,0.22792792320251465
31.40280151,84.79802704,3.06166935,8789,12597,0.22881793975830078
31.402565,84.9980011,3.061457157,8861,13156,0.22534680366516113
31.40048981,85.19950867,3.063109875,9227,13106,0.22495222091674805
31.40102577,85.39668274,3.061418056,9105,12644,0.2254352569580078
31.40187836,85.59792328,3.061436176,8614,12838,0.22373628616333008
31.402071,85.79950714,3.061747551,7621,11973,0.22598695755004883
31.39782906,85.9988327,3.060813904,7356,12444,0.22642159461975098
31.39748001,86.20048523,3.06142664,8713,14716,0.2307415008544922
31.40029335,86.40133667,3.06166935,8990,15752,0.2273693084716797
31.40108871,86.60303497,3.062815666,7762,15626,0.22277259826660156
31.39714432,86.80064392,3.061795235,6513,12823,0.2236936092376709
31.40019989,87.0,3.061163902,5472,10602,0.23606300354003906
31.39687729,87.20101929,3.062353611,5033,9145,0.22629737854003906
31.3974781,87.39922333,3.061635017,4838,8666,0.23600554466247559
31.39963341,87.59918976,3.061645508,4702,8299,0.23826241493225098
31.40084839,87.80033875,3.061623096,4532,8074,0.2243037223815918
31.40166283,88.00125122,3.062514782,4701,7843,0.22197914123535156
31.39826965,88.2019043,3.061038971,4590,7882,0.22668170928955078
31.3999958,88.40110779,3.062262058,4544,7891,0.22704195976257324
31.39977837,88.60207367,3.062235355,4607,7961,0.23392748832702637
31.40126801,88.80075073,3.062310219,4697,7941,0.22144007682800293
31.40263367,88.99832916,3.061956406,4732,7903,0.22342610359191895
31.60037231,84.02154541,3.063001633,11052,13333,0.2279510498046875
31.59950447,84.19714355,3.063491344,10059,13029,0.22297430038452148
31.60294342,84.39810181,3.061058998,9838,12944,0.22732234001159668
31.5977993,84.60041046,3.062029839,9317,13300,0.22520709037780762
31.59984589,84.79840088,3.061944485,9364,12851,0.23117733001708984
31.60068893,84.99877167,3.0628829,9075,12648,0.23276066780090332
31.60124397,85.19829559,3.063251972,8630,12391,0.2265489101409912
31.60055161,85.39909363,3.061015606,8441,12333,0.22656679153442383
31.59854889,85.59832764,3.062419891,8754,12197,0.22818875312805176
31.60040855,85.80023956,3.062211514,8555,12325,0.22354650497436523
31.60169029,85.99969482,3.062383652,8074,12015,0.221449613571167
31.59977341,86.19998169,3.061691284,7603,12455,0.22332501411437988
31.5965271,86.40103149,3.062208652,8407,14333,0.23347020149230957
31.59988403,86.6005249,3.061892986,9389,15996,0.22611117362976074
31.60239792,86.79949951,3.062385559,8637,15954,0.22501206398010254
31.60231209,87.00123596,3.061713219,7199,14145,0.22477221488952637
31.60138893,87.20101929,3.06244278,5992,11340,0.22527027130126953
31.59818459,87.40113068,3.06226635,5333,9797,0.2345890998840332
31.59893799,87.60170746,3.063114643,4920,8846,0.22614073753356934
31.60198402,87.80054474,3.061286926,4743,8575,0.2269437313079834
31.60016441,87.99940491,3.061461926,4565,8244,0.22208094596862793
31.59712791,88.19918823,3.061819553,4491,8077,0.2223801612854004
31.60168457,88.40049744,3.060666084,4397,7966,0.22752022743225098
31.59936333,88.60240936,3.063224792,4527,7734,0.23879241943359375
31.59819221,88.80329132,3.062554836,4514,7928,0.23080873489379883
31.59831047,89.00604248,3.062144756,4538,7923,0.23086142539978027
31.80047607,84.01954651,3.062477589,10176,13094,0.23365545272827148
31.79909515,84.19644165,3.060827255,10259,12787,0.22630715370178223
31.80241013,84.39510345,3.062312126,9814,13348,0.2287585735321045
31.8044529,84.59673309,3.062401295,9563,12832,0.2277231216430664
31.79943657,84.79740906,3.062440872,9196,12795,0.22634339332580566
31.7964859,84.99630737,3.061468601,8860,12707,0.2262434959411621
31.79657745,85.19996643,3.062003613,8954,12412,0.229783296585083
31.8007946,85.39797974,3.062494278,8339,12361,0.23505473136901855
31.80152702,85.59779358,3.061775684,8195,12010,0.22584986686706543
31.80142784,85.7986908,3.061732292,8543,12213,0.22061514854431152
31.79751015,85.99780273,3.063682556,8589,12695,0.2255997657775879
31.79559708,86.20233154,3.062484264,8844,12732,0.22777199745178223
31.79951859,86.40023041,3.06206274,7994,12975,0.22017431259155273
31.80348206,86.59951782,3.061824799,8185,13867,0.23070907592773438
31.79979134,86.80182648,3.062732697,8724,15060,0.23021149635314941
31.79738235,87.00317383,3.061997414,8932,15220,0.22963762283325195
31.80041504,87.20090485,3.061164379,7721,15089,0.22165584564208984
31.80128288,87.3994751,3.062561512,6877,12734,0.22648882865905762
31.80191994,87.59934235,3.06221199,5490,10927,0.2257235050201416
31.80208397,87.80064392,3.062038898,5231,9635,0.2275102138519287
31.80086136,88.0014801,3.061347008,4893,9091,0.2402787208557129
31.79911041,88.19916534,3.061238289,4642,8620,0.22292470932006836
31.80305099,88.3995285,3.061227798,4546,8304,0.21946930885314941
31.79892921,88.59767151,3.060878754,4524,7909,0.22603583335876465
31.79793549,88.8017807,3.061709404,4424,7981,0.229569673538208
31.79903221,89.00190735,3.061342716,4443,7884,0.2379617691040039
32.0014267,84.03007507,3.063244343,10206,12679,0.22434687614440918
32.00131989,84.19525146,3.062507153,9728,12901,0.22718524932861328
31.99803162,84.39715576,3.06244421,10161,13501,0.22536039352416992
31.9974823,84.59669495,3.061846256,10105,13541,0.2234787940979004
32.002388,84.79702759,3.06205368,9353,12956,0.2270503044128418
32.00257111,84.99758911,3.061757565,9012,12704,0.22602534294128418
31.99871635,85.19850922,3.061641216,8750,12519,0.22397470474243164
31.99266243,85.40002441,3.062303543,8341,11957,0.2200918197631836
31.99853897,85.60002136,3.061000347,8106,12096,0.23078536987304688
32.00460815,85.79647827,3.061253548,8346,12206,0.22054028511047363
32.00228119,85.99847412,3.061554909,8558,12801,0.2306351661682129
31.99883461,86.19920349,3.06038475,9129,13155,0.23007535934448242
31.995327,86.40246582,3.061886787,8866,12540,0.2252063751220703
31.99702644,86.602005,3.062400818,8445,12563,0.2256612777709961
31.99910355,86.80015564,3.062539577,7765,12133,0.22525978088378906
32.0003891,86.9983139,3.061422348,7887,13043,0.22516632080078125
32.00036621,87.2003479,3.061518669,8503,14065,0.2216048240661621
31.99989128,87.40033722,3.0610919,7822,14155,0.2310194969177246
32.00120544,87.60085297,3.063630104,7222,13930,0.2314763069152832
32.00075531,87.79897308,3.061422348,6419,12434,0.22762012481689453
31.99714279,87.99929047,3.062926769,5583,10828,0.22129178047180176
31.9994545,88.19970703,3.061230183,4989,9466,0.22566962242126465
32.00074005,88.40148926,3.062278271,4807,8799,0.22500181198120117
31.99840546,88.60041809,3.062833786,4695,8253,0.22861599922180176
31.99620438,88.80099487,3.062067986,4467,8190,0.23119235038757324
31.99866676,89.00177002,3.061309338,4432,7937,0.22187089920043945
32.20425415,84.04193115,3.063578606,9857,12077,0.22354459762573242
32.20018005,84.19836426,3.063248158,9376,12345,0.2304534912109375
32.19499969,84.39776611,3.062839985,9798,12910,0.22426080703735352
32.19742966,84.59736633,3.061480999,9791,13090,0.2227463722229004
32.20346069,84.79658508,3.062055111,9292,12908,0.2291259765625
32.20337677,84.99984741,3.06224823,8889,12487,0.23149943351745605
32.20104218,85.20119476,3.062758923,8716,12579,0.2228548526763916
32.19621277,85.40032959,3.061757565,8770,12079,0.22307276725769043
32.20049286,85.59741211,3.061912537,8444,11988,0.22703766822814941
32.20060349,85.79878235,3.062568188,8506,12708,0.23212146759033203
32.20033264,85.99934387,3.063266277,8819,12996,0.22703814506530762
32.20022583,86.19830322,3.062447071,9012,13052,0.22937297821044922
32.19997025,86.40078735,3.062826633,9123,13249,0.23017215728759766
32.19997787,86.59924316,3.062171936,9061,12563,0.22484779357910156
32.20099258,86.80020142,3.062705994,9033,12497,0.2283916473388672
32.20357513,86.99926758,3.062407017,8071,12401,0.22716546058654785
32.2000351,87.19902802,3.06246376,7456,12198,0.22698330879211426
32.19894409,87.40049744,3.062220097,8116,13718,0.2225496768951416
32.19957733,87.60279083,3.061489105,8434,15029,0.22963833808898926
32.19933701,87.80176544,3.062588215,8498,16767,0.23127031326293945
32.20249557,87.99967194,3.062021255,7833,15539,0.2303454875946045
32.19958878,88.20079041,3.062423706,6166,12434,0.22577714920043945
32.1980896,88.40071106,3.062239647,5456,10491,0.22376394271850586
32.19940186,88.60232544,3.061867237,4915,9264,0.22705888748168945
32.20011139,88.80251312,3.062253952,4833,8742,0.2264714241027832
32.19801331,89.00123596,3.062201023,4522,8303,0.2253115177154541
32.40142059,84.01407623,3.061823845,9072,10671,0.23187923431396484
32.3997879,84.1963501,3.061241627,8992,11653,0.23582959175109863
32.39953613,84.39772797,3.062075615,9195,12015,0.22975802421569824
32.39860916,84.59786987,3.062583447,9185,12503,0.22664451599121094
32.39971924,84.79838562,3.062508583,9085,12642,0.2228240966796875
32.4011879,84.99907684,3.062542915,8732,12572,0.22787785530090332
32.39841461,85.19934082,3.062005997,8630,12143,0.22874760627746582
32.39958954,85.39989471,3.061906338,8546,12235,0.22650837898254395
32.39814758,85.59976196,3.063039303,9231,12798,0.2189044952392578
32.40120316,85.79760742,3.06363678,9567,13535,0.22292399406433105
32.40052414,85.99864197,3.061604977,9120,13172,0.23570609092712402
32.39967728,86.20036316,3.061265945,9166,13496,0.22251296043395996
32.40093994,86.39998627,3.061306,9155,12977,0.22288823127746582
32.39866638,86.5993576,3.063080311,8934,12584,0.22387480735778809
32.39852905,86.79888916,3.062867641,8559,12237,0.22756576538085938
32.39974213,87.00122833,3.062791348,8335,11582,0.22685742378234863
32.40321732,87.20085907,3.062171459,8222,12331,0.22846078872680664
32.40079498,87.39836884,3.062663555,7861,12764,0.22186923027038574
32.3993721,87.59939575,3.061810493,8365,13414,0.2236328125
32.40077972,87.800354,3.06183815,9053,15319,0.22533345222473145
32.39875793,88.00489807,3.062290192,9761,17039,0.2359626293182373
32.40116882,88.20201874,3.061869144,8260,17086,0.23534774780273438
32.4021492,88.40171814,3.061133862,7333,14410,0.2299807071685791
32.40027618,88.60099792,3.062395573,5823,11187,0.22908902168273926
32.3993454,88.80214691,3.06144762,5172,10206,0.23068499565124512
32.39693069,89.0005188,3.062657356,4846,9222,0.2261948585510254
32.59815598,84.02125549,3.064642906,8561,9875,0.22908782958984375
32.60060883,84.19530487,3.062565327,8591,10328,0.2230370044708252
32.60306549,84.39736176,3.061480999,8618,11076,0.2280733585357666
32.59729004,84.59890747,3.063742638,9033,12032,0.2259058952331543
32.59783173,84.79931641,3.062653542,8516,11929,0.2265934944152832
32.59649277,85.00041199,3.062738895,8643,12332,0.23155522346496582
32.60285187,85.19612885,3.060509682,8878,12475,0.2262589931488037
32.60055542,85.39830017,3.063008308,8979,12780,0.22831225395202637
32.60298538,85.60186005,3.062126637,8711,12740,0.23583149909973145
32.59889984,85.80160522,3.062411785,9912,13973,0.22437381744384766
32.59809875,86.0012207,3.062000275,9197,13609,0.22709012031555176
32.60002899,86.19774628,3.062252522,9252,13695,0.2280128002166748
32.60030365,86.39957428,3.061960697,9248,13403,0.2294909954071045
32.60071564,86.59938812,3.061139584,8902,12873,0.21918725967407227
32.59915161,86.79998016,3.062393188,8483,12133,0.23228716850280762
32.6004715,87.00254059,3.062493801,8036,11957,0.23023724555969238
32.60263824,87.20078278,3.062512875,8323,12278,0.22455549240112305
32.60174179,87.40200806,3.061420918,8881,13078,0.22690463066101074
32.60037231,87.59931946,3.061429501,9124,13845,0.22631502151489258
32.59748077,87.80067444,3.061432838,8424,13396,0.22535943984985352
32.59762573,88.00175476,3.062335014,9111,14706,0.22441387176513672
32.60267639,88.19950867,3.060745239,9956,16599,0.21990060806274414
32.59934998,88.39977264,3.060982704,8749,15878,0.22586965560913086
32.60060883,88.60006714,3.061409473,8011,15269,0.22991132736206055
32.60112762,88.79959869,3.062439919,6901,13426,0.22372221946716309
32.60224152,89.00253296,3.061387539,5646,11412,0.22436022758483887
32.80228424,84.02513885,3.063018799,7659,8819,0.22717690467834473
32.79904175,84.19655609,3.062741756,7775,9553,0.22453665733337402
32.80075073,84.3979187,3.061833858,8345,10267,0.22476553916931152
32.80316162,84.59998322,3.061468601,8630,10807,0.22543740272521973
32.79582977,84.79711151,3.062468529,8564,11389,0.22039580345153809
32.80004883,84.9992981,3.060747147,8522,12016,0.2298297882080078
32.80191803,85.19729614,3.062661648,8597,12236,0.22059392929077148
32.80143356,85.39927673,3.062661648,8852,12858,0.23714900016784668
32.80049896,85.59889221,3.062216282,9536,13855,0.22645950317382812
32.79821396,85.799263,3.062493801,10125,14596,0.23398518562316895
32.79789352,86.0002594,3.061786175,9538,13863,0.2348620891571045
32.80005646,86.19911194,3.062614918,9417,13455,0.23048138618469238
32.79994202,86.39873505,3.060320377,8953,13218,0.22076964378356934
32.80162811,86.59959412,3.061955452,8851,12836,0.22798490524291992
32.80068207,86.79774475,3.06180048,8466,12400,0.22693300247192383
32.79682159,87.00020599,3.060760021,8181,12101,0.22086167335510254
32.80044174,87.1986084,3.061487675,8185,12247,0.2255079746246338
32.80565643,87.40210724,3.061842918,8488,12659,0.22758984565734863
32.8015213,87.60255432,3.062863827,8952,12805,0.23316478729248047
32.79950333,87.79742432,3.060425758,9718,13751,0.22119951248168945
32.79856873,87.99971008,3.062427998,9157,14070,0.23633599281311035
32.79981232,88.19805908,3.062649727,8343,13764,0.23439931869506836
32.80106354,88.39894867,3.061503887,8823,13845,0.22680950164794922
32.80134964,88.60042572,3.060519218,8679,15354,0.23045563697814941
32.79803467,88.80207062,3.062245846,8043,15561,0.22639775276184082
32.79653168,89.00257111,3.061882496,7507,15548,0.22246694564819336
33.00196457,84.02656555,3.063541412,6764,8817,0.2279644012451172
33.00169373,84.19630432,3.062978745,7139,8872,0.2262401580810547
32.99927521,84.39700317,3.062392235,7492,9056,0.22903728485107422
32.99464798,84.5987854,3.061491013,8356,9543,0.2286670207977295
32.99958038,84.79698944,3.062817574,8005,10193,0.2208406925201416
33.00334167,84.9994812,3.061264992,8231,10714,0.23189640045166016
33.00226974,85.19917297,3.061285973,8522,11838,0.2291116714477539
32.99648285,85.3962326,3.06130743,8765,12335,0.2197723388671875
32.99938202,85.59915924,3.062497616,8868,12922,0.2292640209197998
33.00201416,85.79657745,3.061542511,9234,13584,0.2236161231994629
33.00234985,85.99972534,3.062342644,9189,13419,0.22799944877624512
32.99947357,86.20048523,3.061558723,8887,13297,0.22082877159118652
32.99920654,86.39910889,3.062367916,8887,13015,0.22822785377502441
32.99831772,86.59899139,3.061851978,8791,12828,0.22522950172424316
33.00164795,86.79971313,3.061946392,8745,12743,0.22528815269470215
33.00234222,86.99992371,3.062068462,8055,12159,0.22533631324768066
32.99852753,87.20355988,3.061086178,7963,12169,0.2315659523010254
32.9964447,87.39784241,3.062596321,8303,12058,0.22517895698547363
32.99942017,87.60050201,3.06177187,8619,12366,0.22960376739501953
32.99888992,87.80408478,3.06287384,9015,13164,0.23281168937683105
32.99866867,88.00335693,3.062595367,9302,12877,0.228729248046875
32.99685669,88.20212555,3.060647011,9436,13698,0.22620296478271484
33.00028229,88.39946747,3.062879086,8809,13227,0.22257328033447266
33.00190735,88.60289001,3.062445641,8120,12909,0.22998046875
33.00111008,88.80110168,3.061452389,8414,14490,0.2205648422241211
32.99425507,88.99947357,3.06297636,8761,15565,0.22863173484802246
33.20202637,84.03271484,3.063317776,5560,8019,0.22348976135253906
33.20205688,84.19559479,3.062384605,5942,8483,0.23112249374389648
33.20206451,84.39935303,3.062335491,7090,8959,0.22731971740722656
33.19706726,84.59727478,3.061090946,7550,9039,0.22256016731262207
33.19710922,84.79938507,3.061461926,7776,9072,0.23845410346984863
33.19982147,84.9994278,3.061785698,8115,9484,0.23294901847839355
33.20262527,85.19890594,3.062165737,8021,10154,0.2305905818939209
33.20193863,85.39801025,3.061547279,8313,11048,0.2309584617614746
33.20156097,85.59957886,3.060952187,8342,11801,0.2281336784362793
33.19977188,85.79947662,3.060238838,8443,12171,0.2235279083251953
33.19565201,86.00067902,3.062175274,8688,12740,0.22551727294921875
33.19941711,86.19864655,3.0620718,8546,12414,0.2304246425628662
33.20210266,86.40214539,3.062760353,8311,12355,0.21896934509277344
33.19915009,86.59932709,3.063849926,8437,12311,0.22347784042358398
33.20036697,86.79905701,3.061732769,8453,12348,0.23305988311767578
33.19743729,86.99993896,3.063971043,8395,12315,0.22592949867248535
33.2013588,87.19950104,3.060348034,8123,12237,0.22535371780395508
33.20018387,87.4006958,3.063319206,8501,12314,0.22311830520629883
33.20088196,87.59958649,3.061824799,8478,12512,0.22555112838745117
33.19781113,87.79995728,3.062806606,8673,12597,0.2275698184967041
33.20352173,87.99886322,3.06289959,8769,13094,0.21943330764770508
33.1973381,88.20171356,3.0620718,9532,13853,0.2261648178100586
33.19665527,88.40332031,3.062217236,9309,13020,0.2370929718017578
33.19843292,88.60071564,3.062160015,9127,13366,0.23378372192382812
33.19940948,88.79929352,3.061748981,7888,12702,0.22312498092651367
33.20188141,88.99933624,3.06292057,8038,13453,0.22783899307250977
33.39997101,84.04556274,3.063350677,4986,7591,0.22192692756652832
33.39713669,84.19628143,3.062168598,5230,7862,0.22681283950805664
33.40040588,84.39486694,3.06182766,5414,8018,0.22860264778137207
33.40052032,84.59733582,3.061179161,6440,8848,0.2296438217163086
33.40310669,84.7984314,3.062743187,6865,8925,0.22496581077575684
33.39847183,84.99758148,3.062455654,7250,8757,0.2205672264099121
33.40053558,85.20137787,3.062424183,7913,8922,0.22695207595825195
33.39864731,85.39906311,3.062396049,7977,9933,0.22486186027526855
33.40307999,85.59909821,3.060863972,8202,10279,0.2287757396697998
33.40034866,85.79660797,3.06084013,8313,11150,0.2275083065032959
33.40257263,85.99853516,3.061255455,8450,11924,0.22832250595092773
33.39901733,86.19998169,3.062617779,8399,11755,0.22456145286560059
33.40081787,86.39809418,3.061330795,8434,12285,0.2298414707183838
33.39983368,86.59984589,3.062101364,8351,12227,0.23320317268371582
33.39820862,86.80195618,3.062761784,7860,11751,0.23183321952819824
33.40182495,87.00021362,3.061605453,8099,11902,0.2306506633758545
33.39796829,87.2022171,3.061405659,8334,12233,0.22198271751403809
33.39945221,87.39845276,3.06227684,8371,12338,0.2288963794708252
33.39956665,87.60108948,3.062581539,8552,12543,0.2267167568206787
33.40201187,87.8006897,3.061245441,8735,12401,0.22901511192321777
33.39786148,88.00345612,3.061954975,8370,12411,0.22764301300048828
33.40022278,88.20017242,3.06167078,8784,12461,0.22499513626098633
33.40296555,88.39810944,3.062159061,8684,12904,0.22295427322387695
33.40146637,88.59941864,3.061784744,9160,12691,0.22553253173828125
33.39755249,88.80041504,3.061995029,9373,13079,0.22564005851745605
33.39980316,89.00209045,3.062150955,8624,13202,0.22618794441223145
33.60112762,84.04001617,3.061630249,4610,7311,0.2200641632080078
33.59912872,84.19572449,3.062737465,4495,7420,0.22941946983337402
33.59711838,84.39698792,3.061403751,4824,7757,0.22522759437561035
33.59645081,84.60112762,3.061870098,4968,7928,0.2267155647277832
33.60027313,84.79521179,3.061499596,5563,8511,0.2283153533935547
33.60144806,84.99607849,3.061685085,6527,8938,0.22680187225341797
33.60214996,85.19747925,3.062446117,8067,9140,0.22806143760681152
33.59763336,85.39868164,3.063154697,7890,8874,0.21984076499938965
33.59653473,85.59968567,3.06188488,8177,9599,0.2258002758026123
33.59962463,85.79947662,3.061974525,7999,10079,0.22544598579406738
33.60096741,85.99890137,3.062912464,8092,10771,0.22517037391662598
33.60297394,86.19965363,3.061264038,8005,11162,0.22827816009521484
33.59753418,86.39866638,3.062229156,8130,11835,0.22117900848388672
33.59980774,86.59954834,3.062021255,8333,11794,0.23700428009033203
33.60163879,86.80133057,3.061317444,7728,11924,0.22271466255187988
33.60073853,87.0006485,3.062541008,7673,11831,0.2272942066192627
33.59754562,87.19901276,3.062241077,8203,12177,0.22842907905578613
33.59818268,87.40005493,3.061855793,8408,12428,0.2284090518951416
33.60057831,87.60015869,3.062265873,8550,12764,0.22815871238708496
33.60046387,87.80122375,3.061638832,8941,12949,0.22135591506958008
33.59692383,87.99873352,3.062081337,9071,13141,0.22291278839111328
33.60113525,88.19976807,3.061160564,9147,13022,0.2277383804321289
33.60327148,88.40210724,3.061754227,8986,12976,0.2260127067565918
33.60058975,88.60029602,3.061726093,8794,12927,0.22985172271728516
33.60084152,88.80012512,3.061537266,9453,13728,0.22803020477294922
33.59751892,89.00217438,3.062508583,9480,13255,0.2342057228088379
33.8013916,84.0242157,3.061387062,4415,7558,0.23114347457885742
33.80175781,84.19568634,3.061049461,4561,7664,0.2366790771484375
33.80135345,84.39797974,3.061445236,4712,7635,0.22947978973388672
33.80267334,84.59825134,3.061098099,4746,7890,0.2269594669342041
33.80395508,84.79743195,3.061167717,5116,8046,0.22342920303344727
33.79905701,85.0005188,3.062918186,5458,8527,0.23585963249206543
33.79894257,85.20063782,3.063660622,6231,9058,0.22629761695861816
33.79896545,85.39955139,3.062172413,6935,9157,0.22070717811584473
33.7999382,85.59844971,3.061448574,7867,9073,0.22743463516235352
33.79975891,85.80110168,3.063437462,7569,9262,0.22359347343444824
33.80135345,85.99922943,3.061493874,7603,9747,0.22865939140319824
33.79911423,86.20059204,3.063396931,7862,10309,0.22240900993347168
33.79780579,86.40015411,3.062313557,7972,10747,0.23180437088012695
33.80063629,86.60170746,3.062642097,7977,11111,0.22231602668762207
33.80002594,86.79980469,3.062111378,7825,11303,0.22871923446655273
33.79888916,86.99753571,3.062044621,7847,11547,0.22604751586914062
33.79759979,87.20135498,3.062533379,8247,12254,0.22367620468139648
33.80345917,87.40074921,3.061583042,8475,12713,0.22371292114257812
33.79984665,87.60122681,3.061056137,9109,13379,0.2252976894378662
33.80260468,87.79859924,3.060822487,9362,13617,0.22910428047180176
33.79924011,88.00022125,3.062408924,9355,13492,0.2234025001525879
33.79705811,88.19966125,3.061526775,9445,13231,0.2225024700164795
33.79957581,88.40267944,3.062716961,9256,13531,0.2272493839263916
33.79981232,88.59988403,3.061929226,9214,13176,0.23584365844726562
33.80233765,88.79872131,3.060629368,9262,13292,0.23036718368530273
33.80526733,89.00030518,3.06254673,9398,13628,0.22241735458374023
34.00048065,84.0322876,3.062999725,4512,7873,0.2357800006866455
33.99719238,84.19635773,3.060973644,4580,7755,0.2274627685546875
33.9956131,84.39935303,3.062556267,4597,7687,0.23142218589782715
33.99985504,84.5975647,3.061059952,4677,7874,0.22537446022033691
34.00333786,84.79550171,3.06196785,4562,7807,0.21922516822814941
33.99967575,85.00013733,3.061308861,4762,7990,0.22713994979858398
34.00183105,85.19773102,3.061611652,5235,8230,0.22628259658813477
34.00254059,85.39530182,3.062055588,5562,8388,0.22368311882019043
34.00132751,85.59894562,3.061426163,6253,8803,0.22853398323059082
33.99866486,85.79811859,3.061254978,6577,8892,0.22229313850402832
34.00083923,85.99868774,3.061164856,7058,9031,0.22781014442443848
33.99984741,86.20129395,3.061305046,7630,9407,0.2309412956237793
33.99852753,86.39831543,3.062057018,7774,9774,0.2274765968322754
33.99610901,86.60075378,3.062131405,8035,10511,0.2288646697998047
33.99542999,86.80227661,3.062063217,8183,11250,0.22667813301086426
34.00005722,87.00112915,3.06172514,8471,11968,0.22942137718200684
34.00060272,87.19839478,3.062147617,8573,12552,0.22841429710388184
34.00059509,87.39966583,3.062373638,8897,13056,0.22716426849365234
33.99549103,87.60157013,3.061937809,9019,13051,0.2270674705505371
33.99746323,87.79756927,3.061727524,9411,13569,0.2290341854095459
34.00001526,88.00122833,3.062413692,9233,13141,0.22686362266540527
34.00251389,88.19917297,3.061649799,9142,13388,0.2258155345916748
34.00339508,88.39923096,3.062069893,9417,13246,0.22635817527770996
34.00245667,88.60123444,3.063677788,9238,13157,0.2304379940032959
33.99729156,88.80091858,3.062294006,9061,13090,0.22443413734436035
34.00122833,89.00003815,3.061388493,9187,13432,0.2261950969696045
34.19898224,84.02674103,3.063060284,4522,8013,0.22727012634277344
34.20100403,84.19566345,3.062232971,4493,7932,0.23231148719787598
34.20066071,84.39944458,3.061607361,4419,7804,0.22409605979919434
34.20128632,84.59960175,3.060878754,4600,7851,0.2284858226776123
34.20011902,84.79983521,3.062398911,4676,7913,0.23141741752624512
34.20069122,84.99487305,3.062901974,4695,7897,0.2191486358642578
34.19774628,85.1971283,3.060797215,4868,7873,0.22656941413879395
34.19971466,85.40151215,3.062146664,5047,8004,0.22592973709106445
34.19818115,85.59842682,3.061298847,5241,8298,0.22283220291137695
34.20281982,85.79885864,3.06132555,5753,8906,0.22652935981750488
34.19921112,85.99943542,3.062200546,6561,9149,0.22954344749450684
34.19948578,86.19958496,3.062507629,7423,9212,0.23152995109558105
34.20071411,86.4019165,3.062236786,7605,9461,0.22957658767700195
34.20039749,86.60324097,3.062322617,8115,9844,0.22750353813171387
34.20281219,86.80018616,3.060627937,8204,10354,0.22724342346191406
34.19725037,86.99960327,3.061924934,8315,11011,0.2252521514892578
34.20182037,87.20066833,3.060400963,8849,12332,0.23482823371887207
34.20094299,87.40084839,3.061451912,9322,12990,0.2248244285583496
34.20315552,87.59902191,3.060753345,9466,13358,0.22113728523254395
34.1995697,87.79951477,3.062031746,9688,14243,0.22339177131652832
34.19871521,87.99967194,3.061953068,9673,14040,0.22686147689819336
34.20018387,88.20134735,3.062412262,9479,13831,0.2256944179534912
34.20129395,88.40026855,3.062001705,10009,14297,0.22414684295654297
34.20205688,88.600914,3.061393738,9987,13895,0.22698545455932617
34.20024109,88.80191803,3.061097145,9602,13674,0.23126864433288574
34.20001221,89.00378418,3.0612216,9619,13975,0.22466444969177246
34.40026093,84.02503204,3.062549591,4801,8396,0.22658252716064453
34.40319824,84.19506836,3.061679363,4621,8288,0.22009730339050293
34.40035248,84.3946991,3.061592102,4682,8071,0.2264089584350586
34.39959717,84.59950256,3.061655521,4590,8127,0.2231428623199463
34.40065002,84.79823303,3.061665058,4523,8025,0.2275540828704834
34.39872742,85.00074005,3.061384678,4582,7905,0.23256373405456543
34.39937592,85.19875336,3.061931133,4611,8015,0.22810602188110352
34.40073395,85.3976593,3.062255383,4732,7792,0.22229814529418945
34.39860153,85.59871674,3.062125206,4872,8104,0.2269287109375
34.39923096,85.79977417,3.061908722,5117,8407,0.2310318946838379
34.40040588,85.99885559,3.063821793,5422,8332,0.2246992588043213
34.40337372,86.19720459,3.061543941,6095,8934,0.22571492195129395
34.40107727,86.40032959,3.062280655,6911,9090,0.22858119010925293
34.3996582,86.60025024,3.062263489,7330,9189,0.23427033424377441
34.39880371,86.8006134,3.061923981,7141,9310,0.22250676155090332
34.40103912,86.99681091,3.061792374,7817,9930,0.22202539443969727
34.39792633,87.20111847,3.061766624,8476,11198,0.22757673263549805
34.39802933,87.40048218,3.062630177,8976,11861,0.22879743576049805
34.40319824,87.60050964,3.062448502,9336,12709,0.22156286239624023
34.39874268,87.80114746,3.062535286,9402,13010,0.22849321365356445
34.3997879,88.00213623,3.063072205,9477,13668,0.23754048347473145
34.39957047,88.20179749,3.061663151,9150,13252,0.22308707237243652
34.3973999,88.40219116,3.06123209,9768,14014,0.22844767570495605
34.40184021,88.60147095,3.06043005,9768,14084,0.22206425666809082
34.40105438,88.80150604,3.062749863,9812,13968,0.23306965827941895
34.40073395,89.00147247,3.062758923,9846,13886,0.2278273105621338
34.6024704,84.02511597,3.061608791,4883,9215,0.23409557342529297
34.60128403,84.1979599,3.06321907,4870,8721,0.23461437225341797
34.59876251,84.39692688,3.061672211,4695,8339,0.22888398170471191
34.60060501,84.59768677,3.063160419,4640,8293,0.22588181495666504
34.59957123,84.79810333,3.061611176,4658,8201,0.2250833511352539
34.60045624,84.99710083,3.062573433,4487,8029,0.22388768196105957
34.60160446,85.19784546,3.061371326,4601,7995,0.22606825828552246
34.60281372,85.39823914,3.061805725,4614,7835,0.2293682098388672
34.59903336,85.59863281,3.062179565,4670,7924,0.22136712074279785
34.60051727,85.79556274,3.060295582,4782,8021,0.23353958129882812
34.60064697,85.99996948,3.061998844,4953,7927,0.2272629737854004
34.60007858,86.19770813,3.062651157,5114,8193,0.22949695587158203
34.60153198,86.39816284,3.06125021,5442,8379,0.2314598560333252
34.59701538,86.60374451,3.062225819,5841,8983,0.22147464752197266
34.59983063,86.79794312,3.061743736,6824,9259,0.22530388832092285
34.60164642,87.00010681,3.061454773,7990,9616,0.23155498504638672
34.60189056,87.19860077,3.060816765,8155,10021,0.22348546981811523
34.60055923,87.40027618,3.061488628,8570,10885,0.2278287410736084
34.60108185,87.603302,3.06218195,8793,11592,0.2251574993133545
34.59909821,87.80167389,3.063529968,9016,12078,0.23310303688049316
34.59907913,88.00013733,3.062263966,9469,13158,0.23389863967895508
34.60073853,88.19924164,3.061274052,9318,13436,0.22853398323059082
34.60456085,88.39787292,3.061169147,9685,13842,0.22846031188964844
34.60241318,88.5993042,3.061628819,9845,14239,0.22341489791870117
34.59962463,88.79993439,3.06196928,9923,14173,0.22670698165893555
34.60090637,89.00094604,3.062625408,9976,13921,0.235443115234375
34.80097198,84.02348328,3.062835217,5687,10985,0.2230696678161621
34.79987335,84.19470215,3.062537193,5118,9832,0.21973323822021484
34.79896164,84.39694977,3.061766624,4937,9240,0.2268543243408203
34.79842377,84.6000824,3.061634064,4846,8827,0.23726630210876465
34.79971313,84.79936218,3.060939789,4690,8349,0.22404718399047852
34.80045319,84.99897003,3.062054634,4539,8120,0.22678065299987793
34.80322266,85.19727325,3.061667919,4483,8086,0.22920799255371094
34.8032608,85.39851379,3.062019825,4504,7962,0.2196052074432373
34.7962532,85.60061646,3.062126637,4450,7854,0.22044754028320312
34.79835892,85.79836273,3.061909199,4548,7727,0.2219696044921875
34.80515289,85.99926758,3.060717106,4802,7708,0.22174882888793945
34.79875946,86.20055389,3.063488483,4659,7649,0.2269446849822998
34.80063629,86.40013123,3.062292099,4918,8014,0.22759318351745605
34.80171967,86.59832001,3.061815739,5185,8053,0.22823667526245117
34.80134583,86.80129242,3.061506748,5701,8609,0.22764182090759277
34.79798126,86.9998703,3.06241703,6791,9168,0.2331531047821045
34.79959869,87.2009964,3.061300755,7990,9391,0.2290205955505371
34.79639053,87.39997101,3.061666489,7812,9768,0.22723960876464844
34.79856873,87.59959412,3.061682701,8040,10245,0.22716808319091797
34.80147171,87.80131531,3.062311649,8599,10870,0.22664260864257812
34.80207825,88.00167084,3.06064415,9030,11586,0.22069835662841797
34.79712677,88.20023346,3.061393261,9434,12660,0.22451114654541016
34.79938889,88.40194702,3.061645985,9296,13156,0.2270801067352295
34.80102158,88.60280609,3.062412262,9428,13385,0.23440790176391602
34.79977417,88.80121613,3.062336922,9739,13992,0.22224879264831543
34.80027008,89.00167847,3.060993671,9865,14017,0.2375962734222412
35.00062561,84.02220917,3.060581207,7215,13736,0.22371912002563477
34.99613571,84.19728088,3.062728882,6447,12271,0.23018908500671387
35.00076294,84.39538574,3.062408447,5717,10994,0.22907137870788574
35.00150299,84.59925842,3.063224316,5150,9932,0.22333860397338867
35.0019989,84.796875,3.061415672,5026,9028,0.22854113578796387
35.00169754,85.00080872,3.062090397,4831,8618,0.23257017135620117
34.99875259,85.19702148,3.061925888,4447,8211,0.2282254695892334
34.99893951,85.39712524,3.061451912,4527,8254,0.23818087577819824
34.99894714,85.59973907,3.062029839,4463,8049,0.2322225570678711
34.99991226,85.7979126,3.061872959,4563,8085,0.22713041305541992
35.00120163,85.99754333,3.061997414,4546,7676,0.22887849807739258
35.00106812,86.19986725,3.061322689,4574,7777,0.22243666648864746
34.99814224,86.39992523,3.062260151,4645,7805,0.23113465309143066
34.99983597,86.60061646,3.062184334,4878,7787,0.23029470443725586
35.00062561,86.79924774,3.062430859,4914,7920,0.2376704216003418
35.00032425,87.00144196,3.062670231,5465,8161,0.22916412353515625
35.00211334,87.19980621,3.062046051,5946,8638,0.22200989723205566
34.99971008,87.39914703,3.061753273,7014,9091,0.23322010040283203
34.996315,87.60035706,3.062708855,7590,9454,0.22575688362121582
34.99928665,87.80455017,3.062256813,8176,9861,0.2298903465270996
35.00273132,87.99864197,3.061224937,8418,10241,0.2283470630645752
35.0030365,88.19898987,3.061943531,8736,11061,0.23211932182312012
35.00235748,88.40083313,3.063380718,8830,11379,0.23069262504577637
35.00004196,88.598526,3.061542034,9280,12586,0.22632122039794922
34.99889755,88.80451202,3.063759804,9448,13037,0.22285008430480957
35.00025558,89.00214386,3.06081152,9356,13635,0.2353663444519043
