27.00101471,82.99961853,4.00041914,3710,5557,0.22765779495239258
26.99794006,83.64692688,4.00017643,3615,5657,0.2266404628753662
26.9974823,84.2993927,4.000257492,3835,5666,0.22648072242736816
26.99961853,84.94759369,3.998995781,4450,5749,0.2276296615600586
27.00497055,85.59738922,4.000578403,6918,5993,0.22830891609191895
27.00104523,86.25162506,4.000995636,6905,6328,0.22857403755187988
26.99802399,86.90261078,4.000463486,6254,6473,0.22608137130737305
26.99653625,87.55467224,3.999796391,5890,7579,0.22791290283203125
26.99932098,88.20405579,4.000294209,6262,8872,0.22803902626037598
27.00161362,88.85662079,3.999757767,5228,9018,0.2290048599243164
27.00277328,89.50584412,4.000474453,4377,7505,0.2276158332824707
27.00086594,90.15438843,3.999103069,3886,6336,0.2277991771697998
26.9968605,90.80806732,4.00032711,3860,5906,0.22823333740234375
26.99866486,91.45877838,3.999307156,3715,5901,0.22845792770385742
26.99906921,92.10826111,4.00145483,3671,5683,0.22935986518859863
27.00323868,92.7588501,3.999132633,3595,5658,0.22740960121154785
27.00274658,93.40907288,4.000515938,3525,5602,0.22919631004333496
27.00046158,94.05924225,3.99981308,3515,5625,0.22964787483215332
26.99487686,94.71159363,4.000307083,3517,5703,0.2295060157775879
26.99621964,95.36039734,4.000049591,3462,5616,0.22870469093322754
27.00070572,96.01202393,4.000038147,3580,5567,0.2270195484161377
27.65332794,83.01031494,4.000132561,3609,5399,0.22809743881225586
27.65263367,83.64134216,3.999121666,3729,5428,0.22742128372192383
27.64687729,84.2963562,3.999863148,3809,5616,0.22752714157104492
27.64585495,84.94691467,3.999618053,4886,5724,0.22765874862670898
27.65100098,85.5997467,4.000867844,6585,6090,0.22753405570983887
27.65406036,86.25042725,3.999984264,7618,6761,0.2273423671722412
27.65423203,86.90090179,3.999617577,7890,7685,0.22844433784484863
27.65018082,87.55059052,3.999767303,6902,7520,0.2267475128173828
27.6456871,88.20330811,3.999854088,6044,6977,0.22701001167297363
27.64813995,88.85713196,4.00042057,5990,7403,0.22725391387939453
27.64828873,89.50541687,4.000414371,6511,9892,0.22779417037963867
27.65339661,90.15679169,3.99938345,4947,8664,0.22823214530944824
27.6528511,90.80465698,4.000534534,4126,7039,0.2277202606201172
27.64850616,91.45663452,4.000106335,3806,6299,0.22937870025634766
27.64445877,92.109375,3.999126434,3700,5967,0.2272472381591797
27.64801407,92.75823975,4.000118256,3730,5880,0.22650647163391113
27.64997864,93.40874481,4.000887394,3630,5749,0.22797393798828125
27.65228271,94.06011963,3.999828815,3532,5739,0.22763633728027344
27.65142822,94.70941162,3.999340534,3485,5641,0.2258455753326416
27.64992905,95.35958862,3.999463081,3519,5616,0.22664856910705566
27.64787292,96.01130676,3.999705791,3513,5637,0.2272357940673828
28.30356216,83.00927734,4.000085354,3670,5442,0.22689437866210938
28.30321884,83.64291382,4.000188351,3893,5584,0.2286851406097412
28.29991913,84.29646301,3.999973774,4133,5704,0.2266521453857422
28.2960434,84.94644165,4.000439167,4876,5879,0.22766423225402832
28.29913712,85.59823608,4.000160217,6368,6168,0.22690343856811523
28.30383301,86.24958801,4.002114773,8223,8310,0.22801518440246582
28.30245209,86.90454102,3.999428749,9351,8462,0.22632813453674316
28.30175018,87.55108643,4.000423431,8253,8168,0.22733736038208008
28.29621506,88.20210266,4.000109196,7171,7673,0.22914958000183105
28.29682541,88.85436249,3.999647617,6176,7633,0.22900772094726562
28.29884338,89.50449371,3.999643803,6024,7558,0.2274632453918457
28.29841995,90.15533447,4.000864029,6055,7836,0.2287752628326416
28.30262756,90.80429077,3.999731541,5903,10222,0.2313234806060791
28.30081177,91.4536438,4.000608444,4802,8269,0.22782111167907715
28.30169678,92.10864258,3.999905586,4066,6796,0.23052644729614258
28.29797363,92.75940704,3.999283314,3886,6296,0.2283802032470703
28.29844666,93.41053772,3.999978065,3830,5967,0.22940874099731445
28.30082321,94.05831909,3.999405861,3735,5807,0.22795319557189941
28.30176544,94.70732117,4.000679016,3697,5979,0.2293398380279541
28.30363464,95.3583374,4.000580311,3580,5695,0.2296748161315918
28.30086136,96.0098877,3.999795437,3582,5648,0.22780466079711914
28.94848633,83.00655365,4.000749588,3864,5769,0.23021841049194336
28.95165253,83.64505005,3.999459267,4035,5855,0.22777199745178223
28.95068359,84.29546356,4.000535965,4458,5824,0.22772717475891113
28.94935989,84.94708252,4.000188828,4880,6278,0.2293686866760254
28.95022202,85.59862518,3.999012947,7288,6749,0.22818446159362793
28.95166779,86.24941254,3.999000072,9330,7964,0.22991299629211426
28.94979858,86.90046692,3.999361038,9366,8218,0.22932863235473633
28.94762039,87.55249023,3.999994755,9072,8406,0.22913908958435059
28.94878006,88.20281219,3.999929905,8795,8661,0.22970056533813477
28.95016861,88.85487366,3.99909544,8165,8073,0.22769999504089355
28.95215607,89.50764465,3.999314308,7155,7959,0.22832179069519043
28.95002747,90.15814209,4.000026703,6530,7560,0.22854900360107422
28.94930649,90.80860901,3.999850273,5901,8015,0.2298603057861328
28.94943237,91.45874023,3.999807835,6140,9177,0.22879266738891602
28.949646,92.10865784,3.999430656,5557,9701,0.22933006286621094
28.94932938,92.75790405,3.998949528,4515,7648,0.22915983200073242
28.95141983,93.40733337,3.999658585,4047,6502,0.22835850715637207
28.95214844,94.06001282,3.999778748,3818,6147,0.22798657417297363
28.94882202,94.70843506,3.999229908,3731,5857,0.22901463508605957
28.94765854,95.36120605,4.000522614,3634,5992,0.22885870933532715
28.94958115,96.01055908,3.999797821,3461,5789,0.22807025909423828
29.60305405,83.00645447,4.000736237,4021,5626,0.23094534873962402
29.60214996,83.64376068,4.000171661,4511,5829,0.22889256477355957
29.59783554,84.29482269,4.000273705,5184,6214,0.2279052734375
29.59819031,84.94584656,4.000616074,5137,7140,0.22817397117614746
29.59938431,85.59975433,4.000183105,5912,7541,0.2278456687927246
29.5999794,86.25039673,4.000473976,6909,7764,0.22847533226013184
29.59663391,86.90100098,3.999022007,8417,7901,0.22941112518310547
29.59717941,87.55221558,3.999603271,9022,8177,0.22852754592895508
29.59880447,88.20417786,4.000404835,8990,8321,0.22872138023376465
29.59901047,88.85572052,4.001010418,9237,8965,0.2297837734222412
29.6018219,89.50494385,4.000186443,8726,8591,0.22742223739624023
29.60188675,90.15621948,4.00112009,7833,7800,0.22815561294555664
29.60210037,90.80581665,3.999522686,6560,7895,0.22821617126464844
29.5983963,91.45864868,3.999337673,6192,7513,0.22800540924072266
29.59998322,92.10967255,3.999686241,6184,7966,0.22954964637756348
29.59751511,92.75709534,4.000488281,6619,9362,0.22854018211364746
29.60089111,93.40605164,4.000014782,5137,9186,0.22878623008728027
29.60363388,94.05686951,3.999919415,4483,7321,0.2283778190612793
29.59984589,94.7086792,4.000008106,4114,6439,0.22632408142089844
29.59762573,95.35830688,3.999409676,3701,6039,0.22948765754699707
29.59742355,96.00788116,3.999402046,3648,5723,0.22929692268371582
30.25083351,83.0099411,4.00071907,4564,5724,0.22808504104614258
30.25410843,83.64611053,3.999825954,6613,6301,0.22881722450256348
30.25333405,84.29556274,3.999901295,6375,6447,0.22758269309997559
30.25186348,84.9457016,3.999783516,5972,7892,0.22769904136657715
30.24756432,85.59608459,4.001556873,6353,10810,0.22983551025390625
30.25010681,86.24919128,3.999745846,5673,8567,0.2275407314300537
30.25199509,86.90328217,3.999155521,6027,7714,0.23046350479125977
30.25111771,87.55296326,4.001024723,7558,7742,0.22774267196655273
30.24933243,88.20344543,4.000325203,8473,8248,0.22942829132080078
30.24869728,88.8561554,4.001390934,8869,8051,0.22951030731201172
30.24894714,89.50553131,3.999858856,8975,8306,0.22844147682189941
30.25001907,90.15583801,4.000106812,9179,8668,0.228804349899292
30.25124741,90.8046875,3.999567986,8348,8585,0.22857213020324707
30.25138664,91.45815277,3.999339581,7859,8087,0.22958779335021973
30.25043106,92.11068726,4.000751495,6608,7820,0.22760486602783203
30.24889946,92.75744629,3.999711514,5862,7721,0.22911596298217773
30.24630356,93.41140747,3.9996171,6026,8139,0.22960782051086426
30.24897957,94.0602951,4.000198841,6014,10702,0.2283620834350586
30.24800873,94.70968628,4.000740528,4958,8641,0.2283327579498291
30.25182343,95.36160278,4.000274181,4198,6797,0.2275850772857666
30.25181961,96.00888062,3.99896574,3733,6043,0.2288827896118164
30.90261269,83.01212311,4.000574112,5572,6004,0.22884869575500488
30.90148163,83.64562988,3.999176025,7020,6278,0.22926545143127441
30.897995,84.29832458,4.000097752,7141,6837,0.22861528396606445
30.90119171,84.94927979,4.00092411,6861,7573,0.22798442840576172
30.90598488,85.5990448,4.000373363,6779,8270,0.2280118465423584
30.89990425,86.24933624,3.999795437,7034,10119,0.22899794578552246
30.89635849,86.90141296,3.999626637,6344,10451,0.22856378555297852
30.8973999,87.55244446,3.99939394,5796,8262,0.22782444953918457
30.90265465,88.20353699,3.999510765,6322,7452,0.22669100761413574
30.90164185,88.85536194,4.000370026,7469,7789,0.2271878719329834
30.89838791,89.50507355,4.000107765,8721,8473,0.2272028923034668
30.8991375,90.15333557,4.001156807,8940,8240,0.23081135749816895
30.89837456,90.80429077,3.999908447,9100,8556,0.22936511039733887
30.90125465,91.45727539,3.999801636,8595,8745,0.22902607917785645
30.90192986,92.10649109,3.999972343,8267,8412,0.22751569747924805
30.89814949,92.76041412,4.000248432,7326,7902,0.2280726432800293
30.89749336,93.40996552,4.000064373,6207,7186,0.22888803482055664
30.89779472,94.06008148,4.001497746,6264,8010,0.2280254364013672
30.89974594,94.71009064,4.00181818,6421,9539,0.2283158302307129
30.90206146,95.35954285,4.000109196,5491,8929,0.22889471054077148
30.90506744,96.00804138,4.000742912,4233,6907,0.22955894470214844
31.55611229,83.01139069,4.000825882,5886,6059,0.22956418991088867
31.5501442,83.64231873,3.999665737,7443,6490,0.22943925857543945
31.54798889,84.29577637,3.998898506,8559,7888,0.22798776626586914
31.54315948,84.94839478,3.99905777,7936,8014,0.22843122482299805
31.54759979,85.599617,3.999648571,7086,7946,0.22953104972839355
31.55376053,86.24964905,4.000371933,6779,8220,0.22882866859436035
31.5523262,86.90032196,4.000518322,6709,8506,0.22888994216918945
31.55077362,87.55324554,3.999741077,7362,10794,0.2296748161315918
31.54700279,88.20558167,3.99956274,5935,9951,0.23055243492126465
31.54730797,88.85447693,4.000155449,5769,8018,0.22820067405700684
31.55416298,89.50152588,3.999691963,6655,7711,0.22861671447753906
31.55472755,90.15512085,4.000306129,7846,8121,0.2276320457458496
31.55077553,90.80395508,4.000627518,9059,8021,0.2273695468902588
31.54694176,91.45642853,3.999285221,8973,8414,0.22969746589660645
31.54799652,92.1068573,3.999958515,9307,8839,0.22859835624694824
31.55039215,92.7564621,3.998894215,8796,8333,0.22877144813537598
31.55156708,93.40910339,3.999775887,8001,8053,0.2288804054260254
31.55308151,94.05778503,3.999994278,6904,8258,0.2277987003326416
31.54936028,94.71044922,4.000855446,6355,7496,0.22923803329467773
31.54901505,95.3600769,4.000637531,5988,7078,0.22809100151062012
31.54760551,96.00878906,4.001406193,5121,7138,0.2317490577697754
32.19862366,83.00985718,4.001324177,5487,6066,0.2294025421142578
32.20155334,83.64398193,4.000223637,6887,6916,0.22878003120422363
32.20333099,84.29537201,4.000349998,8752,7668,0.22974896430969238
32.20415497,84.94576263,3.999585152,8539,7977,0.22797870635986328
32.20185089,85.59742737,3.999606133,8004,7937,0.22960114479064941
32.19870758,86.25036621,3.999043941,7483,8138,0.22874784469604492
32.19760895,86.9021225,3.998813629,6839,7871,0.2290961742401123
32.19897079,87.55308533,3.999773026,6298,8339,0.2274315357208252
32.20263672,88.20388794,4.000565529,6704,8824,0.22864103317260742
32.20100403,88.85368347,4.000602722,6860,11280,0.22832369804382324
32.19988251,89.50366974,4.000069618,5721,9129,0.22871756553649902
32.19823074,90.15626526,3.998385429,6001,7864,0.22829103469848633
32.20161438,90.80789948,4.001307487,7610,7669,0.22907781600952148
32.20333862,91.45727539,4.001072407,8271,8451,0.23006296157836914
32.20057678,92.10726166,4.000715733,9098,7955,0.22602033615112305
32.1978302,92.75862122,3.999479771,8849,8524,0.23027968406677246
32.19827271,93.40774536,3.999876022,8771,8681,0.22911596298217773
32.20325089,94.0586853,3.998338699,8313,8360,0.22834348678588867
32.20077515,94.71102142,3.999642849,7219,7728,0.2292468547821045
32.2003479,95.360672,4.000010014,5816,7561,0.23053193092346191
32.19983673,96.00945282,3.999814034,4983,7176,0.22802138328552246
32.85405731,83.00762177,4.001217842,5283,6313,0.2282114028930664
32.8503952,83.64056396,3.999684811,7209,6884,0.22858023643493652
32.84896851,84.29573059,3.999341965,8273,7667,0.22919607162475586
32.84857941,84.94734192,4.001323223,7910,7653,0.22806358337402344
32.85115814,85.596138,4.000932217,8241,8693,0.22737812995910645
32.8543396,86.24922943,4.000433922,8544,8582,0.22893548011779785
32.85396576,86.90158081,3.998748779,7777,7970,0.22834563255310059
32.84955978,87.55307007,3.999909401,7252,8300,0.228989839553833
32.84821701,88.201828,4.000203609,7418,7907,0.23033380508422852
32.84888458,88.85517883,3.999916077,6727,8412,0.22844552993774414
32.85134506,89.50584412,3.999265671,7056,10470,0.22873806953430176
32.85368347,90.15545654,4.000039101,6539,10393,0.22820734977722168
32.85100555,90.80760193,3.999861717,5857,8484,0.22920751571655273
32.8494606,91.45740509,3.9991889,6291,7792,0.22876453399658203
32.84671783,92.10932922,4.000299454,7466,8016,0.22921967506408691
32.85156631,92.76132965,4.000039101,8686,8293,0.23041653633117676
32.85438538,93.40959167,3.999835968,8650,7830,0.2288227081298828
32.85298157,94.05877686,4.000919342,8769,8014,0.22890138626098633
32.85069275,94.70835876,3.999136448,8233,7611,0.22768926620483398
32.84909821,95.36010742,3.999759197,7108,7142,0.22866606712341309
32.84974289,96.0094986,3.999464035,5237,7817,0.22885489463806152
33.50198364,83.01049805,4.000360489,4888,6824,0.22842073440551758
33.50201035,83.64408875,3.999774456,5219,6969,0.22833037376403809
33.50506592,84.29367065,3.999496937,6378,7332,0.22884178161621094
33.50242615,84.94499207,3.999978542,7270,7302,0.22792553901672363
33.49739838,85.59779358,4.000513554,8166,7603,0.2289586067199707
33.49817657,86.25218964,3.999661446,8271,7504,0.22900891304016113
33.50160599,86.90260315,4.000259876,8015,8159,0.2285623550415039
33.50310135,87.55245209,4.001132965,8035,8388,0.22811412811279297
33.50174713,88.20493317,3.999302864,8061,8182,0.22902870178222656
33.4957695,88.85509491,3.999197483,7189,8320,0.2265326976776123
33.50037003,89.50514221,3.999567986,6920,8083,0.22798466682434082
33.50115967,90.15782166,4.00007391,6619,8466,0.23024606704711914
33.50246048,90.80661011,4.000600338,6899,10544,0.22956180572509766
33.501091,91.45622253,3.999731541,5818,9580,0.22996163368225098
33.49706268,92.10852814,4.000378132,5810,8192,0.22793102264404297
33.4982872,92.7583847,4.000253201,6874,8004,0.2291576862335205
33.49861908,93.40988922,4.001948357,7822,7645,0.22927594184875488
33.50119781,94.05861664,3.999381542,8295,7374,0.2286827564239502
33.50316238,94.7091217,3.99998951,7446,6904,0.23056912422180176
33.50217438,95.35916138,3.999932289,6220,7104,0.22858595848083496
33.50248718,96.00738525,3.99896431,4945,6811,0.22872543334960938
34.15587997,83.00627136,4.000316143,5188,7303,0.22957634925842285
34.15126801,83.64393616,4.000007629,5494,8589,0.23055410385131836
34.15301895,84.29493713,4.000321388,5569,8019,0.22962379455566406
34.15428162,84.95070648,4.000906944,5704,7726,0.22817468643188477
34.15330124,85.59790039,3.999283314,7061,7428,0.22796368598937988
34.1505127,86.24987793,3.99964571,7584,7648,0.22942233085632324
34.14757538,86.89933777,3.99938345,7621,7323,0.23001933097839355
34.1509552,87.54970551,4.000653744,8105,8129,0.2291419506072998
34.15148163,88.20320129,3.999704361,8759,8768,0.2277684211730957
34.14962769,88.85529327,3.999137878,8735,8845,0.2274491786956787
34.14900208,89.50587463,4.000144482,8041,8345,0.22911286354064941
34.15145874,90.1546402,3.999897957,7093,8292,0.2290656566619873
34.15248108,90.80644226,3.999389172,6760,8145,0.22843146324157715
34.14987946,91.45679474,4.000101566,6451,8685,0.22803068161010742
34.15048218,92.10662842,3.999270439,6770,11132,0.23010563850402832
34.14888,92.75762939,3.999293804,5945,8974,0.22701668739318848
34.15145493,93.40666962,3.999844551,5640,7363,0.23044896125793457
34.14923859,94.0584259,4.000017166,7076,7163,0.22998595237731934
34.15248108,94.71102142,4.001013279,6930,7124,0.22920918464660645
34.15112305,95.36003113,3.99987936,5051,7171,0.22873735427856445
34.15325928,96.00730896,4.000313759,4321,6180,0.2285170555114746
34.80590057,83.00800323,4.000119686,5792,6645,0.2292191982269287
34.80011749,83.6443634,3.999539852,5639,7534,0.2279677391052246
34.7983551,84.29393005,4.00057745,6574,10002,0.22837328910827637
34.79889679,84.94908905,3.999615669,5881,10041,0.23056626319885254
34.79758453,85.59862518,3.999611855,5559,7807,0.22796201705932617
34.80064011,86.25041962,3.99992609,6225,7345,0.2299787998199463
34.80219269,86.90303802,4.000159264,6906,7609,0.22898244857788086
34.80512238,87.55126953,4.000741482,8590,8220,0.23029446601867676
34.80299377,88.20341492,3.99983263,8721,7991,0.22916388511657715
34.80026245,88.85520172,3.998923302,9399,8894,0.22836089134216309
34.79944229,89.50152588,4.000871181,8768,8988,0.2283797264099121
34.80146027,90.15620422,4.000308514,8626,8406,0.22818565368652344
34.80319977,90.80857849,4.000336647,7795,8284,0.22919154167175293
34.80006409,91.45937347,4.000621319,6969,7917,0.22819256782531738
34.799263,92.1078949,4.001181602,6555,8404,0.2274186611175537
34.80128098,92.75839996,3.999602318,6860,9097,0.22898602485656738
34.80260849,93.40927124,4.000051975,5796,8346,0.22852301597595215
34.80293655,94.05848694,3.99894762,4938,6729,0.2279212474822998
34.8026619,94.70892334,3.999941826,4682,6512,0.2286510467529297
34.7988739,95.36175537,4.000301361,4306,6234,0.23181772232055664
34.80064392,96.01029968,3.999727249,3817,5889,0.2265489101409912
35.4540062,83.00801849,4.002473354,6314,7304,0.22960162162780762
35.45457458,83.64265442,3.999751091,6291,7336,0.2295236587524414
35.45343018,84.29488373,3.999522686,6218,7833,0.22912144660949707
35.45165634,84.94944763,4.001324177,6173,7843,0.22901034355163574
35.44844055,85.59842682,4.000256062,6735,10219,0.22820758819580078
35.44926453,86.2510376,3.998657703,5364,8479,0.22915053367614746
35.45025635,86.9012146,4.000178814,5750,7553,0.2284870147705078
35.45128632,87.551651,4.000427723,6901,7771,0.22930598258972168
35.45501709,88.20213318,4.00015831,7933,8133,0.22769498825073242
35.45365524,88.85510254,4.0006423,8779,8037,0.22788214683532715
35.44992065,89.50559998,4.000256062,8912,8339,0.2282552719116211
35.44962311,90.15756226,3.999547482,9275,8764,0.22717714309692383
35.45103455,90.80667114,4.000204086,8800,8829,0.22896337509155273
35.45014191,91.45687103,3.999051094,8207,8298,0.2295989990234375
35.44892883,92.10680389,4.000043869,7254,8431,0.22812247276306152
35.44837952,92.75754547,4.000990391,6435,7618,0.2294926643371582
35.45084763,93.40906525,4.00085783,5867,7405,0.22791433334350586
35.4509201,94.05955505,4.000677586,5153,6882,0.2293238639831543
35.45063019,94.70872498,4.000002861,4142,6098,0.2289719581604004
35.4503746,95.36180115,3.999631882,3742,5836,0.23188209533691406
35.45118713,96.01264954,3.999879837,3750,5722,0.22969865798950195
36.10350037,83.00766754,3.999965191,7216,7366,0.22858142852783203
36.09832764,83.64194489,4.000265598,7326,7372,0.22983241081237793
36.10105896,84.29571533,3.998839378,7014,7692,0.22861671447753906
36.10029602,84.94639587,3.999818325,6809,7568,0.22900700569152832
36.10282135,85.59963226,4.000195503,6171,7742,0.23049044609069824
36.10439682,86.25070953,3.998927593,6213,8603,0.2308363914489746
36.10188293,86.90184784,3.999579906,6275,10363,0.22880911827087402
36.0993042,87.55277252,4.000075817,5510,8270,0.22775578498840332
36.09713364,88.20091248,3.999000072,5731,7478,0.22879457473754883
36.09818268,88.85398865,3.999179363,6992,7771,0.2289423942565918
36.09906769,89.50642395,3.999337196,8551,8282,0.2278001308441162
36.09924316,90.15586853,4.000415802,8670,7960,0.22860288619995117
36.10098267,90.80408478,3.999940872,8969,8252,0.23198485374450684
36.10053253,91.45393372,4.000513077,9062,8583,0.22792911529541016
36.10076141,92.10556793,3.999711037,8266,8380,0.22876882553100586
36.09925079,92.7568512,3.999553204,7467,7949,0.22827458381652832
36.10007095,93.40882874,4.000733376,5629,7236,0.22927260398864746
36.10385895,94.05859375,3.999760151,4768,7077,0.22818827629089355
36.10178375,94.70812988,4.00100565,3852,6188,0.22871017456054688
36.1013031,95.35759735,3.998998642,3735,5593,0.23017001152038574
36.09921646,96.00996399,3.99943924,3609,5539,0.22986531257629395
36.7514534,83.00605774,4.001187801,6702,6921,0.22885608673095703
36.75276947,83.64268494,3.99898386,7784,7812,0.23004603385925293
36.75295258,84.29493713,3.999695778,8367,8564,0.22775483131408691
36.75170135,84.94858551,3.99996376,8199,8196,0.22923636436462402
36.74538803,85.59998322,4.000732899,7145,7800,0.228118896484375
36.74777222,86.25089264,4.000190258,6354,7416,0.2289574146270752
36.74933624,86.9019928,3.999908924,6376,8319,0.230072021484375
36.75205231,87.5524292,3.999386787,6858,9443,0.22894978523254395
36.75376892,88.20219421,3.999992371,5934,9672,0.22909092903137207
36.75276947,88.85621643,3.999950409,5641,8060,0.22771191596984863
36.74967957,89.50710297,4.000238895,6595,7725,0.2290651798248291
36.74671173,90.1555481,3.999590397,7868,7823,0.23019099235534668
36.7473526,90.80897522,4.00088644,9019,8398,0.22841715812683105
36.75121307,91.45655823,3.999490261,8859,8205,0.22934865951538086
36.751091,92.10835266,3.999321938,9323,8548,0.2290339469909668
36.74807739,92.75982666,4.001088619,8324,8161,0.22879576683044434
36.74859619,93.41023254,4.000666618,6792,7391,0.2287287712097168
36.74705505,94.05978394,3.999475956,5179,8178,0.22732853889465332
36.74750137,94.70974731,4.000150681,3814,6017,0.2293689250946045
36.74773788,95.35942078,3.999154568,3664,5704,0.22815871238708496
36.7514801,96.01008606,4.001094341,3638,5563,0.22759270668029785
37.40475464,83.00977325,4.000231266,7134,6829,0.22777962684631348
37.40101242,83.64263916,4.000563622,7772,7619,0.2279801368713379
37.39820862,84.29386902,4.000440598,8613,8046,0.22896170616149902
37.39962769,84.94535828,3.999988079,9059,8569,0.22806262969970703
37.3999176,85.59880066,4.000698566,8611,8352,0.2276012897491455
37.40292358,86.25030518,3.998553753,7904,8040,0.22687125205993652
37.40116119,86.90081024,3.998808861,6875,7822,0.2273867130279541
37.40015411,87.55244446,3.999248028,6346,7779,0.2280433177947998
37.39785767,88.20471191,3.99907732,6249,7879,0.22747802734375
37.39993668,88.85253143,3.999838829,6715,10182,0.2275068759918213
37.40262985,89.50389862,3.999958038,5784,9082,0.22745895385742188
37.40353394,90.15699768,3.999984741,5919,7902,0.22663116455078125
37.39990997,90.80613708,3.999363422,6810,7881,0.2267475128173828
37.39693832,91.45798492,3.999950886,7833,8015,0.228607177734375
37.39772034,92.10595703,3.999408722,8847,7829,0.228013277053833
37.40208435,92.75953674,3.999740601,8212,7365,0.22631525993347168
37.40123367,93.40847778,3.998549461,5927,7942,0.22722887992858887
37.39888,94.05773926,3.999069691,4403,6580,0.22713661193847656
37.3972168,94.70889282,3.999317169,3803,5628,0.22739529609680176
37.40193176,95.36141205,4.000684738,3545,5529,0.22677087783813477
37.39875031,96.01239014,4.000309467,3569,5491,0.2283172607421875
38.05712891,83.00812531,4.00026083,5505,6319,0.2275707721710205
38.05282974,83.64228058,4.001842976,7051,7000,0.23006725311279297
38.05135727,84.29389191,3.999824524,8503,7935,0.22958993911743164
38.04964447,84.94656372,3.999007225,8818,7855,0.22828149795532227
38.04798889,85.60140991,3.999596596,9055,8245,0.22901034355163574
38.0507164,86.2503891,3.999494076,8992,8528,0.2282276153564453
38.05070496,86.90144348,3.999843597,8337,8127,0.22891807556152344
38.05117035,87.55499268,3.999835968,7451,8134,0.22921347618103027
38.0510788,88.20275116,3.99945116,6672,7427,0.22881698608398438
38.04779434,88.85649872,4.000631332,6355,7945,0.22795963287353516
38.04817963,89.50410461,3.999903202,6369,8972,0.22803831100463867
38.04973984,90.1555481,4.001573086,6728,11008,0.2297055721282959
38.04951477,90.80704498,3.999641418,5682,8838,0.22765040397644043
38.04981232,91.45776367,4.000884533,5850,7436,0.2294769287109375
38.05174255,92.1053009,3.999400139,7362,7137,0.23157906532287598
38.05345917,92.75674438,4.000329494,6307,7841,0.2287733554840088
38.0513916,93.40818024,4.000851631,4458,7094,0.22834086418151855
38.04861832,94.05900574,3.99865675,3777,5967,0.22792291641235352
38.04576492,94.71092224,3.999746323,3658,5730,0.227752685546875
38.04823303,95.35899353,3.999626637,3697,5608,0.22758960723876953
38.05227661,96.0124588,3.999848843,3565,5538,0.22937870025634766
38.70360184,83.00804138,4.000740051,4344,6079,0.22872686386108398
38.70175171,83.64164734,4.000104427,4906,6445,0.22907638549804688
38.69820786,84.29556274,4.001184464,6502,6960,0.2291266918182373
38.69908142,84.94696808,3.999363422,7824,7595,0.22815465927124023
38.70093536,85.59954071,4.000227451,9005,8090,0.22705864906311035
38.70347595,86.24930573,3.999069214,8952,8094,0.2283921241760254
38.7027359,86.90039825,4.000205994,9323,8483,0.22783136367797852
38.70051956,87.5487442,3.99944973,9065,8709,0.22669315338134766
38.69818115,88.20105743,4.000688076,8402,8603,0.22800159454345703
38.69696045,88.85477448,4.00015974,7247,8040,0.2278590202331543
38.69884109,89.50545502,4.00029707,6838,7553,0.22756624221801758
38.70228577,90.15692902,3.999810696,6701,8158,0.23186922073364258
38.70483398,90.80680847,3.999431133,7280,9906,0.22754859924316406
38.70207214,91.45845032,4.000202179,5455,8666,0.232191801071167
38.70085144,92.10946655,3.999795914,4958,6424,0.22893905639648438
38.70004654,92.75957489,4.000141144,4437,6329,0.22881674766540527
38.69911957,93.40951538,4.000547886,3946,6051,0.22846055030822754
38.69850922,94.05797577,3.999003887,3562,5806,0.22809410095214844
38.69833374,94.70947266,3.999315262,3722,5642,0.23164129257202148
38.70191956,95.35868835,4.000995636,3466,5561,0.23077607154846191
38.70429993,96.00828552,3.999308586,3625,5582,0.22749638557434082
39.35758591,83.00901794,4.000488281,3989,5964,0.22935724258422852
39.35281372,83.64414215,3.999022484,4044,6033,0.2273874282836914
39.34573364,84.29737091,3.9997015,4638,6141,0.22834515571594238
39.34809113,84.94743347,3.999937534,5471,6614,0.22925305366516113
39.35044098,85.59950256,4.000424385,7221,7301,0.23001837730407715
39.35285568,86.25082397,4.000817299,8289,7773,0.22923827171325684
39.35289001,86.90164948,3.999010086,9287,7929,0.22929978370666504
39.34983444,87.55392456,4.000001431,8780,8269,0.2341909408569336
39.34829712,88.2053299,4.000878334,8893,8586,0.2322549819946289
39.34766388,88.85377502,4.000393867,8519,8375,0.22847938537597656
39.34951782,89.50450134,3.998794079,8020,8153,0.2304396629333496
39.34926605,90.15748596,4.00124979,6848,8058,0.2283613681793213
39.35014343,90.80813599,4.000731945,6315,7854,0.2289750576019287
39.35102081,91.45915222,3.999577999,5869,7224,0.2265465259552002
39.35171127,92.10836029,3.999812603,4658,6615,0.22804808616638184
39.35002899,92.75949097,3.999783516,3766,5903,0.22892260551452637
39.3507843,93.40892029,4.00028944,3703,5667,0.2290501594543457
39.35177612,94.06022644,3.999483109,3698,5652,0.22731757164001465
39.35280228,94.71035767,3.999995232,3719,5705,0.22960567474365234
39.35397339,95.35838318,4.000236034,3548,5673,0.22906041145324707
39.35332489,96.00953674,4.000662804,3618,5748,0.23012065887451172
40.00537872,83.00804901,4.000503063,3986,5754,0.22788119316101074
39.99975586,83.64440155,3.999843597,3944,5819,0.22806286811828613
39.99788666,84.29528046,4.000515461,3983,5877,0.22956061363220215
40.00099945,84.94656372,3.999892235,4098,5954,0.22719931602478027
40.00079346,85.59875488,4.000608921,4710,6449,0.22873282432556152
39.99913025,86.25051117,4.000501156,6184,6757,0.22826719284057617
39.99837112,86.90029907,3.998812675,7434,7534,0.2289888858795166
40.00086594,87.5528717,3.999632835,8845,8313,0.22779059410095215
40.00318909,88.20230103,4.000011444,8775,8136,0.2334294319152832
40.00109863,88.85451508,4.00082016,9245,8605,0.22884082794189453
40.00243378,89.50642395,4.000050068,9196,8895,0.23045754432678223
40.00093842,90.15540314,3.998823166,8564,8611,0.22851967811584473
40.00022125,90.80738068,3.999555588,6996,8429,0.22789525985717773
39.99902725,91.46028137,4.00036335,5832,7351,0.229034423828125
39.99537277,92.10870361,3.99947834,4420,6943,0.228165864944458
40.00212479,92.75979614,4.000903606,3705,5900,0.22880196571350098
40.00205231,93.40990448,3.999661446,3710,5670,0.228468656539917
40.00268555,94.06018829,4.001120567,3480,5652,0.22906947135925293
40.00141907,94.71238708,4.000138283,3630,5576,0.22826504707336426
39.99756241,95.36088562,4.001104832,3547,5708,0.22862863540649414
40.0008316,96.00737,3.999057293,3607,5567,0.22779560089111328
