29.99699402,84.0010376,3.062549114,4615,7304,0.23197531700134277
29.99812889,84.1984787,3.06088686,4655,7456,0.23310565948486328
30.00060463,84.39804077,3.06145668,4746,7701,0.2309417724609375
30.00023842,84.59855652,3.061830997,4702,7889,0.22515010833740234
30.00081062,84.79989624,3.06276083,4713,7842,0.22604584693908691
29.99959373,84.99959564,3.061749935,4535,7832,0.22803997993469238
29.99956131,85.19924164,3.061341286,4451,7973,0.2218303680419922
30.0033741,85.39698029,3.062532902,4583,7919,0.22862482070922852
30.00316811,85.60012817,3.062161446,4594,7805,0.2415783405303955
30.00185204,85.80134583,3.062781811,4477,7713,0.23122954368591309
29.99955177,86.00073242,3.06246376,4516,7861,0.2197279930114746
29.99796486,86.20052338,3.062096119,4657,7710,0.2292940616607666
30.00161934,86.39822388,3.062882423,4484,7589,0.22540020942687988
30.00244904,86.60121155,3.062634468,4681,7681,0.22597169876098633
29.99932671,86.79844666,3.060606003,4723,7811,0.22177720069885254
29.99749374,87.00045013,3.062570095,4779,7793,0.2277839183807373
30.00016594,87.20002747,3.061761379,4877,8009,0.2223513126373291
30.00120354,87.39966583,3.061242104,5241,8281,0.22921133041381836
30.0003376,87.59984589,3.061393738,5805,8674,0.22414898872375488
29.99789429,87.79962158,3.061182499,6814,8944,0.225050687789917
29.99913788,88.00223541,3.061871529,8833,9604,0.22565293312072754
30.00178909,88.19978333,3.062655926,9225,9809,0.22698068618774414
30.00035858,88.40005493,3.062568188,8051,9804,0.22254037857055664
29.99918747,88.60030365,3.063054562,7784,10051,0.22973227500915527
29.99895859,88.80466461,3.062270641,7750,10963,0.22638368606567383
30.00056648,89.00183105,3.061737537,8315,11747,0.22305870056152344
30.19949532,84.03782654,3.061912537,4927,7413,0.2171337604522705
30.19609642,84.19497681,3.062412739,5142,7718,0.2256178855895996
30.19884682,84.39674377,3.061013699,5148,8164,0.2287430763244629
30.20100784,84.59682465,3.062718391,5165,8249,0.22893357276916504
30.20166397,84.80033875,3.061785221,5028,8425,0.2246568202972412
30.19821739,84.99816895,3.061114311,4873,8230,0.2291703224182129
30.19568253,85.19828796,3.060806274,4713,8197,0.22355961799621582
30.20031357,85.39651489,3.062008381,4623,8203,0.22549962997436523
30.20093918,85.59840393,3.062254906,4433,8199,0.22016048431396484
30.19321442,85.80059814,3.0633111,4556,8008,0.2269132137298584
30.19699478,86.00187683,3.063131809,4463,7890,0.2255995273590088
30.20306778,86.20017242,3.063012123,4331,7876,0.22728633880615234
30.20096207,86.40111542,3.061152458,4328,7615,0.22331738471984863
30.19603729,86.59915161,3.062087536,4371,7690,0.227463960647583
30.20141029,86.80053711,3.062152386,4430,7726,0.22351479530334473
30.20047188,86.99860382,3.061905861,4526,7596,0.22703075408935547
30.19778442,87.20085144,3.061863422,4438,7554,0.22067761421203613
30.19875717,87.39774323,3.062196732,4676,7745,0.225050687789917
30.20015526,87.60182953,3.06238842,4951,8044,0.23620295524597168
30.19959831,87.80256653,3.06184721,5413,8197,0.2234482765197754
30.19921303,88.00218201,3.061587334,6090,8788,0.22394752502441406
30.19821167,88.20013428,3.061780453,7198,9652,0.2261209487915039
30.19768715,88.39894867,3.062720299,9626,10288,0.22366642951965332
30.19903183,88.60070801,3.061186314,8693,9737,0.22684979438781738
30.19926071,88.80049896,3.062280178,7899,10344,0.2248232364654541
30.20083237,89.00139618,3.061732292,7764,10372,0.22681355476379395
30.4011097,84.02088928,3.062487125,5617,8001,0.2230064868927002
30.39783859,84.19327545,3.061899662,6303,8900,0.22264504432678223
30.39949989,84.39639282,3.062609673,6628,9623,0.22682428359985352
30.40322685,84.59744263,3.061463833,6918,10680,0.2375926971435547
30.39972305,84.79718018,3.062454224,6344,10117,0.2292771339416504
30.40035629,84.99739838,3.061071396,5490,9517,0.22715115547180176
30.39958382,85.19940948,3.061050415,5019,9030,0.23033523559570312
30.40044594,85.40011597,3.060903549,4886,8635,0.2259836196899414
30.40144539,85.5962677,3.061237812,4580,8308,0.22279047966003418
30.39965439,85.79872894,3.061209679,4656,8040,0.22779440879821777
30.39985657,85.9986496,3.061117649,4537,8090,0.22347640991210938
30.39955711,86.19976044,3.061457157,4345,8114,0.22838473320007324
30.40263748,86.3984375,3.060739517,4435,7825,0.22347497940063477
30.40093994,86.60129547,3.061488152,4476,7878,0.22480297088623047
30.39824677,86.80033875,3.0612216,4482,7799,0.2465369701385498
30.39879608,87.00036621,3.063210964,4456,7777,0.2390599250793457
30.40154839,87.20064545,3.061580658,4516,7827,0.24027371406555176
30.40131378,87.40116882,3.061159611,4485,7624,0.22360563278198242
30.39945984,87.60055542,3.06259346,4751,7767,0.2266089916229248
30.39507866,87.80092621,3.062444687,4971,7894,0.2286996841430664
30.39614296,88.00070953,3.061316013,5018,8127,0.229292631149292
30.40216827,88.19988251,3.062167645,5571,8627,0.22281861305236816
30.40127563,88.39954376,3.062567234,6387,9022,0.2254347801208496
30.39878464,88.59947205,3.063154221,7872,9551,0.22473907470703125
30.40022659,88.7997818,3.061914921,9079,9755,0.22371149063110352
30.39955521,89.00122833,3.061333179,8221,9922,0.23720836639404297
30.6004734,84.02570343,3.063533306,7075,8705,0.22231411933898926
30.60034752,84.19546509,3.060504913,10456,12025,0.22612333297729492
30.59767342,84.3991394,3.062369347,11370,12825,0.22801733016967773
30.60020828,84.59947968,3.061749935,11218,15069,0.23065423965454102
30.60184097,84.7990799,3.062405109,9386,16021,0.23425745964050293
30.60120583,84.99906158,3.061403751,7881,14702,0.22298216819763184
30.59728241,85.19996643,3.062008381,6514,11440,0.22729945182800293
30.60035515,85.397995,3.062059402,5251,9848,0.22417068481445312
30.6013031,85.59962463,3.062543869,4967,9129,0.22272109985351562
30.59976006,85.79705811,3.062749386,4606,8614,0.2214951515197754
30.60227966,86.00172424,3.061668396,4475,8523,0.22769927978515625
30.60002327,86.20028687,3.061407566,4489,8161,0.2267465591430664
30.59898758,86.39938354,3.063398361,4424,7928,0.226332426071167
30.60087395,86.59629822,3.06312561,4412,7798,0.23039913177490234
30.60029411,86.801651,3.061770916,4269,7709,0.23712944984436035
30.5994339,87.00014496,3.062002659,4356,7790,0.22458863258361816
30.59739113,87.20115662,3.060547829,4223,7740,0.2278127670288086
30.59804153,87.4005127,3.062018394,4298,7429,0.227264404296875
30.59989357,87.59997559,3.061074734,4408,7640,0.2287130355834961
30.59982872,87.80253601,3.062343121,4455,7598,0.23135995864868164
30.59991264,88.00279236,3.061954498,4580,7693,0.22639155387878418
30.60081291,88.19819641,3.062554359,4725,7879,0.23074054718017578
30.60017586,88.39988708,3.062789917,4987,8087,0.22540593147277832
30.59960938,88.59812164,3.062108517,5612,8332,0.22711396217346191
30.60048485,88.79841614,3.061833382,6380,8999,0.22104859352111816
30.60174179,89.00284576,3.062124729,8182,9712,0.22797465324401855
30.80507278,84.03451538,3.06197691,10095,9527,0.22344017028808594
30.79862785,84.19289398,3.061334133,13670,12285,0.22513103485107422
30.80079651,84.39692688,3.062090397,18024,17988,0.22633934020996094
30.80072212,84.59823608,3.061459541,14214,16331,0.23029303550720215
30.799963,84.7973938,3.062343597,14540,18841,0.22974348068237305
30.79801559,84.99832916,3.061885834,12804,19805,0.2215120792388916
30.79970741,85.19810486,3.062532425,9585,19852,0.22862696647644043
30.80126572,85.40061951,3.061694145,8099,15235,0.2244570255279541
30.79962158,85.59786987,3.061887741,6197,10830,0.22152185440063477
30.79563904,85.79986572,3.062359333,5315,9373,0.227524995803833
30.79892159,85.99998474,3.062241554,4861,8746,0.22523784637451172
30.80181122,86.20079041,3.061461449,4537,8111,0.2233898639678955
30.80124474,86.40065002,3.062698841,4417,8068,0.22758722305297852
30.79936028,86.59993744,3.061570168,4368,7916,0.23027253150939941
30.7958374,86.80145264,3.061652184,4433,7815,0.2258772850036621
30.79701424,86.99977875,3.061715126,4320,7821,0.22715425491333008
30.80211258,87.19891357,3.062547684,4178,7446,0.21993064880371094
30.80311203,87.40086365,3.062310219,4273,7397,0.22813963890075684
30.80132103,87.60259247,3.0630126,4096,7484,0.22724032402038574
30.79849243,87.80064392,3.061775208,4260,7339,0.22643828392028809
30.79985809,87.99778748,3.061442375,4467,7410,0.2285168170928955
30.80010796,88.19795227,3.061255455,4483,7344,0.2267296314239502
30.80021286,88.40142059,3.061344147,4694,7602,0.23103713989257812
30.79971313,88.59989929,3.061907768,4717,7772,0.22074341773986816
30.79968643,88.80128479,3.062105656,5124,8083,0.23227405548095703
30.8010807,89.00071716,3.060423374,5787,8557,0.22637009620666504
30.99985695,84.02961731,3.062461853,13227,10392,0.2245631217956543
31.00123978,84.19577026,3.060578346,18453,15641,0.22566771507263184
31.0000248,84.39538574,3.061442375,15245,16995,0.2323458194732666
30.99641228,84.59835052,3.063508987,12767,16714,0.22591328620910645
31.00181961,84.79672241,3.062044144,11590,17529,0.22602295875549316
30.99985695,84.99848938,3.061418056,11004,15067,0.22777032852172852
31.00084496,85.19852448,3.06125164,12624,19913,0.2268054485321045
30.99582291,85.3995285,3.063022614,13105,21564,0.23308682441711426
31.00099564,85.59864044,3.061828136,8631,17473,0.22338414192199707
30.99929047,85.79893494,3.061544895,7109,12808,0.22593331336975098
31.00025177,85.99720764,3.06144762,5557,10204,0.2225022315979004
30.99979591,86.19750214,3.062144756,5046,9043,0.2298903465270996
30.99866867,86.39878845,3.061806679,4705,8594,0.22617411613464355
30.9985733,86.59809113,3.060565472,4449,8292,0.22384309768676758
30.99897957,86.80166626,3.061925411,4598,8048,0.2285003662109375
31.00310326,86.99945068,3.062081814,4257,7798,0.22813177108764648
31.00145912,87.20028687,3.062534809,4284,8016,0.22612261772155762
31.00139046,87.3999176,3.062896729,4342,7602,0.2263498306274414
30.9992981,87.59767151,3.061963558,4200,7568,0.22371625900268555
30.99751472,87.80118561,3.061406136,4258,7616,0.22602415084838867
31.00077629,88.00023651,3.061313629,4270,7554,0.2225196361541748
30.99932671,88.20041656,3.061184883,4225,7495,0.22883272171020508
30.99773026,88.40113831,3.062217236,4330,7498,0.22284245491027832
31.00203323,88.60247803,3.061554432,4550,7520,0.2265167236328125
31.00377655,88.80305481,3.060756683,4600,7737,0.22435545921325684
30.99913788,89.00020599,3.062396049,4869,7957,0.2252516746520996
31.20066452,84.0327301,3.061629295,15910,12323,0.22959589958190918
31.20085907,84.1966095,3.063052654,14406,14413,0.22627854347229004
31.19948959,84.40026855,3.063158035,12043,13495,0.22659516334533691
31.19720459,84.59990692,3.06277132,9881,14163,0.22205662727355957
31.20119476,84.79628754,3.061672688,9147,13673,0.22747063636779785
31.20358467,84.99874878,3.061220646,9338,14422,0.22272634506225586
31.2025795,85.19674683,3.062105656,10254,16233,0.22896361351013184
31.20085716,85.39996338,3.060723305,10840,14952,0.22191262245178223
31.1979084,85.59765625,3.062101364,12194,19970,0.22318530082702637
31.20081711,85.79901886,3.062763214,9418,17659,0.2271411418914795
31.20196342,85.99673462,3.062322617,7417,14593,0.22700142860412598
31.2020092,86.20097351,3.061369896,6142,10956,0.2224576473236084
31.19787598,86.39852905,3.061625481,5314,9445,0.22417187690734863
31.19729996,86.60241699,3.062758446,4808,8752,0.22589802742004395
31.20193672,86.80210876,3.06187439,4396,8273,0.2246077060699463
31.20157814,86.99899292,3.061973572,4271,7997,0.22440743446350098
31.20060921,87.19895935,3.06196928,4232,7855,0.2268505096435547
31.1985321,87.39932251,3.061620235,4287,7794,0.22423553466796875
31.19939423,87.60002899,3.062100887,4243,7694,0.2245016098022461
31.20386887,87.8026123,3.061470509,4210,7460,0.22554302215576172
31.20068741,88.00010681,3.064067841,4149,7342,0.22606348991394043
31.19700432,88.20135498,3.061496735,4173,7417,0.22413206100463867
31.2022686,88.3996048,3.062363148,4376,7532,0.22754144668579102
31.20158195,88.60259247,3.063130856,4436,7551,0.2196643352508545
31.19571114,88.80123901,3.063356876,4388,7505,0.22696924209594727
31.19857407,89.0030365,3.061726093,4534,7738,0.2256021499633789
31.40263748,84.04362488,3.064320564,16468,15754,0.2236018180847168
31.39910889,84.19638062,3.06162405,13281,14016,0.22518515586853027
31.39777946,84.39755249,3.062839508,10310,13792,0.22805142402648926
31.39332962,84.59747314,3.063335896,9501,13972,0.2237546443939209
31.40206718,84.79619598,3.062020779,9780,13299,0.22415614128112793
31.40268517,84.99856567,3.062523842,9405,13650,0.22608351707458496
31.40071869,85.19703674,3.062561989,9064,13254,0.22587227821350098
31.39749146,85.39846802,3.062146187,9445,14830,0.22461628913879395
31.39958382,85.59951019,3.060951233,9905,14874,0.2327268123626709
31.39985847,85.79954529,3.061644554,11224,16045,0.23629307746887207
31.40005875,85.99880981,3.062046528,11462,18991,0.22717022895812988
31.40332794,86.19841003,3.062770844,9254,18347,0.23029303550720215
31.40085411,86.39851379,3.062085629,8069,14329,0.22282934188842773
31.39829826,86.60018921,3.061525822,6164,11986,0.2262251377105713
31.40007973,86.79855347,3.061923981,5272,9775,0.23191213607788086
31.39996147,87.00019073,3.062922955,4895,9116,0.22458672523498535
31.40040398,87.19746399,3.063303471,4636,8436,0.22706818580627441
31.40001297,87.40087891,3.06187582,4551,8325,0.2231431007385254
31.39880371,87.60076141,3.062697887,4499,8305,0.22757458686828613
31.40067291,87.8009491,3.061536789,4411,8077,0.22254180908203125
31.39876747,88.00097656,3.061669827,4358,8099,0.22359585762023926
31.39806557,88.20245361,3.062382221,4319,7982,0.2367548942565918
31.39853668,88.40246582,3.060024738,4448,7739,0.2332773208618164
31.39734459,88.60195923,3.062860966,4231,7788,0.22206974029541016
31.40016937,88.80059052,3.062022686,4410,7681,0.22407197952270508
31.40247154,89.00126648,3.061171055,4490,7537,0.22893047332763672
31.59861755,84.02760315,3.062776089,13175,14831,0.22560811042785645
31.59848022,84.19621277,3.061479092,11907,14156,0.22763705253601074
31.59924698,84.4001236,3.061948299,10296,13914,0.22836685180664062
31.59945679,84.59893799,3.061656952,9674,13827,0.2323911190032959
31.59984016,84.80007935,3.062589169,9477,13131,0.23235845565795898
31.6026516,84.99830627,3.061858654,9033,13303,0.23315167427062988
31.60081673,85.19859314,3.062114239,9370,13102,0.2280285358428955
31.59883118,85.39985657,3.06124258,9212,13298,0.22980928421020508
31.59863472,85.59794617,3.06171751,9122,13311,0.23823094367980957
31.59733391,85.80134583,3.062396526,9788,15819,0.23233675956726074
31.59788513,86.00012207,3.062500477,10299,14616,0.22469496726989746
31.59877777,86.20037842,3.063476563,13678,20514,0.22147417068481445
31.60291481,86.40149689,3.061327457,12153,22018,0.23734259605407715
31.601511,86.59931946,3.061235428,10473,21262,0.22277379035949707
31.59824562,86.79759216,3.061096191,7746,14066,0.23302102088928223
31.59997749,87.0013504,3.060771942,5740,10776,0.22424745559692383
31.59794998,87.20045471,3.061630249,5087,9513,0.22644329071044922
31.59970474,87.40139771,3.062175274,4712,8939,0.22262954711914062
31.59912872,87.60183716,3.062969685,4429,8424,0.22524714469909668
31.59903526,87.80023956,3.062130451,4608,8436,0.22288227081298828
31.60012245,88.0004425,3.062590122,4395,8056,0.22811388969421387
31.601511,88.20158386,3.062144756,4438,8074,0.22871017456054688
31.60045433,88.40002441,3.061125755,4351,7950,0.22857022285461426
31.59685135,88.60246277,3.060960293,4428,7935,0.2259821891784668
31.59720421,88.79935455,3.062801838,4452,7780,0.2271425724029541
31.60000801,89.00292206,3.061840057,4444,7743,0.2229771614074707
31.80364799,84.02567291,3.062324524,12122,13368,0.22722721099853516
31.79712105,84.19671631,3.063517094,9638,13530,0.22404026985168457
31.79784775,84.39933777,3.062335491,9855,13426,0.22775506973266602
31.79873085,84.59944916,3.062560081,9535,13448,0.2204883098602295
31.80369186,84.79642487,3.062654972,9158,13112,0.2240009307861328
31.8026886,84.9985733,3.061175823,8983,12868,0.22783780097961426
31.79767227,85.19895935,3.062043667,9074,13045,0.23692750930786133
31.79823303,85.39796448,3.061352253,8851,13203,0.22907257080078125
31.79697227,85.59877777,3.062426567,8997,12872,0.22766828536987305
31.80008507,85.80021667,3.062774181,9252,13301,0.22245287895202637
31.8011322,85.99948883,3.061820984,9250,14201,0.22306346893310547
31.79964828,86.19825745,3.061183453,10249,16773,0.22681307792663574
31.79935646,86.40071106,3.062138557,11349,16706,0.22677016258239746
31.80120087,86.59869385,3.061209679,13868,21446,0.22338080406188965
31.80120277,86.79959106,3.062534809,10320,20320,0.22702717781066895
31.799757,87.00000763,3.062196732,8190,16385,0.22918272018432617
31.79605103,87.20080566,3.061815262,6318,11798,0.22815728187561035
31.79705238,87.40161133,3.062840462,5470,10135,0.23160386085510254
31.80036545,87.60044861,3.062636375,4983,9304,0.22336745262145996
31.80207253,87.80056763,3.061565399,4723,8660,0.22762441635131836
31.80284691,87.99986267,3.062470436,4521,8371,0.2276897430419922
31.79673004,88.200737,3.063829899,4354,8264,0.2286062240600586
31.79667854,88.40228271,3.061503887,4441,7998,0.22692346572875977
31.79851151,88.6001358,3.062735081,4410,7949,0.2247483730316162
31.80469322,88.79942322,3.061117172,4278,7717,0.22429728507995605
31.79825401,88.99929047,3.062685966,4431,7835,0.22822785377502441
32.00014496,84.03731537,3.062082291,9778,12067,0.221848726272583
31.99793625,84.19844055,3.061394215,9332,12690,0.22917461395263672
32.00162125,84.39749146,3.061860561,9576,13278,0.24131274223327637
32.00005341,84.59820557,3.06187582,9506,13486,0.23102188110351562
31.99934959,84.79795074,3.061432362,9377,13441,0.23592925071716309
32.00093842,84.99945068,3.062048435,9130,13039,0.23317956924438477
32.0007782,85.19716644,3.062902451,9269,13125,0.21942520141601562
32.00048828,85.39715576,3.061851501,9214,13157,0.22836971282958984
32.00022888,85.59705353,3.060989857,8858,13105,0.22844457626342773
32.00201035,85.79977417,3.061611652,9375,13446,0.22639203071594238
32.00019073,85.99886322,3.061672688,9839,14605,0.22999930381774902
31.9982872,86.19948578,3.062357426,9967,14272,0.22504472732543945
32.00176239,86.39716339,3.062177181,10593,17046,0.21892476081848145
32.00379944,86.59932709,3.062255383,11551,17107,0.2287907600402832
32.00192261,86.80161285,3.06195116,13018,18853,0.23438739776611328
32.0002594,86.99985504,3.062551975,14311,22687,0.23355484008789062
32.00048828,87.20062256,3.062189102,9624,18709,0.23018646240234375
32.00025177,87.3968811,3.061225414,7440,14145,0.22745013236999512
32.0010376,87.60161591,3.062498093,5894,11284,0.22628283500671387
32.00083923,87.8011322,3.060547829,5368,9837,0.22918128967285156
32.00164032,88.0007019,3.063038826,5063,9345,0.22654485702514648
32.00253296,88.20146179,3.061155319,4730,8718,0.22430181503295898
32.00084305,88.40036011,3.061405182,4551,8436,0.22234416007995605
31.99942017,88.59996033,3.062488079,4554,8144,0.22734403610229492
32.00001526,88.80187225,3.062556744,4499,8106,0.22655892372131348
32.0005722,89.00218201,3.061576366,4380,7929,0.22818684577941895
32.20127869,84.03036499,3.060966492,8812,10544,0.2210228443145752
32.19754028,84.19651794,3.06207943,8679,11081,0.22777438163757324
32.20101929,84.39845276,3.061365128,9092,12067,0.22934293746948242
32.19934082,84.60002899,3.063479424,9025,12952,0.23787856101989746
32.20146179,84.79873657,3.062349796,9488,13036,0.22440791130065918
32.20271683,84.99797058,3.062222004,9087,13010,0.23060345649719238
32.19820404,85.19624329,3.06170845,9310,13310,0.22045683860778809
32.1963501,85.40046692,3.061313152,9234,13058,0.23903656005859375
32.19668579,85.59936523,3.062510967,8943,12850,0.22428393363952637
32.20015717,85.79986572,3.062289238,9327,13389,0.22644805908203125
32.20143127,85.99903107,3.063071728,9885,14175,0.22346758842468262
32.20143127,86.20082092,3.062829018,10134,14292,0.22415590286254883
32.19409943,86.39877319,3.062792778,10201,15067,0.2227497100830078
32.19757843,86.60028839,3.062151909,9864,14235,0.22922849655151367
32.20331573,86.80104065,3.063671589,10003,16284,0.23045969009399414
32.20199966,86.99991608,3.062948704,10177,14482,0.22634530067443848
32.20170975,87.1991272,3.061744213,12236,18202,0.2324080467224121
32.19870758,87.40274811,3.061116219,10591,19302,0.2377157211303711
32.19882584,87.60194397,3.061338902,8260,16654,0.2293853759765625
32.19470596,87.80290222,3.062666416,7120,13543,0.23363447189331055
32.20071793,87.99938965,3.06170845,5798,11230,0.2251749038696289
32.201828,88.20002747,3.061971188,5302,9886,0.22501373291015625
32.2019043,88.40037537,3.061571598,4863,9110,0.2241976261138916
32.19810486,88.59989166,3.061475277,4587,8553,0.22613024711608887
32.19902039,88.80078125,3.061304092,4466,8420,0.22694897651672363
32.20163345,88.99958801,3.062727928,4424,8051,0.2228550910949707
32.4006691,84.04415131,3.06306076,8265,9731,0.22290706634521484
32.40022278,84.19803619,3.062213421,7964,9905,0.23811864852905273
32.39655304,84.39866638,3.062122345,8379,11019,0.22191309928894043
32.39940262,84.59654999,3.061882973,8677,11908,0.22731518745422363
32.40132523,84.79833984,3.061851501,8890,12383,0.2228529453277588
32.40141678,84.99645996,3.06195879,8574,12392,0.22351551055908203
32.39988708,85.19927979,3.06292057,8802,12820,0.2273693084716797
32.40112686,85.39857483,3.062366009,8751,12788,0.2270495891571045
32.4005127,85.59899902,3.063676357,9261,13528,0.2284562587738037
32.40186691,85.79837799,3.062181473,9731,14011,0.22827458381652832
32.40083694,85.99692535,3.062137127,9916,14459,0.22607111930847168
32.40119171,86.19747925,3.062466145,10001,14373,0.2198166847229004
32.40067291,86.39834595,3.062138557,10038,14701,0.2270808219909668
32.39927673,86.6026001,3.061592579,10040,14268,0.2261362075805664
32.39803314,86.80070496,3.061430931,9364,13190,0.23761916160583496
32.39753723,87.001297,3.062558174,8838,13998,0.23891019821166992
32.40105438,87.20167542,3.061191559,9834,15421,0.22330427169799805
32.39769745,87.40075684,3.061971664,11355,16705,0.22478103637695312
32.39834595,87.60036469,3.06125021,15225,23935,0.22533464431762695
32.40216827,87.79768372,3.060987949,11044,22369,0.2234039306640625
32.39893723,87.99956512,3.062338352,9117,17947,0.22708463668823242
32.39842606,88.2006073,3.061537266,6784,12912,0.22362947463989258
32.39990997,88.39865112,3.061273098,5317,10588,0.22613263130187988
32.40125275,88.59986115,3.062805176,5069,9530,0.22262096405029297
32.40024948,88.80039215,3.061477184,4805,8775,0.22609591484069824
32.39919281,89.00139618,3.063368797,4600,8360,0.23764634132385254
32.60118103,84.01324463,3.062576771,8601,9244,0.23012185096740723
32.59794998,84.19554138,3.062650681,7982,9450,0.22295856475830078
32.6039772,84.39619446,3.061845779,8066,9846,0.22513222694396973
32.60043335,84.59849548,3.061282158,8229,10489,0.23754644393920898
32.60221863,84.79789734,3.062256813,8395,11432,0.2335526943206787
32.60227585,85.00056458,3.062453747,8504,11946,0.23465681076049805
32.60424042,85.19904327,3.061357021,8814,12276,0.23254704475402832
32.60071564,85.3991394,3.061385155,9152,13126,0.23038673400878906
32.59960937,85.59963989,3.062424183,9028,13717,0.22788238525390625
32.59977722,85.79737854,3.062619686,10821,14559,0.22096586227416992
32.60198975,85.99795532,3.061283112,9633,14227,0.22380995750427246
32.60284805,86.19869232,3.06242609,9524,14342,0.2274613380432129
32.5976944,86.40057373,3.062682152,9440,13857,0.2267918586730957
32.5978508,86.59848785,3.06136322,9165,13693,0.22329926490783691
32.60256195,86.79704285,3.06094408,9431,13539,0.22262883186340332
32.60236359,86.99917603,3.062503815,8846,13553,0.2266066074371338
32.59775925,87.20246887,3.062306881,9086,13217,0.22719764709472656
32.60067749,87.39793396,3.060866833,9562,16035,0.22948670387268066
32.59944153,87.5990448,3.061923504,10536,16054,0.22800874710083008
32.60398102,87.80445099,3.061313152,14403,20691,0.23528552055358887
32.60372925,88.00080109,3.061260223,15546,25958,0.2222285270690918
32.59896469,88.20117187,3.062326908,11086,22947,0.230255126953125
32.5975914,88.40037537,3.062312603,8503,17131,0.22735071182250977
32.59921265,88.6001358,3.061594963,6548,12152,0.2379472255706787
32.60069656,88.80234528,3.061522007,5552,10190,0.22979235649108887
32.59896088,89.00130463,3.062757015,5078,9515,0.22298860549926758
32.80199432,84.02874756,3.06165266,7090,8730,0.22568678855895996
32.79953766,84.19219208,3.05977869,8715,9687,0.2246079444885254
32.79967499,84.39658356,3.062458992,8548,9624,0.22562026977539062
32.79741669,84.59912872,3.061820984,8237,10141,0.22696876525878906
32.80095673,84.79710388,3.062149048,7958,10255,0.22366118431091309
32.80001831,84.99746704,3.062440872,8058,10802,0.22419428825378418
32.79974365,85.19550323,3.062963486,8605,11977,0.22560930252075195
32.80114746,85.39894104,3.061239719,8845,12756,0.2278614044189453
32.79888916,85.59907532,3.062333584,9042,13422,0.22286510467529297
32.7976532,85.80094147,3.063031197,9367,13768,0.22375273704528809
32.80078888,85.9992981,3.06193018,9766,14095,0.22595763206481934
32.80226135,86.19726563,3.062689781,9319,13725,0.2240161895751953
32.80152512,86.39900208,3.062362671,9313,13830,0.22597050666809082
32.79966736,86.59849548,3.061191082,9361,13926,0.2234172821044922
32.79934311,86.79937744,3.061101437,9114,13393,0.22307825088500977
32.80196381,86.99827576,3.062263012,8712,13178,0.2271428108215332
32.8025322,87.19995117,3.062329769,8838,13111,0.227677583694458
32.79906845,87.40139771,3.063767433,9406,13953,0.22791099548339844
32.80105591,87.60063171,3.060659885,9499,14108,0.22089338302612305
32.80102158,87.79841614,3.060875416,10582,18073,0.22373247146606445
32.80297852,88.00106049,3.062434196,11601,16596,0.2281630039215088
32.80066681,88.20005798,3.061198235,15622,22996,0.22089815139770508
32.79776764,88.40007019,3.062591553,14702,23930,0.22772598266601562
32.80208206,88.59991455,3.060851574,9323,19114,0.22762274742126465
32.79907227,88.79960632,3.062004089,7434,14364,0.22873878479003906
32.79830933,89.00171661,3.061673164,5717,11463,0.22685456275939941
33.0003891,84.02896118,3.062196732,5786,8056,0.2264101505279541
33.00166702,84.19333649,3.062012196,6320,8746,0.21954655647277832
32.99770737,84.39463806,3.062321186,8107,9553,0.22636985778808594
32.99721909,84.60108948,3.061773777,9768,10021,0.22696161270141602
33.00234985,84.79388428,3.062523365,8160,9473,0.22299647331237793
33.0030899,84.99724579,3.061574936,7773,9586,0.2284862995147705
33.00134277,85.19929504,3.062270164,7507,10091,0.22655510902404785
33.00067902,85.3976593,3.060674191,8116,10703,0.22257494926452637
33.00163651,85.59872437,3.061357498,8083,11602,0.22674298286437988
32.99771881,85.80118561,3.06281662,8403,12078,0.22316575050354004
32.99685287,85.99909973,3.061830044,8515,12905,0.22726726531982422
33.00110626,86.19741821,3.062003613,8904,13211,0.21935153007507324
33.0034256,86.39941406,3.061087608,8855,13294,0.22701549530029297
33.00097275,86.59984589,3.0604949,8742,13534,0.22740483283996582
32.99897766,86.79779053,3.061334133,8826,13372,0.22507476806640625
32.99686432,87.00102234,3.062859535,8800,13216,0.2211925983428955
33.00660706,87.1974411,3.062720776,8748,13410,0.2284548282623291
33.00646973,87.39750671,3.061357975,9215,13274,0.232008695602417
33.00166321,87.59990692,3.06245327,9662,13625,0.2244734764099121
32.99866486,87.80075836,3.062148571,9542,14091,0.22957181930541992
32.99922562,88.00218964,3.061877251,9762,15408,0.23214054107666016
32.99867249,88.19993591,3.062360764,10998,17843,0.21938824653625488
33.00146866,88.39924622,3.061986446,11613,16170,0.22832942008972168
33.00114441,88.60002899,3.061006069,14524,22243,0.22483158111572266
33.0003891,88.7999649,3.062152386,11108,21037,0.2219846248626709
32.99951935,89.00239563,3.062396526,8543,18157,0.22942781448364258
33.20072174,84.02818298,3.062093258,5121,7405,0.2265486717224121
33.19966888,84.19604492,3.063017368,5340,7780,0.22252130508422852
33.19896698,84.39749146,3.062713623,5840,8202,0.22199654579162598
33.20191574,84.59887695,3.061906815,6893,8799,0.23004722595214844
33.20018005,84.79985046,3.062199593,8225,9430,0.23077392578125
33.19922638,84.99833679,3.061546803,9031,9491,0.2288188934326172
33.20301056,85.19674683,3.061246395,7808,9400,0.2223975658416748
33.19903564,85.3999176,3.062280178,7603,9787,0.22783279418945312
33.19904327,85.60145569,3.062443256,7225,10049,0.22149348258972168
33.20133972,85.79613495,3.061891556,7701,11187,0.22398614883422852
33.20341492,85.99811554,3.062006474,8101,11877,0.22992730140686035
33.20217133,86.19869232,3.062064648,8470,12161,0.23195624351501465
33.19854355,86.39862061,3.062829971,8291,12703,0.22281765937805176
33.1963768,86.60054016,3.062252998,8203,12512,0.22881102561950684
33.19764709,86.80067444,3.06129837,8149,12515,0.2286396026611328
33.20085907,87.00045776,3.061096668,8249,12730,0.23720836639404297
33.20186615,87.19973755,3.061648846,8507,12953,0.22447848320007324
33.20222855,87.39889526,3.062856674,8905,13016,0.22251605987548828
33.19812775,87.60049438,3.062806129,9171,13544,0.2226252555847168
33.19851685,87.80128479,3.062703133,9846,14002,0.22498846054077148
33.20207214,88.00111389,3.06118679,9696,13757,0.2269001007080078
33.20055389,88.19830322,3.062838078,9949,14149,0.22673892974853516
33.20078659,88.40084839,3.062090874,10041,15575,0.22552943229675293
33.19948959,88.59918213,3.062772274,10808,16377,0.2241215705871582
33.19799805,88.80091095,3.061561108,12925,18186,0.23339295387268066
33.19757843,89.00269318,3.061802864,15457,24215,0.22574138641357422
33.40290833,84.03517151,3.061601162,4955,7460,0.22258281707763672
33.40096283,84.19378662,3.061564922,4867,7679,0.22498512268066406
33.39726639,84.39958191,3.063582897,5118,7860,0.2275834083557129
33.4021225,84.59893799,3.060828209,5535,8143,0.22536492347717285
33.4017868,84.7960968,3.062306881,5890,8635,0.22850894927978516
33.40235901,84.99703979,3.062413216,6675,9323,0.2274162769317627
33.39627457,85.19762421,3.06360054,9572,10025,0.22434711456298828
33.39970016,85.40049744,3.062207222,8829,9507,0.2262897491455078
33.40013885,85.6002121,3.06190443,7453,9705,0.23905634880065918
33.40004349,85.8001709,3.062198162,7366,9727,0.22745561599731445
33.40291595,85.99964142,3.060832977,7569,10634,0.22708463668823242
33.40338135,86.19908905,3.061033249,8078,11302,0.22567272186279297
33.39702606,86.39945221,3.060684204,8074,11712,0.23845791816711426
33.39811707,86.60234833,3.062516212,8170,12062,0.23568129539489746
33.39852905,86.80026245,3.062126637,7584,11906,0.22701430320739746
33.39819717,86.99819946,3.062425137,7873,12142,0.22931814193725586
33.39975739,87.2021637,3.061089516,8506,12609,0.2286214828491211
33.40299988,87.39842224,3.06116581,8769,12870,0.22997283935546875
33.40303802,87.59851074,3.061433315,9163,13261,0.22219133377075195
33.40185547,87.79640198,3.062810421,9536,13549,0.22391772270202637
33.39839935,88.00143433,3.062030792,9804,14815,0.22956204414367676
33.39807129,88.20063782,3.062033176,10300,14073,0.22487449645996094
33.40384674,88.39954376,3.063500404,10054,14854,0.2212231159210205
33.40167999,88.6010437,3.061240196,9774,13923,0.2306375503540039
33.39640045,88.80125427,3.061915874,10637,17431,0.22326898574829102
33.39830017,89.00279236,3.062001705,11481,16534,0.2207329273223877
33.60491943,84.02783966,3.062966347,4497,7481,0.22605657577514648
33.60090637,84.19676208,3.063218117,4709,7511,0.22684168815612793
33.5982933,84.39601898,3.061585903,4431,7524,0.2254955768585205
33.60001755,84.59848022,3.061979294,4934,7715,0.22299957275390625
33.60078049,84.79934692,3.062490463,4961,7953,0.2275240421295166
33.60353088,85.00067902,3.062354565,5438,8468,0.2240762710571289
33.59984207,85.19871521,3.061618805,6403,9246,0.22645926475524902
33.59746933,85.40096283,3.062656879,8120,9956,0.23051929473876953
33.59842682,85.59849548,3.061613083,8946,9869,0.2261519432067871
33.60100937,85.7987442,3.062482357,8006,9456,0.22075128555297852
33.60113525,85.99988556,3.061683178,7432,9701,0.22772884368896484
33.60070801,86.20180511,3.061502457,7231,10054,0.22543716430664062
33.59562683,86.40057373,3.062751293,7636,10643,0.22675418853759766
33.60170746,86.60115814,3.061864853,7713,11311,0.22235679626464844
33.60447693,86.79701996,3.061556816,7417,11215,0.22382664680480957
33.59905624,87.0001297,3.061184406,7279,11497,0.22852063179016113
33.5989151,87.20012665,3.06192112,7958,12391,0.2272815704345703
33.59993362,87.400383,3.063056946,8512,12945,0.2243812084197998
33.60322571,87.59832764,3.061666965,9220,13552,0.23100948333740234
33.60082245,87.79954529,3.062260151,9414,13907,0.22159767150878906
33.59901428,88.00281525,3.061041832,9454,13803,0.23823332786560059
33.59866333,88.20063019,3.062603951,9600,13638,0.22297048568725586
33.60131454,88.40153503,3.061134815,9852,14029,0.22583341598510742
33.60062408,88.6000824,3.062395573,9921,13954,0.23187851905822754
33.60186005,88.80085754,3.062274456,10014,14678,0.22699642181396484
33.60051727,89.00175476,3.062785625,10278,15193,0.2265779972076416
33.79944611,84.03704071,3.063460827,4394,7580,0.2283797264099121
33.79839706,84.19688416,3.062289715,4499,7605,0.22735261917114258
33.80039978,84.39854431,3.060917377,4497,7655,0.22268009185791016
33.80191422,84.59970093,3.062312603,4519,7601,0.2269585132598877
33.80257416,84.79823303,3.062000751,4656,7766,0.23297786712646484
33.79785156,84.99710083,3.062595844,4972,7947,0.22917723655700684
33.7983017,85.20017242,3.06232357,5359,8258,0.23109698295593262
33.79924774,85.39737701,3.061999321,5749,8497,0.22536730766296387
33.80304718,85.59563446,3.06151247,6395,9019,0.22245264053344727
33.80266571,85.79960632,3.062009335,7815,8991,0.23575210571289062
33.79829407,85.99925232,3.062304974,7622,9298,0.2225782871246338
33.79984665,86.20011902,3.061009407,7517,9799,0.23901653289794922
33.7978363,86.40058899,3.060591221,7356,9956,0.22821450233459473
33.7954483,86.60131073,3.062935829,7249,10359,0.22796964645385742
33.80247498,86.79769897,3.06234026,7831,10922,0.22398710250854492
33.8022728,87.00087738,3.06328249,7827,11531,0.22410058975219727
33.79919434,87.20083618,3.06042099,8598,12406,0.23012304306030273
33.79885864,87.40203857,3.0622015,9045,13050,0.22928237915039062
33.80096436,87.59996796,3.062084675,9295,13646,0.2237396240234375
33.8003006,87.79836273,3.062973976,9588,14082,0.22316718101501465
33.80051422,88.00049591,3.062058449,9369,14064,0.22413277626037598
33.79854584,88.20225525,3.061060429,9498,13921,0.22679543495178223
33.80054474,88.39891815,3.062627792,9807,13898,0.22298836708068848
33.80170059,88.60121155,3.062146187,9927,14192,0.21825194358825684
33.80018616,88.79685211,3.06093359,10068,14321,0.22383928298950195
33.80119324,88.99888611,3.062065601,9972,14814,0.21884942054748535
34.00070953,84.0428009,3.062924862,4375,7829,0.2215583324432373
33.99930573,84.19571686,3.062596798,4556,7919,0.22751617431640625
33.99985504,84.39697266,3.060288429,4481,7702,0.22801899909973145
33.99994659,84.59886932,3.062595367,4327,7762,0.22874760627746582
33.99962616,84.79775238,3.060823441,4583,7679,0.22902846336364746
34.00074005,85.00022888,3.06211853,4614,7774,0.22265839576721191
34.00136566,85.19924927,3.061610222,4874,7798,0.22713565826416016
33.99451447,85.39833832,3.061803341,5069,7988,0.2240128517150879
34.00201416,85.60050201,3.061688423,5395,8045,0.22702717781066895
34.00293732,85.80126953,3.06122303,5706,8511,0.22227144241333008
33.99918747,85.99908447,3.062231541,6648,9213,0.22265625
33.99893188,86.19987488,3.062046051,8392,9634,0.22632884979248047
33.99982071,86.40158081,3.062076092,8452,9554,0.22699856758117676
33.99977875,86.60272217,3.061173439,7521,9850,0.22699809074401855
33.99962616,86.80220032,3.062532902,7526,10335,0.2285165786743164
34.00085068,87.00018311,3.06090498,8123,10845,0.2281184196472168
34.00284958,87.19905853,3.062301636,8630,11797,0.22723126411437988
33.99916077,87.40024567,3.062501431,9046,13072,0.22675752639770508
33.99863434,87.60442352,3.062150002,9438,13468,0.22876334190368652
34.00264359,87.79994965,3.062300205,9698,14419,0.23194456100463867
34.00032806,88.0016098,3.063223362,9899,14263,0.2285616397857666
33.99897766,88.20021057,3.061704636,9384,13823,0.2228527069091797
33.99917984,88.40028381,3.061443329,10169,14496,0.22562241554260254
33.99993896,88.60232544,3.062681675,10096,14515,0.22155117988586426
33.99877167,88.79873657,3.063233376,9939,14187,0.22821998596191406
34.00009155,89.00210571,3.061465263,10166,14753,0.2229175567626953
34.19936371,84.03910828,3.062534809,4633,8182,0.2277059555053711
34.20119476,84.19647217,3.061788082,4725,8043,0.23476028442382812
34.20177841,84.39665222,3.062147141,4591,7985,0.22163844108581543
34.20317459,84.59773254,3.062431812,4540,7837,0.227020263671875
34.19904327,84.79743958,3.062814713,4633,7931,0.22043418884277344
34.19594955,84.99803925,3.063471794,4545,7952,0.2254631519317627
34.20181274,85.19972229,3.063127041,4637,7642,0.22769451141357422
34.2029686,85.39888,3.06178093,4754,7851,0.22651004791259766
34.20182419,85.59806824,3.061502457,4978,8001,0.22823214530944824
34.19754791,85.7978363,3.062394619,5082,8218,0.22718119621276855
34.19695663,86.00012207,3.061809063,5650,8410,0.22393417358398438
34.2013092,86.20024872,3.060878277,6299,9140,0.2260456085205078
34.20104218,86.39881897,3.061561584,7737,9845,0.22898125648498535
34.20169067,86.59981537,3.061073303,8732,9991,0.22089171409606934
34.20188141,86.79823303,3.060983181,7875,9794,0.2261824607849121
34.19958878,86.99986267,3.062973499,7795,10214,0.2249596118927002
34.20056915,87.19937897,3.061877251,8029,10532,0.22341370582580566
34.19833374,87.40060425,3.062804222,8779,11919,0.2279982566833496
34.19872284,87.60211182,3.062180519,8789,12458,0.23158979415893555
34.20004272,87.79994202,3.062082767,9131,13302,0.238051176071167
34.19985962,87.99853516,3.062160015,9431,13977,0.22870278358459473
34.20150757,88.19833374,3.063477993,9167,13388,0.22675251960754395
34.2004509,88.40023804,3.061933994,9849,14335,0.230025053024292
34.1990242,88.60112,3.062044621,9947,14552,0.22588729858398438
34.19769287,88.79962158,3.061684132,9931,14061,0.22591495513916016
34.19617844,89.0019455,3.062486649,10103,14363,0.22600555419921875
34.39889526,84.02578735,3.062763691,4446,7994,0.22495436668395996
34.40193939,84.19742584,3.062064171,4479,8088,0.23324823379516602
34.4013443,84.39797974,3.061588287,4418,8001,0.22658205032348633
34.40067291,84.59781647,3.061936378,4460,7785,0.2402200698852539
34.3993988,84.79920959,3.061892033,4454,7797,0.22310614585876465
34.39886475,84.99714661,3.061882019,4394,7634,0.22442126274108887
34.40216064,85.20053101,3.06203413,4420,7773,0.22608518600463867
34.40299225,85.40099335,3.061175346,4599,7757,0.2324540615081787
34.40233612,85.59873199,3.062772751,4559,7741,0.23345613479614258
34.39864731,85.79995728,3.062758923,4715,7716,0.22391843795776367
34.39836502,86.00165558,3.062868595,4788,7940,0.22500324249267578
34.39800262,86.20201874,3.063141346,5157,8327,0.2349543571472168
34.40176392,86.4016571,3.060645103,5631,8550,0.23279166221618652
34.39900208,86.60109711,3.061731815,6120,8726,0.2237255573272705
34.39871216,86.80102539,3.063103199,7340,9564,0.22886037826538086
34.40011597,86.99790192,3.061295509,8934,9725,0.22824311256408691
34.3978157,87.19968414,3.063466549,8234,9617,0.2266218662261963
34.39916992,87.4015274,3.061990261,8025,10153,0.22335267066955566
34.39779663,87.59998322,3.062486172,8364,11227,0.2262413501739502
34.40248108,87.8008728,3.062670231,8985,12283,0.23287272453308105
34.40097809,88.0014267,3.062701702,9315,13083,0.23694109916687012
34.40176392,88.20078278,3.06320715,9494,13833,0.23003506660461426
34.39793396,88.40079498,3.061191082,9770,14196,0.23708891868591309
34.40024567,88.60122681,3.06233263,9696,14250,0.22974514961242676
34.39825439,88.80235291,3.062437534,9607,14463,0.22529268264770508
34.40045547,89.00084686,3.06370163,9965,14318,0.22084498405456543
34.60033417,84.03932953,3.061642647,4664,8216,0.22938776016235352
34.59910965,84.19591522,3.062147617,4555,8198,0.21917390823364258
34.59915161,84.39402771,3.062021732,4622,8304,0.2274625301361084
34.60282898,84.59938049,3.062152386,4484,8038,0.2276320457458496
34.60243988,84.79997253,3.062320709,4459,8020,0.22659516334533691
34.60056305,84.99636841,3.062893391,4360,7991,0.21965932846069336
34.60033035,85.19709778,3.060811043,4570,7914,0.22662734985351562
34.60108948,85.39889526,3.06073904,4413,7936,0.2273702621459961
34.60006332,85.59947205,3.062459946,4522,7763,0.22735357284545898
34.59836578,85.79814911,3.062604427,4601,7569,0.22296524047851562
34.60100555,85.99922943,3.061107159,4612,7807,0.2263040542602539
34.59962463,86.19898987,3.0627141,4608,7672,0.2203660011291504
34.60050964,86.39806366,3.061833858,4915,7894,0.22587013244628906
34.59959412,86.59873962,3.061567783,5163,8296,0.22696208953857422
34.59913254,86.79927826,3.061481476,5722,8494,0.2284691333770752
34.60144806,86.99838257,3.062097073,6923,9322,0.22159934043884277
34.60019684,87.19953156,3.061738968,9877,9821,0.222642183303833
34.59947968,87.39926147,3.062790871,8781,9964,0.2281808853149414
34.60068893,87.59844971,3.061565399,7873,10231,0.22574758529663086
34.59915924,87.79705811,3.061233044,8300,10874,0.21905946731567383
34.59877014,88.00140381,3.061580181,8648,11881,0.2269582748413086
34.59938049,88.20264435,3.062214851,8872,12733,0.22738337516784668
34.59875488,88.39845276,3.061015606,9068,13200,0.22351932525634766
34.60166931,88.6000824,3.062754631,9620,13718,0.2264409065246582
34.59937286,88.79978943,3.061966896,9763,14376,0.2221541404724121
34.60358429,89.00183868,3.06190443,9870,14440,0.22754192352294922
34.79727173,84.04343414,3.063530922,5023,8881,0.22298002243041992
34.79985809,84.1946106,3.061504841,4802,8710,0.22806763648986816
34.80265808,84.39552307,3.062281132,4662,8598,0.23236942291259766
34.801754,84.5960083,3.061643124,4517,8369,0.22372174263000488
34.79954147,84.79681396,3.061117172,4499,8036,0.22724485397338867
34.7980957,84.99822998,3.060189247,4484,8060,0.22646212577819824
34.80033875,85.19750977,3.062491894,4371,7909,0.22399616241455078
34.80117416,85.3970108,3.061800957,4528,7861,0.22540974617004395
34.79746628,85.59809113,3.060832024,4520,7790,0.22502803802490234
34.79832458,85.80020142,3.061163425,4373,7775,0.23518657684326172
34.79894257,86.00039673,3.061810493,4473,7666,0.22989296913146973
34.80174255,86.2009201,3.063090324,4486,7692,0.22696924209594727
34.80247498,86.39729309,3.063148975,4478,7719,0.2274324893951416
34.8009491,86.59903717,3.061980724,4812,7718,0.23844218254089355
34.79686737,86.80070496,3.062320232,5125,8063,0.22400760650634766
34.79684448,87.00054932,3.06183815,5687,8714,0.22660112380981445
34.79995346,87.20214844,3.061851501,6200,8963,0.2221834659576416
34.80191803,87.40345001,3.062178612,7561,9384,0.23707270622253418
34.80166245,87.60144043,3.061218739,9217,10127,0.2302238941192627
34.79778671,87.80278015,3.062753677,8635,9836,0.22748661041259766
34.79879379,88.0003891,3.061717987,8116,10386,0.23208117485046387
34.7993927,88.20084381,3.062220097,8228,10694,0.22417283058166504
34.80459976,88.39767456,3.062443256,8785,11844,0.22326946258544922
34.80102921,88.59945679,3.062188148,8818,12496,0.22762417793273926
34.80078888,88.8021698,3.062228203,9306,13169,0.2265000343322754
34.79618454,88.99932861,3.062165737,9535,13809,0.22864103317260742
34.99980927,84.02154541,3.062016964,5996,11014,0.22842669486999512
35.00185776,84.19396973,3.062264442,5215,9656,0.22546839714050293
35.00067139,84.39792633,3.06167078,5098,8910,0.2294325828552246
35.00053406,84.59940338,3.061368942,4642,8748,0.22811579704284668
34.99835205,84.79649353,3.06259346,4554,8464,0.22624754905700684
35.00135803,84.99840546,3.06167078,4610,8160,0.22344207763671875
35.00227356,85.19810486,3.062627792,4493,7969,0.2267777919769287
35.00092316,85.39630127,3.060258865,4450,7840,0.21924877166748047
35.00147247,85.5996933,3.062036037,4347,7705,0.2265636920928955
34.99988556,85.7986908,3.062298775,4338,7791,0.2348649501800537
35.00170517,85.9988327,3.061610699,4360,7520,0.22593140602111816
34.99988556,86.19944763,3.06128931,4439,7669,0.22655534744262695
34.99824524,86.3992157,3.060400486,4389,7548,0.22048068046569824
35.00145721,86.59662628,3.062503338,4487,7651,0.227372407913208
35.0011673,86.80097198,3.062835217,4671,7514,0.22705388069152832
35.0013504,87.00253296,3.061534882,4864,7886,0.22887945175170898
34.99826813,87.20101929,3.061130047,5197,8160,0.22956156730651855
34.99507904,87.40307617,3.062650681,5630,8586,0.22828459739685059
34.99864197,87.60009003,3.062503815,6356,9141,0.22704339027404785
35.00098419,87.79995728,3.06268549,8345,9619,0.2289743423461914
35.00334167,87.99812317,3.061177731,8896,9885,0.2301170825958252
35.00616455,88.20085144,3.061544895,7990,9975,0.22621536254882812
35.00035858,88.39800262,3.062634945,8082,10548,0.2227330207824707
34.99867249,88.60082245,3.062616348,8295,11046,0.22821807861328125
35.00241852,88.80408478,3.062478542,8847,12380,0.23238301277160645
35.00002289,89.00177002,3.061921597,9237,13265,0.22278881072998047
